64          744588888888888888888888888886666888888866666666666665666666666666666666666666666666668666666666668888866886
5777        777745888888888888888888888888666688888866666688888888688888888888888888888888888888866688888886666666666666
7777777       7777568888888888888888888888888888888888888888888888888888888888888888888886666666665666666666566666666666
445555555455666666666666666666666666666666668888888888888888888888885688888888888888888888888888868866666664566666666666
666666666666666655555566888688866888888888888888888866666666668888886468888888888888888888888888888888888646888888888888
6655555444445547  777568888888886668888888888888888886666666666888888648888888888888888888888888888888885768888888888888
555474444444666664447568888888888886668888888888888886666666666888888855888888888888888888888888888888844888888888888888
 4 75444457756666666568888888888888888868888888888886554444444455554447 777774556888888888888888866866746668666886888888
 7  7  7466888888888888888888888886688886688888654477777777777777777777777        74565455565656666656666666556855666666
 7  7    7 568888868888888855666655744455556547777777777774444444444747777777777777   7445686666888866856686566655565555
 7  7    7 4588666668888886558667 4557744777777777747777777744444474777777777777777777   7566888886888886666566555565555
 7  7    7 448866668888888656864   7577777777777777777777777777777777777777777777777777777777456666888886668888866666666
 7  7  7 7 4488866888888886688657  7777777777777777777777777777777777 777777777777777777777    7588888888888888866888886
 7  7  7 7 44888668888888666664777 7777777777777777777777777777777777777777777777747777777777    75666666666666666666665
    7  7 7 44886688888886666547   777777777777777777777777777777777777777777777777774444477777     756666545554444454447
    7  7 7 4766668888888666547  7777777777444447777777777777777777777777777777777777744444777777    75688555566666666667
  7 7  7 7 4 6568888886665477  7777777744444447777777777777777777777777777777777474774444447777777    456888888888888885
  7 7  7 7 4 558888888654777  777777774444444447777777777447777777777777774777774447474444477777777   774568888888888886
  7 7  7 7 7 56888866577777  77777777477444444444777777474477777747777777774777744444744444477777777   77444688888888886
  7 7  7 7 7756888666477777 7777777777744444444744447477747777777447777777774447444444444447777777777  74444568888888886
  7 7  7 7 775888866544744777777777777744444444444447777444777777444477777744444444445555555477777777  74444456888888886
  7    7   7768886654444477777777777774455666655444444744447747744444474777444444455566666655547777777 74444444668888888
  7  7 7   7568886547744477777777774445566888866655444444474777444444444777444555566668656686554777777 74544447468888888
  7  7 7  77688865447445477777777744456888866886666554444444444444444444474444555566686655568865447777774554444746888888
  7  7 7  77688854444455577777777444568865686866866655544444444444444444444744555566668665688686554777775554444475688888
7 7  7 7  45888644444555577777777456688886688888866555544444444444444444447774445556666666886666664777775555544444568888
7 7  7 7  76888544555556547777774566888888888888666555444444444444444444444444444455666666666554454777775655555444468888
7 77 4744768886555555666647777774456556666666666666554444444444444444444444444444445565555554444477777775655555444456888
544474  7 68886655556666647777774445544555555556665544444444444444444444444444444445555544444777777777774666655544568888
7  7 7  7 68886555556666647777744474474444445556655444744444444444444444444444444444555544477777777777777565555555556888
4  7 7  7 68886555556666547777744477777744444556554444444444445555555555555544444444445544777777777777777465555554556888
7  7 7  7788886555555666547777744444477777444555544444444455666666688866666666544444444447777777777777777455555555555568
544545774588886555555666477777777774447777444454444444445666666686668666666666666474444447777777777777777755555555556688
886666666666866555556685477777777774444777774444444444456666666666666666666666666677774444777777777777777746655555556888
888888888888888555555685447777777777744774774444444444456666666666666666666666666657777444744777777  7 77775655555456888
88888888888888865555568547777777777777777777444744444456666666666666666666666666665777777777477777   7 77775655555456888
88888888888888865555668547777777777777747777747777445556666666888666666668886666666447777777777777      7745655555556888
88888888888888855555568447777777777777444777477744445556666666888866666688866666666447777777777777      7745655555556688
88888888888888545555568547777777777777477777777744445566666666888866666688886655666547777777777777      7745655555555688
8888888888888845555556854777  7777777477777777744444556666666888886666666888886666654777777777777       7745655555545688
8888888888888644455556854477 77777777777777777774444455666888888666666666666666666544474777777777       7445555544555688
8888888888888644455556654777 77 7777777777777777444445566666666666666666665666666554447777777777        7445555544555688
88888888888885544555566544477777777777777777777744444555666666666666666666666665554444777777777         7445555545545688
8888888888886444555555665447777777777777777777744444555556666666666666666666665555444777777777          7455555444555688
8888888888885544555555666547777777777777777477744444455555666666666666666666555555444777777777          7566555555556688
8888888888885544555555888647777777777777777774744444445555555666666666666665555544444777777            74666555555556888
8888888888885544555555688647777777777777777777747474445555555666666666666555555554447777777            76665555555556888
888888888886444555556568865477777777777777777777747444455555666666555666655555555444777777            756665555555556888
888888888886445555555668657647777777777777777777777744445555556665555556555555554444777777           7466665545555566888
88888888888645555555565867756477777777777777777747474445555555555555555555555555444477777             756655554555566888
888888888888555555555656574465477777777777477777777744445555555555566665555555444447777   7        77  56655555555566688
888888888888855555555556474558544777777777447477777777444555555556666666655554444477777  77      777   45655555554666688
88888888888886545555566574454685444777777745547777747744455555566666666666655444447777   7      7477    5555555544666668
88888888888888865555556574454466554477777745664774444444555556666666666666655544477777  77    74447     7444555545666668
8888888888888888886555654455445864444777774566644444444455566666666666655555554477777 7747   744477     7444455545666666
888888888888888888655566545545568665447777456666554444455566666666665555555554444 74444447  744447      7444455444666666
888888888888888888855556545544556656544447746666685745555555555566655555555554447 7544447 7444477        444444444566666
88888888888888888885555654455455565454544444566666674455555555555655555555444444  4544447774447  7       744444444566666
8888888888888888888555565445545555555454444446666664444555555555565555555444444474444447  747   77        74444477566666
888888888888888888865555444555555555555544444566668644455555555555555555444444444454444  747   7           7744777556666
888888888888888888864555774555455556555545444456668544555555555555555554444444444744447  7777                77774555556
888888888888888888885444774455545555566644547456666444555555555554455544444444444774447 7777                 77745555555
88888888888888888888885447444555555556665555444666644444444444444445544444444447777747 777                   74454444455
888888888888888888888844477445555555566666554745666444444444444444445444444447777777777777                   74444445556
88888888888888888888884447774455545545666664477456644444444444444444544444447777777777777                     7444444445
88888888888888888888884447777445554445556665477745654444444444444444444444477777777  7777                     7744444445
8888888888888888888886447777744455544455556657  74564444444444444444444444777777777 7777                      7744444445
88888888888888888888864477777774555444445566577  755544444444444444444444777777777  7777                       777444445
888888888888888888888547777777774555444445566777 7455444444444444444444777777777777 77                         777774445
888888888888888888888544777777777445444444556577  7455544444444444444477777777777 7 77                         777744445
88888888888888888888854477777777774554444455557747 74555444444444444444777777777 7 77                          777774445
88888888888888888888854477777777777444544445544 4777745544444444444444777777777                                777777445
888888888888888888888544777777777777444554444454554477455474444444444477777777    7                             77777445
88888888888888888888854447777777777777455544445554554477454474444444777777777    7                                  7774
888888888888888888888644477777777777777455544445455564774774447777777777777    77                                       
88888888888888888888864744777777777777774555455555555554447774447777777777     7                                        
888888888888888888888847774777777777777774555555555555544777777777777777                                                
88888888888888888888885777777777777777777745555554555555447777777777777       7                                         
888888888888888888888857777747777777777777445555544455555544477777777777   7 7                                          
888888888888888888888884777777777777777777744554554445555545547777777777  7777                                          
88888888888888888888888577777777777777777777745545545555555555447777777  7777                                     777  7
8888888888888888888888867777774777777777777777454555445555555555447777   777                                     7777474
8888888888888888888888884777774477777777 7777774555444445555444554447   7777                                         7 7
8888888888888888888888886477774477777777 777777455544444554444444477   77777                                     77 77 7
88888888888888888888888885777774777777777777  745554444444444447 777   774777                                 7774444447
888888888888888888888888864777774777777777    7444444444444444477 747  777777                                77777444474
88888888888888888888888888647777447777777    7444444444444444447747777744777                                777744444445
888888888888888888888888888577744777777     74455444444444444444777777   77                                 774444444455
88888888888888888888888888864774477777    7774445555444444444447   77777                                     77444444455
88888888888888888888888888884774477777     7444444444444444447     7747777                                   77744444555
888888888888888888888888888654777777777 777774444444444444777      777777777                               7777777745556
88888888888888888888888888854477777777777777744444447777777       777777 7                                  777777745556
888888888888888888888888886544477777777777777774444477 747       777777  7                                   7 777775556
888888888888888888888888885444447777777777777777444744444       77777    7                                     777774556
88888888888888888888888886444444477777777777777744477444777    777777    7                                       7777456
88888888888888888888888885444444777777777777777774447777777777777777    77                                         77756
88888888888888888888888885444444777777777777777777744477 777777777      77                                         77756
888888888888888888888888644444444777777777777777777777477777774777      777                                          756
888888888888888888888888654444444477777777777777777777777777747447      74                                           756
88888888888888888888888865444444447777777777777             777477      77                                           756
88888888888888888888888865444444444777 777777                    7      7                                            758
88888888888888888888888886554447744477   77                             7                               7            758
88888888888888888888888886665444744477                                  47         7                    7            758
88888888888888888888888888886654444477                                  7          7                   777           758
88888888888888888888888888888886654477                                  44777     77                                7458
88888888888888888888888888888886665477                77                4544     777                               74458
88888888888888888888888888886666666477                 7                5557     77                               744458
