7774477777777777777777774444444444477777777777777                                        777777    455555555555555554444
7777777777777777777777774444444444447777777777777                                        777777    455555555555555544444
77777777777777777777777744444444444477777777777777                                      7777777    455555555555555444444
777777777777777777777777444444444444777777777777777                                     7777777    455555555555554444444
777777777777777777777777444444444444477777777777777                                     7777777    455555555555554444444
7777777777777777777777744444444444444777777777777777                                   77777777    455555555555544444444
 7777777777777777777774444444444444447777777777777777                                7777777777    455555555555554444444
 777777777777777777777744444444444444777777777777777777              777777        777777777777    455555555555544444444
  77777777777777777777744444444444444477777777777777777             77777777    777777777777777    555555555555444444444
   77777777777777777777744444444444444777777777777777777         77777777777777777777777777777     555555555555444444444
   777777777777777777774444444444444447777777777777777777        777777777777777777777777777777    555555555554444444444
    77777777777777777777444444444444447777777777777744777777    77777777777777777777777777777777 77555555555554444444444
    77777777777777777777444444444444444777777      7445444           77777777               7777774555555555544444444444
     77777777777777777774444444444444477 77        44545665        77747777777777777744777777777746555555555544444444444
      7777777777777777774444444444444447 7         7555556667       7754777777777745888888888665556665554555544444444444
      7777777777777777774444444444444477 7          46555566577444477747777777745688888888888888888886554555544444444444
       777777777777777777444444444444477 7          75655556655555564444444444688888888668888888888886544555444444444444
       777777777777777777444444444444477 7          74565554555555555644444458888888884444444447756555555555444444444444
        77777777777777777744444444444777 7           7566655444555545586544688888888854444477777756555555555444444444444
         7777777777777777744444444444777 77            75886555555444888888888888888644444444777756555555555444444444444
         7777777777777777744444444444777  7              688865555446888888888888886444444444447756555555555444444444444
          777777777777777777444444444777  7              568865555546888888888888857777774744444466555555555444444444444
           777777777777777774444444447777 7                47     774588888888888854777774774444466555555555444444444444
           777777777777777774444444477777 7                            6888888888888854774777774466555555555444444444444
            77777777777777774444444477777 7                             588888888888888647 77777765555555554444444444444
            77777777777777774444444477777 7                              468888888888888864  777765555555555444444444444
             7777777777777777444444477777                                  745555688888888857 77765555555555544444444444
              777777777777774444444477777777                                       4568888885 77745555555555444444444444
              77777777777777444444444777777777777777                                   488887    75555555555544444444444
               777777777777744444444477777777777777777     777                        7688867    75555555555544444444444
                7777777777774444444444447777777777777777777777                       75888857    75555555555555444444444
                7777777777774444444444477777777777777777777777777777777777    7 7777776888847    45555555555554444444444
                 7777777777444444444477777777777777777777777777777777777777777777777776888877777745555555555554444444444
                 7777777777444444477777777777777777777777777777777777777777777777777776888544777745555555555555444444444
                  777777774444447777777777777777777777777777777777777777777777777777776888444777745565555555555444444444
                   77777774447777777777777777777777777777777777777777777777777777777776888444444456666666555555544444444
                   77777744777777777777777777777777777777777777777777777777777777777775888444555666666666665555544444444
                    7777477777777777777777777777777777777777777777777777777777777777774455544455566666666665555554444444
                 7  7777777777777777777777777777777777777777777777777777777777777777774444555564465566666655555554444444
              777777 777777777777777777777777777777777777777777777777777777777777777774454444565555566666655555554444444
             77777777777777777777 7 777777777777777777777777777777777777777777777777777777444555555466666655555555444444
            7777777777777777         77777777777777777777777777777777777777777777777777777774455565688886665555555554444
