777447777777777777777777744444444447777777777777                                         7 7777    455555555555555554444
7777777777777777777777774444444444447777777777777                                        777777    455555555555555444444
7777777777777777777777777444444444447777777777777                                        777777    455555555555554444444
77777777777777777777777744444444444477777777777777                                       777777    455555555555554444444
77777777777777777777777744444444444447777777777777                                      7777777    455555555555554444444
777777777777777777777774444444444444477777777777777                                     7777777    455555555555544444444
 777777777777777777777744444444444444777777777777777                                    7777777    455555555555544444444
 7777777777777777777777444444444444447777777777777                                      7777777    555555555555544444444
  777777777777777777777744444444444447777777777777                 777777    7777      77777777    555555555555444444444
   77777777777777777777744444444444447777777777777   7           77777777777777777      777777     555555555555544444444
   7777777777777777777774444444444444477777777777               777777777777777777777777777777     555555555554444444444
    77777777777777777777444444444444447777777774444777          7777777777777777777777777777777  77555555555554444444444
    7777777777777777777744444444444444777777  77445554            7777777777                7777774555555555544444444444
     77777777777777777777444444444444477       445445654         7777777777777777777777777777777746655555555554444444444
      7777777777777777777444444444444477 7      555555665        777775477   7777774565555555554446666554555544444444444
      7777777777777777777444444444444477 7      756555566555555547777747777777456888888888888888888886554555544444444444
       777777777777777777744444444444777 7       45655555555555555544444444568888888888888888888888886544555554444444444
        77777777777777777774444444444777 7       74566554445555555665444456888888888865455566554456665555555554444444444
        77777777777777777774444444444777 7        7566665545555444688865688888888888544444777777756555555555544444444444
         7777777777777777777444444447777             4688865555445888888888888888864444444777777756555555555444444444444
         7777777777777777777444444447777              488866655446888888888888888544444444777777756555555555444444444444
          777777777777777777744444447777                684 777445888888888888857777777774747777756555555555544444444444
           77777777777777777744444447777                           46888888888857777777774777777766555555555444444444444
           77777777777777777744444447777                            768888888888857 777774777777765555555555544444444444
            7777777777777777744444447777                             788888888888867   777777777765555555555554444444444
            77777777777777777444444477777                              46888888888885       7777765555555555544444444444
             7777777777777777444444477777                                   4688888886         7765555555555554444444444
              77777777777777744444447777777                                   758888886  7777   745555555555554444444444
              777777777777777444444477777777777                                  4688887         75555555555554444444444
               7777777777777444444447777777777777777                              78888777777    75555555555555444444444
                777777777777444444444447777777777777777                           78888477777    45555555555555444444444
                77777777777744444444444777777777777777777777777777777777          48888577777    45555555555555544444444
                 7777777777744444444477777777777777777777777777777777777777777777748888677777777745555555555555444444444
                  777777777444444477777777777777777777777777777777777777777777777776888644444777745555555555555544444444
                  777777777444447777777777777777777777777777777777777777777777777774888874444777445665655555555544444444
                   77777774447777777777777777777777777777777777777777777777777777777588844444444456666666655555554444444
                   77777744777777777777777777777777777777777777777777777777777777777488854444555666666666665555554444444
                    7777477777777777777777777777777777777777777777777777777777777777758864444555566666666665555555444444
                     777777777777777777777777777777777777777777777777777777777777777774455555564565566666655555555544444
                7777 777777777777777777777777777777777777777777777777777777777777777774445554564565566666655555555544444
               7777777777777777       777777777777777777 7   77777777777777777777777777454444555565466666655555555544444
              777777777777             77777777777777         7777777777777777777777777777774455566688886665555555554444
