77744777777777777777777774444444444777777777777                                           77777    455555555555554444444
7777777777777777777777774444444444447777777777777                                        777777    455555555555554444444
7777777777777777777777777444444444447777777777777                                        777777    455555555555554444444
7777777777777777777777774444444444447777777777777                                        777777    455555555555544444444
77777777777777777777777744444444444447777777777777                                      7777777    455555555555444444444
777777777777777777777777444444444444477777777777777                                     7777777    455555555555444444444
 77777777777777777777777444444444444477777777777777                                   777777777    455555555555544444444
 7777777777777777777777744444444444447777777777777                                 777777777777    455555555555444444444
  77777777777777777777774444444444444777777777777                     77777       7777777777777    555555555554444444444
   7777777777777777777777444444444444777777777777                   777777777777777777777777777    555555555554444444444
   7777777777777777777777444444444444777777777777                 77777777777777777777777777777   7555555555554444444444
    777777777777777777777444444444444777777777777   77477         777777777777777777777777777777777555555555544444444444
    7777777777777777777777444444444444777777         74457             77777                7777774555555555544444444444
     77777777777777777777444444444444477             4454554         777777777777777688666665447746565555555544444444444
      7777777777777777777444444444444777 7           455545657       754777777777758888888888888666666554555544444444444
      7777777777777777777744444444444777 7           4565555667  7777747777777775888888888888888888886554555544444444444
       777777777777777777774444444444777 7           7556555566555555544444444468888888545666666668886544555544444444444
        77777777777777777777444444444777 7             45655544555555555544444688888886444444477756655555555544444444444
        77777777777777777777444444447777 7             45665554445555555665446888888885444444447756555555555444444444444
         7777777777777777777444444447777                7668665445555445888868888888884444444444456555555555444444444444
         7777777777777777777744444447777                   5888655554748888888888888854444444444466555555555444444444444
          777777777777777777744444447777                   7888666554458888888888888677444744444466555555555444444444444
           77777777777777777744444447777                     657  744458888888888888647774774444466555555555444444444444
           77777777777777777744444447777                                468888888888888654 77774466555555555544444444444
            7777777777777777744444447777                                  5888888888888888577777766555555555444444444444
            77777777777777774444444477777                                  468888888888888886477765555555555544444444444
             7777777777777777444444477777                                    4568666888888888857765555555555544444444444
              77777777777777744444447777777                                          45688888885745555555555544444444444
              777777777777777444444477777777777                                          7688884 75555555555554444444444
               777777777777744444444777777777777777                                     7588885  75555555555555444444444
                777777777777744444444447777777777777777                               77588888   45555555555555444444444
                77777777777744444444444777777777777777777777777777777777           77777888884   45555555555554444444444
                 7777777777744444444477777777777777777777777777777777777777777777777777488886777745555555555555444444444
                  777777777444444477777777777777777777777777777777777777777777777777777588864777745555555555555444444444
                  777777777444477777777777777777777777777777777777777777777777777777777688844777745565655555555544444444
                   77777774447777777777777777777777777777777777777777777777777777777774888644444456666666655555554444444
                   77777744777777777777777777777777777777777777777777777777777777777774566544455666666666665555554444444
                    7777477777777777777777777777777777777777777777777777777777777777774445554555566666666665555554444444
                     777777777777777777777777777777777777777777777777777777777777777774445545564465566666655555555444444
                7777 777777777777777777777777777777777777777777777777777777777777777777777444554555566666655555555444444
               777777777777777       77777777777777777 7     77777777777777777777777777777774555555466666655555555544444
              77777777777                  77 7777 7         77777777777777777777777777777774455565688866665555555554444
