7774477777777777777777744444444444447777777777777                                       7777777    455555555555554444444
77777777777777777777777444444444444477777777777777                                      7777777    455555555555544444444
777777777777777777777774444444444444477777777777777                                     7777777    455555555555544444444
7777777777777777777777774444444444444777777777777777                                   77777777    455555555555444444444
77777777777777777777777444444444444447777777777777777                                  77777777    455555555555444444444
7777777777777777777777744444444444444777777777777777777                                77777777    455555555555444444444
 7777777777777777777774444444444444444777777777777777777                               77777777    455555555554444444444
 7777777777777777777774444444444444444777777777777777777                         77777777777777    455555555554444444444
  777777777777777777777444444444444444777777777777777777                     777777777777777777    555555555544444444444
   777777777777777777774444444444444447777777777777777777            777    7777777777777777777    555555555554444444444
   777777777777777777774444444444444444777777777777777777          7777777777777777777777777777  77555555555544444444444
    7777777777777777777744444444444444477777777777777777777       777777777777777777777777777777777555555555444444444444
    777777777777777777774444444444444447777777               4447                    74444477777774555555555444444444444
     77777777777777777774444444444444477 77                  74554    7    777777777588888888665446555555555444444444444
      7777777777777777774444444444444447 7                   445454   57      777774888888888888888666554555444444444444
      7777777777777777774444444444444477 7                  656555564     7777777776888886888888888888554555444444444444
       777777777777777777444444444444477 7                  665655556444444447444448888886445555568886444555444444444444
       777777777777777777444444444444477 7                  765654555665555555444458888888644444456655555554444444444444
        7777777777777777774444444444447777                   44566555455555555554458888888854444456655555554444444444444
         7777777777777777744444444444777777                  74566655444555555568668888888864444466655555555444444444444
         77777777777777777744444444447777 7                    756886654555544468888888888884444466655555555444444444444
          7777777777777777744444444447777 7                       768886555544588888888888884444466655555555444444444444
           777777777777777744444444447777 7                        58865555444688888888888884774466655555555444444444444
           777777777777777744444444447777 7                         54     747568888888888888864765565555555444444444444
            77777777777777744444444447777 7                                     4688888888888888885566555555444444444444
            77777777777777744444444447777 7                                       46888888888888888666655555544444444444
             7777777777777774444444447777                                           588888888888888888665555554444444444
              777777777777744444444447777777                                          7444445688888888865555554444444444
              7777777777777444444444477777777777777777      7                                 75688888886555554444444444
               777777777777444444444477777777777777777777777777                      77777777 75888888865555555444444444
                77777777777444444444444477777777777777777777777                   77777777777588888886655555555444444444
                77777777777444444444444477777777777777777777777777777777777777777777777777776888888655555555554444444444
                 7777777777444444444477777777777777777777777777777777777777777777777777777468888665555555555555444444444
                 7777777777444444447777777777777777777777777777777777777777777777777777745888864745555555555555444444444
                  777777774444447777777777777777777777777777777777777777777777777777777445686477745566655555555544444444
                   77777744444777777777777777777777777777777777777777777777777777777774444564444456666866655555554444444
                   77777444777777777777777777777777777777777777777777777777777777777777444455555666666666665555554444444
                    7777477777777777777777777777777777777777777777777777777777777777777774445565566666666665555554444444
               777  7774777777777777777777777777777777777777777777777777777777777777777777444565465566666665555555444444
              777777 777777777777777777777777777777777777777777777777777777777777777777777444555565566666655555555444444
            777777777777777777777777777777777777777777777777777777777777777777777777777777444555565466666655555555544444
            77777777777777777       777777777777777777777777777777777777777777777777777777744455565688886665555555554444
