7774477777777777777777744444444444447777777777777                                       7777777    455555555555544444444
77777777777777777777777444444444444477777777777777                                      7777777    455555555555544444444
777777777777777777777774444444444444477777777777777                                     7777777    455555555555544444444
7777777777777777777777774444444444444777777777777777                                   77777777    455555555555444444444
77777777777777777777777444444444444447777777777777777                                  77777777    455555555555444444444
7777777777777777777777744444444444444777777777777777777                                77777777    455555555555444444444
 7777777777777777777774444444444444444777777777777777777                               77777777    455555555554444444444
 7777777777777777777777444444444444444777777777777777777                         77777777777777    455555555554444444444
  777777777777777777777444444444444444777777777777777777                      77777777777777777    555555555544444444444
   777777777777777777777444444444444447777777777777777777             77    7777777777777777777    555555555554444444444
   777777777777777777774444444444444444777777777777777777          7777777777777777777777777777  77555555555544444444444
    7777777777777777777744444444444444477777777777777777777       777777777777777777777777777777777555555555444444444444
    777777777777777777774444444444444447777777               7447                    74444477777774555555555444444444444
     77777777777777777774444444444444477 77                  74454    7     77777777588888888665446555555555444444444444
      7777777777777777774444444444444447 7                   445555   57       77774888888888888888666554555444444444444
      7777777777777777774444444444444477 7                  556555565      777777775888888888888888888554555444444444444
       777777777777777777444444444444477 7                  565655556544444447444448888888445555568886444555444444444444
       777777777777777777444444444444477 7                   65565555665555555444448888888644444456655555554444444444444
        7777777777777777774444444444477777                    4456555445555555554458888888864444456655555554444444444444
         7777777777777777744444444444777777                   4466655444455555556658888888884444466655555555444444444444
         77777777777777777744444444447777 7                    756686654455554458888888888885444466655555555444444444444
          7777777777777777744444444447777 7                       768886554547488888888888885444466655555555444444444444
           777777777777777744444444447777 7                        48886655444588888888888884774466655555555444444444444
           777777777777777744444444447777 7                         457    744568888888888888865465565555555444444444444
            77777777777777774444444447777 7                                     7588888888888888886566555555444444444444
            77777777777777744444444447777 7                                       76888888888888888866655555544444444444
             7777777777777774444444447777                                           468888888888888888665555554444444444
              777777777777744444444447777777                                          7444445688888888886555554444444444
              7777777777777444444444477777777777777777      7                                 75688888886555554444444444
               77777777777744444444447777777777777777777777777                        7777 7   4688888865555555444444444
                7777777777744444444444447777777777777777777777                     7777777777488888886655555555444444444
                77777777777444444444444477777777777777777777777777777777777777777777777777775888888666555555554444444444
                 7777777777444444444477777777777777777777777777777777777777777777777777777468888865555555555555444444444
                 7777777777444444447777777777777777777777777777777777777777777777777777775888864745555555555555444444444
                  777777774444447777777777777777777777777777777777777777777777777777777444686477745566655555555544444444
                   77777744444777777777777777777777777777777777777777777777777777777774444564444456666866655555554444444
                   77777744777777777777777777777777777777777777777777777777777777777777444455555666666666665555554444444
                    7777477777777777777777777777777777777777777777777777777777777777777774445565566666666665555554444444
               777  7777777777777777777777777777777777777777777777777777777777777777777777444565465566666665555555444444
              777777 777777777777777777777777777777777777777777777777777777777777777777777444555565566666655555555444444
             77777777777777777777777777777777777777777777777777777777777777777777777777777444555565466666655555555544444
            77777777777777777        77777777777777777777777777777777777777777777777777777744455566688886665555555554444
