777447777777777777777777444444444447777777777777                                          77777    455555555555555554444
7777777777777777777777774444444444447777777777777                                        777777    455555555555555544444
77777777777777777777777744444444444477777777777777                                       777777    455555555555555444444
77777777777777777777777744444444444477777777777777                                       777777    455555555555554444444
777777777777777777777777444444444444477777777777777                                     7777777    455555555555554444444
7777777777777777777777744444444444444777777777777777                                    7777777    455555555555544444444
 777777777777777777777744444444444444777777777777777                                    7777777    455555555555554444444
 777777777777777777777744444444444444777777777777777              77                    7777777    455555555555544444444
  777777777777777777777744444444444447777777777777777            777777777 777          7777777    555555555555444444444
   7777777777777777777774444444444444477777777777777777         7777777777777777        777777     555555555554444444444
   7777777777777777777744444444444444477777777447777777    7   7777777777777777777777777777777     555555555554444444444
    777777777777777777774444444444444477777777445477777777777  77777777777777777777777777777777   7555555555554444444444
    7777777777777777777744444444444444777777 745456657          777777777777                 777777555555555544444444444
     77777777777777777774444444444444477     7555555665        777777747777777777777777777777777746555555555544444444444
      7777777777777777774444444444444477 7    7665556664777447 777777754777777777777777777777777746555554555544444444444
      7777777777777777774444444444444477 7     4565555565555555444477747777774555566886666888888668886554555544444444444
       777777777777777777444444444444477 7     7556555445555555555544444456688888888888888888888888886544555544444444444
        77777777777777777744444444444477 7      456666544455554458886656888888888888886688888866566665555555444444444444
        77777777777777777744444444444777 7       75688665555554488888888888888888886544744444777756555555555444444444444
         7777777777777777774444444444777 7          48888655544588888888888888888647777774777777756555555555444444444444
         7777777777777777777444444447777  7          5688555555688888888888888654777777774777777756555555555444444444444
          777777777777777777444444447777  7           457       74688888888864777777777774777777755555555555444444444444
           77777777777777777444444447777  7                       488888888884  7777777774777777755555555555444444444444
           777777777777777774444444477777 7                        688888888887      77777 77777755555555555444444444444
            77777777777777774444444477777 7                         46888888888        777   777755555555554444444444444
            77777777777777774444444477777 7                            468888885               7765555555555444444444444
             7777777777777777444444477777                                68888887                65555555555544444444444
              77777777777777744444447777777                               5888885        777   7745555555555444444444444
              7777777777777744444444777777777777                           7688887               75555555555544444444444
               77777777777774444444447777777777777777                       768885 7777777777    75555555555544444444444
                77777777777744444444444477777777777777777  777               4888677777777777    45555555555555444444444
                777777777777444444444447777777777777777777777777777777777    7688867777777777    45555555555554444444444
                 7777777777444444444477777777777777777777777777777777777777777588886777777777777745555555555555444444444
                  777777777444444477777777777777777777777777777777777777777777758888574444444777745555555555555444444444
                  777777774444447777777777777777777777777777777777777777777777775888857774444777745555555555555544444444
                   77777774447777777777777777777777777777777777777777777777777777468885774444444456666666555555544444444
                   77777744777777777777777777777777777777777777777777777777777777746888574444555666666666665555544444444
                    7777477777777777777777777777777777777777777777777777777777777777586654444455566666666665555554444444
                    7777777777777777777777777777777777777777777777777777777777777777744444555564555566666655555554444444
               77777 777777777777777777777777777777777777777777777777777777777777777774445544564555566666655555555444444
              777777777777777777    777777777777777777777777777777777777777777777777777444744555565466666655555555544444
              7777777777777            7777777777777777777  777777777777777777777777777777777455566688886665555555554444
