77744777777777777777777744444444444477777777777777                                      7777777    455555555555555554444
777777777777777777777774444444444444777777777777777                                     7777777    455555555555555554444
777777777777777777777774444444444444477777777777777                                    77777777    455555555555555544444
777777777777777777777744444444444444477777777777777                                    77777777    455555555555555544444
77777777777777777777777444444444444447777777777777777                                  77777777    455555555555555544444
777777777777777777777744444444444444447777777777777777                                 77777777    455555555555555554444
 7777777777777777777774444444444444444777777777777777777                               77777777    455555555555555455444
 77777777777777777777774444444444444447777777777777777777                             777777777    455555555555555444444
  7777777777777777777774444444444444447777777777777777777             77777 777777  77777777777    555555555555554444444
   7777777777777777777744444444444444477777777777777777777          777777777777777777777777777   7555555555555554444444
   777777777777777777774444444444444444777777777777777777777      77777777777777777777777777777  77555555555555545444444
    77777777777777777777444444444444444777777777777777777777     7777777777777777777777777777777777555555555555544444444
    777777777777777777774444444444444447777777           744                7777     74477777777774555555555555444444444
     77777777777777777774444444444444447 777             745554       77777777777777688888886654446566555555555444444444
      7777777777777777774444444444444447 7               44555657     54  7777777776888888888888868666554555554444444444
      7777777777777777744444444444444447 7               555555667    77777777777488888868888888888886554555554444444444
       777777777777777774444444444444477 7               656555665444555447444444888888844455555568886444555554444444444
       777777777777777777444444444444477 7                56555566555555554444446888888854444444456555555555554444444444
        7777777777777777744444444444447777                45665555555555556554458888888854444444456555555555544444444444
         7777777777777777744444444444477777               75666654445555445888888888888854444444456555555555544444444444
         77777777777777777444444444447777 7                 756866555555446888888888888844444444466555555555444444444444
          7777777777777777744444444447777 7                   5888665554448888888888888674744444466555555555544444444444
           777777777777777744444444447777 7                   4688544455558888888888888644777744466555555555444444444444
           777777777777777744444444447777 7                     47        7468888888888888657777766555555555544444444444
            77777777777777744444444447777 7                                  5888888888888888647765555555555554444444444
            77777777777777744444444447777 7                                   468888888888888886465555555555544444444444
             7777777777777744444444447777                                       4688888888888888886556555555554444444444
              777777777777744444444447777777                                           745888888888555555555555444444444
              7777777777777444444444477777777777777777                                     74688888555555555554444444444
               777777777777444444444477777777777777777777  7777                      77777776888885555555555555444444444
                77777777777444444444444477777777777777777777777                    7777777488888645555555555555544444444
                777777777774444444444444777777777777777777777777777777777777  7 7777777777688888745555555555555544444444
                 7777777777444444444477777777777777777777777777777777777777777777777777775888867745555555555555444444444
                 7777777777444444477777777777777777777777777777777777777777777777777777748888577745555555555555444444444
                  777777774444447777777777777777777777777777777777777777777777777777777768885777745556555555555544444444
                   77777774444777777777777777777777777777777777777777777777777777777777468864444456666866555555544444444
                   77777444777777777777777777777777777777777777777777777777777777777774445654555666666666665555544444444
                    7777477777777777777777777777777777777777777777777777777777777777774444554555566666666665555544444444
              7777  7774777777777777777777777777777777777777777777777777777777777777777444445564455566666655555554444444
             77777777777777777777777777777777777777777777777777777777777777777777777777777444565555566666655555554444444
          77777777777777777777777777777777777777777777777777777777777777777777777777777777744555555466666655555554444444
          7777777777777777777       777777777777777777777777777777777777777777777777777777774455565688886655555555544444
