777447777777777777777777444444444447777777777777                                          77777    455555555555555554444
7777777777777777777777774444444444447777777777777                                        777777    455555555555555544444
77777777777777777777777744444444444477777777777777                                       777777    455555555555555444444
777777777777777777777777444444444444777777777777777                                     7777777    455555555555554444444
777777777777777777777777444444444444477777777777777                                     7777777    455555555555554444444
7777777777777777777777744444444444444777777777777777                                    7777777    455555555555544444444
 777777777777777777777744444444444444777777777777777                                    7777777    455555555555554444444
 77777777777777777777777444444444444477777777777777777              777                 7777777    455555555555544444444
  77777777777777777777774444444444444777777777777777777           7777777    7777       7777777    555555555555544444444
   7777777777777777777774444444444444477777777777777777          77777777777777777      777777     555555555555444444444
   777777777777777777774444444444444447777777777777777777       777777777777777777777777777777     555555555554444444444
    77777777777777777777444444444444447777777777444777777777   777777777777777777777     777777   7555555555554444444444
    77777777777777777777444444444444447777777  77445444           777777777                    7777555555555544444444444
     77777777777777777774444444444444477 7     7455456667        77777477777777777 7777777777777746555555555554444444444
      7777777777777777774444444444444477 7      4555556667       777775477         7777777777777746555554555544444444444
      7777777777777777774444444444444477 7       46555566544445477777747777777774456888888888888888886554555544444444444
       777777777777777777444444444444477 7       75655555555555564444444444445688888888888888888888886544555544444444444
       777777777777777777444444444444477 7        4566554455555555654444445688888888886668888665566665555555544444444444
        77777777777777777774444444444777 7        7466665444555544588654568888888888654444777777756555555555444444444444
         7777777777777777744444444444777 7          75688655555444888888888888888885444444777777756555555555444444444444
         7777777777777777777444444444777  7           688866555445888888888888888654444444777777756555555555444444444444
          777777777777777777444444444777  7           748864445556888888888888885777777774747777756555555555444444444444
           77777777777777777444444444777  7             47        468888888888857777777774777777765555555555444444444444
           777777777777777777444444477777 7                         4888888888888577777774777777765555555555444444444444
            77777777777777774444444477777 7                          488888888888884  7777777777765555555554444444444444
            77777777777777774444444477777 7                           4688888888888867     77777765555555555444444444444
             7777777777777774444444477777                                74456888888884        7765555555555544444444444
              777777777777774444444477777777                                  7588888884 7777   745555555555444444444444
              777777777777774444444477777777777777                               4588886         75555555555544444444444
               777777777777744444444477777777777777777      7                      5888677777    75555555555544444444444
                7777777777774444444444447777777777777777  7777                     6888677777    45555555555554444444444
                7777777777774444444444477777777777777777777777777777777777        76888877777    45555555555554444444444
                 7777777777444444444477777777777777777777777777777777777777777777776888847777777745555555555555444444444
                 7777777777444444477777777777777777777777777777777777777777777777775888844444777745555555555555444444444
                  777777774444447777777777777777777777777777777777777777777777777777688844444777745555555555555444444444
                   77777774447777777777777777777777777777777777777777777777777777777588854444444456666666555555544444444
                   77777744777777777777777777777777777777777777777777777777777777777768864444555666666666665555544444444
                    7777477777777777777777777777777777777777777777777777777777777777758885444455566666666665555554444444
                 7  7777777777777777777777777777777777777777777777777777777777777777774455555564465566666655555554444444
               77777 777777777777777777777777777777777777777777777777777777777777777774444554564555566666655555554444444
              777777777777777777    777777777777777777777777777777777777777777777777777454444555565466666655555555444444
             77777777777777           77777777777777777777 7777777777777777777777777777777744455565688886665555555554444
