777447777777777777777777444444444447777777777777                                          77777    455555555555555554444
7777777777777777777777774444444444447777777777777                                        777777    455555555555555444444
7777777777777777777777774444444444447777777777777                                         77777    455555555555554444444
7777777777777777777777774444444444447777777777777                                         77777    455555555555554444444
7777777777777777777777774444444444444777777777777                                       7777777    455555555555544444444
777777777777777777777774444444444444477777777777777                                     7777777    455555555555544444444
 77777777777777777777774444444444444477777777777777                                     7777777    455555555555544444444
 777777777777777777777744444444444444777777777777777                                    7777777    455555555555544444444
  77777777777777777777774444444444444777777777777777              777777                7777777    555555555555444444444
   7777777777777777777774444444444444777777777777777 7           777777777777777       7777777     555555555554444444444
   7777777777777777777774444444444444777777777777777            777777777777777777777777777777     555555555554444444444
    77777777777777777777444444444444447777777744477777     7   77777777777777777777777777777777  77555555555554444444444
    7777777777777777777744444444444444777777 74445554           777777777777                 777777555555555544444444444
     77777777777777777774444444444444477     7455455654         77777777777777777777777777777777746655555555554444444444
      7777777777777777777444444444444477 7    4655555667   777  7777775477   77 7777747777744777746665554555544444444444
      7777777777777777777444444444444477 7     5665555665555555477777747777774456668888888888888888886554555544444444444
       777777777777777777444444444444477 7      466555555555555565444444445688888888888888888888888886544555554444444444
        77777777777777777744444444444777 7      445665544455555456865444588888888888886666888665566665555555554444444444
        77777777777777777774444444444777 7       75666665555554448888888888888888888544444777777756555555555544444444444
         7777777777777777777444444444777           746888655554468888888888888888854444444777777756555555555444444444444
         7777777777777777777444444447777             4888666555588888888888888885444444444777777756555555555444444444444
          777777777777777777744444447777               664   77746888888888888477777777774777777756555555555544444444444
           77777777777777777744444447777                          768888888888677777777774777777755555555555454444444444
           77777777777777777744444447777                            6888888888885   777774777777765555555555544444444444
            7777777777777777774444447777                             6888888888885    7777 77777765555555555554444444444
            77777777777777777444444477777                             74556888888867         777765555555555544444444444
             7777777777777777444444477777                                  768888886           7765555555555554444444444
              77777777777777744444447777777                                  76888885    7777  7745555555555554444444444
              777777777777777444444477777777777                                7688887           75555555555554444444444
               7777777777777444444447777777777777777                            7888877777777    75555555555555444444444
                777777777777444444444447777777777777777                          688857777777    45555555555555444444444
                777777777777444444444447777777777777777777777777777777777        688887777777    45555555555555544444444
                 7777777777744444444477777777777777777777777777777777777777777777588885777777777745555555555555444444444
                  777777777444444477777777777777777777777777777777777777777777777768886444444777745555555555555544444444
                  777777777444447777777777777777777777777777777777777777777777777748888474444777445655655555555544444444
                   77777774447777777777777777777777777777777777777777777777777777774888574444444456666666655555554444444
                   77777744777777777777777777777777777777777777777777777777777777777588844444555666666666665555554444444
                    7777477777777777777777777777777777777777777777777777777777777777766664444555566666666665555555444444
                     777777777777777777777777777777777777777777777777777777777777777774455555564565566666655555555544444
                7777 777777777777777777777777777777777777777777777777777777777777777774445544554565566666655555555444444
               7777777777777777     777777777777777777777777 77777777777777777777777777444444555565466666655555555544444
              777777777777             77777777777777        77777777777777777777777777777774455566688886665555555554444
