7774477777777777777777774444444444477777777777777                                        777777    455555555555544444444
77777777777777777777777744444444444477777777777777                                       777777    455555555555444444444
777777777777777777777777444444444444777777777777777                                     7777777    455555555555544444444
777777777777777777777777444444444444477777777777777                                     7777777    455555555555444444444
7777777777777777777777774444444444444777777777777777                                    7777777    455555555555444444444
77777777777777777777777444444444444447777777777777777                                   7777777    455555555555444444444
 77777777777777777777774444444444444477777777777777777                                  7777777    455555555554444444444
 777777777777777777777774444444444444477777777777777777                                77777777    455555555544444444444
  77777777777777777777774444444444444477777777777777777                        7777777777777777    555555555544444444444
   7777777777777777777774444444444444477777777777777777                      777777777777777777   7555555555544444444444
   7777777777777777777774444444444444477777777777777777               77777777777777777777777777 77555555555544444444444
    777777777777777777774444444444444477777777777777777            77777777777777777777777777777777555555555444444444444
    77777777777777777777444444444444447777777                7447                   756666554777774555555555444444444444
     77777777777777777774444444444444477                     74455    7      7777777688888888886546566555555444444444444
      7777777777777777777444444444444477 7                   745555   57        7774888888888888888666554555544444444444
      7777777777777777777444444444444477 7                  465555557        7777775888888668888888888554555444444444444
       777777777777777777444444444444477 7                 7885655555477744447774446888888644445566685444455444444444444
       777777777777777777744444444444777 7                  686565445666555555444446888888864444456655555554444444444444
        77777777777777777774444444444777 7                   55456555545555555554446888888885444456655555554444444444444
         7777777777777777777444444444777 7                    5456665544455555556556888888886444466655555555444444444444
         7777777777777777777444444447777  7                   4568686665455554458888888888888444466655555555444444444444
          777777777777777777744444447777  7                     74466888555554458888888888888444466655555555444444444444
           77777777777777777744444447777  7                         5886665544468888888888888544466655555555444444444444
           777777777777777777444444477777 7                          667777744458888888888888886565565555555544444444444
            77777777777777774444444477777 7                                      756888888888888886666555555544444444444
            77777777777777774444444477777 7                                        7688888888888888866655555544444444444
             7777777777777777444444477777                                            46888888888888888865555554444444444
              777777777777777444444477777777                                            77777468888888886555554444444444
              7777777777777744444444777777777777777                                            7468888886555554444444444
               777777777777744444444477777777777777777                                        75688888886555555444444444
                77777777777744444444444477777777777777777  777                       77777777488888888665555555444444444
                777777777777444444444447777777777777777777777777777777777          7777777775888888665555555555444444444
                 7777777777444444444477777777777777777777777777777777777777777777777777777468888665555555555555444444444
                 7777777777444444477777777777777777777777777777777777777777777777777777745888854745555555555555544444444
                  777777774444447777777777777777777777777777777777777777777777777777777444566477745566655555555544444444
                   77777774447777777777777777777777777777777777777777777777777777777774444564444556666866655555554444444
                   77777744777777777777777777777777777777777777777777777777777777777777744455555666666666665555554444444
                    7777477777777777777777777777777777777777777777777777777777777777777777445665566666666665555554444444
                 7  7777777777777777777777777777777777777777777777777777777777777777777777444555465566666665555555444444
               77777 777777777777777777777777777777777777777777777777777777777777777777777444555555566666655555555444444
             77777777777777777777  7777777777777777777777777777777777777777777777777777777744555565466666665555555544444
             77777777777777           77777777777777777    7777777777777777777777777777777774455566688886665555555554444
