7774477777777777777777774444444444477777777777777                                        777777    455555555555554444444
77777777777777777777777444444444444477777777777777                                       777777    455555555555544444444
77777777777777777777777444444444444477777777777777                                      7777777    455555555555544444444
77777777777777777777777444444444444447777777777777                                      7777777    455555555555544444444
777777777777777777777774444444444444477777777777777                                     7777777    455555555555444444444
7777777777777777777777744444444444444777777777777777                                   77777777    455555555555444444444
 7777777777777777777774444444444444447777777777777777                                   7777777    455555555554544444444
 777777777777777777777744444444444444777777777777777777                                 7777777    455555555554444444444
  77777777777777777777744444444444444477777777777777777         77777777777              77777     555555555544444444444
   77777777777777777777744444444444444777777777777777777       777777777777777           77777     555555555554444444444
   777777777777777777774444444444444447777777777777777777777   77777777777777777        777777     555555555544444444444
    7777777777777777777444444444444444777777445477777777777777777777777777777777777777777777777   7555555555544444444444
    77777777777777777777444444444444447777774454547            777777777777                   77777555555555444444444444
     77777777777777777774444444444444477 7  455555657         7777777777777777777777777777777777746555555555544444444444
      7777777777777777774444444444444477 7   565555665   7777  777777754777    77777777777777777746555554555444444444444
      7777777777777777774444444444444477 7   756555566655555554444777747777745555556666566668866668886554555444444444444
       777777777777777777444444444444477 7    45655554555555555555544444568888888888888888888888888886544555444444444444
        77777777777777777444444444444477 7     4568655444555544588888668888888888888888888888886666665555554444444444444
        77777777777777777744444444444777 7     7586866655555544688888888888888888886544444444477756555555554444444444444
         7777777777777777744444444444777 7       75688886555544888888888888888888644444474777777756555555554444444444444
         7777777777777777774444444444777  7         68886665555688888888888886544774777774777777756555555554444444444444
          777777777777777777444444444777  7           864       75888888888884777777777774777777755555555554444444444444
           77777777777777777444444444777  7                       48888888888867  77777774777777755555555554444444444444
           777777777777777774444444447777 7                        58888888888867    77777 77777755555555554444444444444
            77777777777777774444444447777 7                          4568888888884       7    77755555555554444444444444
            77777777777777774444444477777 7                              7588888887             755555555554444444444444
             7777777777777774444444477777                                  758888887             65555555555444444444444
              777777777777774444444477777777                                  488885     777    745555555555444444444444
              77777777777777444444447777777777777777                           48886             75555555555444444444444
               777777777777744444444477777777777777777     77                  78888477777777    75555555555544444444444
                7777777777774444444444447777777777777777777777                  6888877777777    45555555555554444444444
                7777777777774444444444447777777777777777777777777777777777      4888867777777    45555555555554444444444
                 7777777777444444444477777777777777777777777777777777777777777777588884777777777745555555555554444444444
                  777777777444444477777777777777777777777777777777777777777777777758886444444777745555555555555444444444
                  777777774444447777777777777777777777777777777777777777777777777775888574444777445555555555555544444444
                   77777774447777777777777777777777777777777777777777777777777777777588854444444456666666555555554444444
                   77777744777777777777777777777777777777777777777777777777777777777755455444455666666666665555554444444
                    7777477777777777777777777777777777777777777777777777777777777777774444555555566666666665555554444444
                 7  7777777777777777777777777777777777777777777777777777777777777777774555444564565566666655555555444444
               77777 777777777777777777777777777777777777777777777777777777777777777777777444554555566666655555555444444
              7777777777777777777  7777777777777777777777777777777777777777777777777777777444555565466666655555555544444
             77777777777777          77777777777777777777777777777777777777777777777777777774455566688886665555555554444
