7774477777777777777777744444444444477777777777777                                        777777    455555555555444444444
77777777777777777777777444444444444477777777777777                                      7777777    455555555555444444444
777777777777777777777774444444444444777777777777777                                     7777777    455555555555444444444
7777777777777777777777744444444444444777777777777777                                   77777777    455555555555444444444
7777777777777777777777744444444444444777777777777777                                   77777777    455555555554444444444
777777777777777777777774444444444444477777777777777777                                 77777777    455555555555444444444
 777777777777777777777444444444444444477777777777777777                                77777777    455555555544444444444
 7777777777777777777777444444444444444777777777777777777                              777777777    455555555544444444444
  777777777777777777777444444444444444777777777777777777              77777 77777    7777777777    555555555544444444444
   77777777777777777777444444444444444777777777777777777             7777777777777  77777777777   7555555555544444444444
   777777777777777777774444444444444447777777777777777777          7777777777777777777777777777  77555555555444444444444
    777777777777777777774444444444444477777777777777777777        777777777777777777777777777777777555555555444444444444
    777777777777777777774444444444444447777777          7747                        468886655477777555555555444444444444
     77777777777777777774444444444444477 77             774557        77777777777774888888888886546556555555444444444444
      7777777777777777774444444444444477 7               445557       57     7777748888888888888888666554455444444444444
      7777777777777777774444444444444447 7              455555564     77777777777768888864568888888886554454444444444444
       777777777777777774444444444444477 7              5656555565444444447744477688888884444444456665444455444444444444
       777777777777777777444444444444477 7              7855655555555555564444444888888885444444456555555554444444444444
        7777777777777777744444444444447777               755665555455555555654445888888886444444456555555554444444444444
         7777777777777777444444444444477777               54566655444555544568666888888886444444456555555554444444444444
         7777777777777777744444444444777777                7666866665555544588888888888885444444466555555554444444444444
          7777777777777777744444444447777 7                  77568886555444688888888888884744444466555555554444444444444
           777777777777777744444444447777 7                     58865555555888888888888886547744466555555555444444444444
           777777777777777744444444447777 7                      557    77 746888888888888888547765555555555444444444444
            77777777777777744444444447777 7                                   468888888888888886465555555555444444444444
            77777777777777744444444447777 7                                     5888888888888888886556555555544444444444
             7777777777777744444444447777                                        745555556888888888656555555544444444444
              777777777777744444444447777777                                             7745688888855555555554444444444
              7777777777777444444444477777777777777777     77                               7588888655555555554444444444
               77777777777744444444447777777777777777777777777                      777777748888886555555555555444444444
                77777777777444444444444477777777777777777777777                   77777777488888645555555555555444444444
                77777777777444444444444477777777777777777777777777777777777777777777777777688885745555555555555444444444
                 7777777777444444444447777777777777777777777777777777777777777777777777776888847745555555555555444444444
                 7777777777444444447777777777777777777777777777777777777777777777777777458886777745555555555555544444444
                  777777774444447777777777777777777777777777777777777777777777777777777468864777745566655555555554444444
                   77777744444777777777777777777777777777777777777777777777777777777774445654444556666666655555554444444
                   77777444777777777777777777777777777777777777777777777777777777777774444554555666666666665555555444444
                    7777477777777777777777777777777777777777777777777777777777777777777444445565566666666665555555444444
               777  7774777777777777777777777777777777777777777777777777777777777777777774444565465566666665555555544444
              7777777777777777777777777777777777777777777777777777777777777777777777777774444555565566666665555555444444
            777777777777777777777777777777777777777777777777777777777777777777777777777777444555565466666665555555544444
            7777777777777777         77777777777777777777777777777777777777777777777777777744455566688886665555555554444
