7774477777777777777777774444444444477777777777777                                        777777    455555555555544444444
77777777777777777777777744444444444477777777777777                                      7777777    455555555555444444444
777777777777777777777777444444444444777777777777777                                     7777777    455555555555544444444
777777777777777777777777444444444444777777777777777                                     7777777    455555555555444444444
7777777777777777777777774444444444444777777777777777                                    7777777    455555555554444444444
77777777777777777777777444444444444447777777777777777                                  77777777    455555555555444444444
 777777777777777777777444444444444444777777777777777777                                 7777777    455555555554444444444
 7777777777777777777777444444444444447777777777777777777          777                   7777777    455555555544444444444
  777777777777777777777444444444444444777777777777777777         77777777    77          77777     555555555544444444444
   777777777777777777777444444444444447777777777777777777        777777777777777         77777     555555555544444444444
   777777777777777777774444444444444447777777777777777777777    7777777777777777777  777777777     555555555444444444444
    777777777777777777774444444444444477777777447777777777777  777777777777777777777  777777777  77555555555444444444444
    77777777777777777777444444444444447777777744557              777777777                  7777777555555555444444444444
     77777777777777777774444444444444477 7   74454547           77777777777777777777777777777777746555555555444444444444
      7777777777777777774444444444444477 7    465555654          77777547       7456888666666555446555554455444444444444
      7777777777777777774444444444444477 7    76665556654445554777777747777774688888888888888888888886554454444444444444
       777777777777777777444444444444477 7     6565555555555555554444444444688888888886688888888888886544455444444444444
       777777777777777777444444444444477 7     7556655544455555555655444468888888888657744455444456655555554444444444444
        77777777777777777444444444444777 7      745686655455555445888886888888888885444474777777756555555554444444444444
         7777777777777777744444444444777 77      45868888655555446888888888888888854444444777777756555555544444444444444
         7777777777777777774444444444777  7        745888866555448888888888888885444444474777777756555555554444444444444
          777777777777777777444444444777  7           458865555556888888888888847777777774747777755555555544444444444444
           777777777777777774444444447777 7             64        758888888888886477777774777777755555555554444444444444
           777777777777777774444444447777 7                         7888888888888867 77777777777765555555554444444444444
            77777777777777774444444447777 7                          76888888888888857   7 77777765555555554444444444444
            77777777777777774444444447777 7                            7444558888888867         755555555554444444444444
             7777777777777774444444477777                                     4688888887         65555555555444444444444
              777777777777774444444477777777                                     7588884 777    745555555555444444444444
              77777777777777444444444777777777777777                               68887         75555555555444444444444
               777777777777744444444477777777777777777  7  777                    78888477777    75555555555544444444444
                7777777777774444444444447777777777777777777777                    78888577777    45555555555544444444444
                777777777777444444444444777777777777777777777777777777777         76888677777    45555555555554444444444
                 7777777777444444444477777777777777777777777777777777777777777777775888877777777745555555555554444444444
                 7777777777444444477777777777777777777777777777777777777777777777777688844444777745555555555555444444444
                  777777774444447777777777777777777777777777777777777777777777777777488854444777445555555555555544444444
                   77777774447777777777777777777777777777777777777777777777777777777768864444444456666666655555554444444
                   77777744777777777777777777777777777777777777777777777777777777777745565444455666666666665555554444444
                    7777477777777777777777777777777777777777777777777777777777777777774445555555566666666665555554444444
                 7  7777777777777777777777777777777777777777777777777777777777777777774455554564465566666655555555444444
               77777 777777777777777777777777777777777777777777777777777777777777777777444444555555566666655555555444444
             77777777777777777777777777777777777777777777777777777777777777777777777777777444555565466666655555555544444
             77777777777777          77777777777777777777777777777777777777777777777777777744455566688886665555555554444
