7774477777777777777777777444444444477777777777                                            77777    455555555555555554444
7777777777777777777777777744444444447777777777777                                         77777    455555555555555554444
7777777777777777777777777444444444447777777777777                                         77777    455555555555555544444
7777777777777777777777777444444444447777777777777                                        777777    455555555555555544444
7777777777777777777777774444444444447777777777777                                        777777    455555555555555544444
77777777777777777777777744444444444447777777777777                                      7777777    455555555555555554444
 7777777777777777777777744444444444447777777777777                                      7777777    455555555555555445444
 7777777777777777777777744444444444447777777777777                     7            77 77777777    555555555555555444444
  77777777777777777777774444444444444777777777777                    77777      777777777777777    555555555555554444444
   7777777777777777777777444444444444777777777777                  777777777  77777777777777777    555555555555554444444
   7777777777777777777777444444444444777777777777                777777777777777777777777777777   7555555555555544444444
    777777777777777777777444444444444777777777777 7444           7777777777777777777777777777777777555555555555544444444
    777777777777777777777744444444444477777       7745547           77777777              777777774555555555555444444444
     77777777777777777777444444444444777          74544564         77747777777777777555444444777746666555555555444444444
      7777777777777777777744444444444777 7        755555666        77754777  7777468888888888886556666554555554444444444
      7777777777777777777744444444444777 7         555555665444444777747777777468888888888888888888886554555555444444444
       777777777777777777774444444444777 7         756555566555555644444444446888888886556888886888886544555555444444444
        77777777777777777774444444444777 7          45665544555555555655444588888888864444474777756655555555554444444444
        77777777777777777774444444447777 7          75666654445555445888866888888888644444477777756555555555544444444444
         7777777777777777777744444447777              758866555555446888888888888888444444444777756555555555544444444444
         7777777777777777777744444447777                5888665554448888888888888864444444444444456555555555544444444444
          777777777777777777744444447777                7588645555558888888888888677744444744444466555555555544444444444
           77777777777777777744444447777                  47       74588888888888654777774744444466555555555554444444444
           77777777777777777744444447777                              76888888888888647774777744466555555555554444444444
            7777777777777777744444447777                                688888888888886477 77777766555555555555444444444
            77777777777777777444444477777                                46888888888888867  7777765555555555554444444444
             7777777777777777444444477777                                   777458888888884  777765555555555555444444444
              77777777777777744444447777777                                       75688888847777745555555555555444444444
              777777777777777444444477777777777                                       588887     75555555555555544444444
               777777777777774444444777777777777777                                  76888677    75555555555555544444444
                77777777777744444444444777777777777777                               48888577    45555555555555544444444
                777777777777444444444447777777777777777777777777777777777           758888577    45555555555555544444444
                 7777777777744444444777777777777777777777777777777777777777777777777758888477777745555555555555544444444
                  777777777444444477777777777777777777777777777777777777777777777777748888444777745555555555555544444444
                  777777777444477777777777777777777777777777777777777777777777777777748886444777745565555555555544444444
                   77777774447777777777777777777777777777777777777777777777777777777778886444444456666666555555554444444
                   77777744777777777777777777777777777777777777777777777777777777777776886444555666666666665555544444444
                    7777477777777777777777777777777777777777777777777777777777777777774455444555566666666665555554444444
                     777777777777777777777777777777777777777777777777777777777777777774444555554565566666655555554444444
               77777 777777777777777777777777777777777777777777777777777777777777777774455444564555566666655555554444444
               7777777777777777      77777777777777777777     7777777777777777777777777777444555555466666655555555544444
              777777777777             7   77 7777777         7777777777777777777777777777777455565688886665555555554444
