77744777777777777777777444444444444777777777777777                                      7777777    455555555555555444444
77777777777777777777777444444444444477777777777777                                     77777777    455555555555555444444
777777777777777777777774444444444444477777777777777                                    77777777    455555555555554444444
7777777777777777777777744444444444444777777777777777                                   77777777    455555555555554444444
7777777777777777777777744444444444444777777777777777                                  777777777    455555555555444444444
7777777777777777777777744444444444444477777777777777777                               777777777    455555555555544444444
 7777777777777777777774444444444444444777777777777777777                            77777777777    455555555555544444444
 7777777777777777777774444444444444444777777777777777777              7777777      777777777777    455555555555444444444
  777777777777777777777444444444444444777777777777777777             7777777777   7777777777777    555555555554444444444
   777777777777777777774444444444444447777777777777777777         77777777777777777777777777777    555555555554444444444
   777777777777777777774444444444444444777777777777777777777      77777777777777777777777777777  77555555555554444444444
    77777777777777777774444444444444444777777777777777777777     7777777777777777777777777777777777555555555544444444444
    777777777777777777774444444444444447777777       74454             777777       755444477777774555555555544444444444
     77777777777777777744444444444444447 77          7445554         777777777777775888888888665446555555555544444444444
      7777777777777777774444444444444447 7            45555554       754777777777468888888888888888666554555544444444444
      7777777777777777744444444444444447 7            565555664   777747777777775888888856888888888888554555444444444444
       777777777777777777444444444444447 7            556655566655555554444444458888888544445555568686444555444444444444
       777777777777777777444444444444477 7             45655555555555555544444588888888544444477756555555555444444444444
        77777777777777777444444444444477 7             74566555445555555566555888888888444444444756555555555444444444444
         7777777777777777444444444444477777             7566665545555544688888888888886444444444456555555554444444444444
         77777777777777777444444444447777 7               74688885555444888888888888884444444444466555555554444444444444
          7777777777777777744444444447777 7                 788866655545888888888888857774744444466555555555444444444444
           777777777777777774444444447777 7                  7664 777744568888888888886544777744466555555555444444444444
           777777777777777744444444447777 7                               4688888888888888477777766555555555444444444444
            77777777777777744444444447777 7                                768888888888888885777765555555555444444444444
            77777777777777744444444447777 7                                  5888888888888888857765555555555544444444444
             7777777777777744444444447777                                      74444458888888888465555555555544444444444
              777777777777744444444447777777                                           745688888545555555555544444444444
              7777777777777444444444477777777777777777      7                             488886775555555555554444444444
               777777777777444444444477777777777777777777777777                       7774888887 75555555555555444444444
                77777777777444444444444477777777777777777777777                   7777774888884  45555555555555444444444
                77777777777444444444444477777777777777777777777777777777777 777777777777588885   45555555555555444444444
                 7777777777444444444477777777777777777777777777777777777777777777777777768886777745555555555555444444444
                 7777777774444444477777777777777777777777777777777777777777777777777777488864777745555555555555444444444
                  777777774444447777777777777777777777777777777777777777777777777777777588854777745566655555555544444444
                   77777744444777777777777777777777777777777777777777777777777777777777688644444456666666655555554444444
                   77777744777777777777777777777777777777777777777777777777777777777774445544555666666666665555544444444
                    7777477777777777777777777777777777777777777777777777777777777777774444555555566666666665555554444444
               777  7774777777777777777777777777777777777777777777777777777777777777774444444565465566666655555555444444
              7777777777777777777777777777777777777777777777777777777777777777777777777777444555565566666655555555444444
            777777777777777777777777777777777777777777777777777777777777777777777777777777444555565466666655555555544444
          7 77777777777777777        77777777777777777777777777777777777777777777777777777744455566688886665555555554444
