77744777777777777777777744444444444777777777777                                           77777    455555555555555544444
7777777777777777777777774444444444447777777777777                                        777777    455555555555555444444
7777777777777777777777774444444444447777777777777                                        777777    455555555555554444444
77777777777777777777777744444444444477777777777777                                        77777    455555555555554444444
77777777777777777777777744444444444447777777777777                                      7777777    455555555555544444444
777777777777777777777774444444444444477777777777777                                     7777777    455555555555544444444
 777777777777777777777744444444444444777777777777777                                    7777777    455555555555544444444
 777777777777777777777744444444444444777777777777777                                    7777777    455555555555544444444
  77777777777777777777774444444444444777777777777777              7777                  7777777    555555555555444444444
   777777777777777777777444444444444477777777777777777          777777777777777         777777     555555555554444444444
   77777777777777777777744444444444447777777777777777          7777777777777777777777777777777     555555555554444444444
    77777777777777777777444444444444447777777444777777     7   77777777777777777777777777777777   7555555555554444444444
    777777777777777777774444444444444477777777445447            77777777777                   77777555555555544444444444
     77777777777777777777444444444444477     455555654         777777777777777777777777777777777746555555555554444444444
      7777777777777777777444444444444477 7   7655555664   7777  7777775777      7777777777777777746665554555544444444444
      7777777777777777777444444444444477 7    45655556655555555474777747777774455556666666888888668886554555544444444444
       777777777777777777444444444444477 7     4565555455555555565444444445688888888888888888888888886544555554444444444
        77777777777777777744444444444777 7     7456655544455554458865445688888888888888888888886668666555555544444444444
        77777777777777777774444444444777 7      756686655555557468888888888888888888644444444477756555555555544444444444
         7777777777777777777444444444777          7458888655544488888888888888888854444444777777756555555555444444444444
         7777777777777777777444444447777             6888665555588888888888888865444777444777777756555555555444444444444
          777777777777777777744444447777              785     7746888888888885777777777774777777756555555555444444444444
           77777777777777777744444447777                          7888888888884 7777777774777777755555555555444444444444
           77777777777777777744444447777                           4888888888885    777774777777765555555555544444444444
            7777777777777777744444447777                            4688888888886     7777 77777765555555555454444444444
            7777777777777777744444447777                               74588888886           777765555555555544444444444
             7777777777777777444444477777                                  68888885            7765555555555554444444444
              77777777777777744444447777777                                 76888884     777   7745555555555554444444444
              777777777777777444444477777777777                               768886            775555555555554444444444
               7777777777777744444447777777777777777                           78888777777777    75555555555555444444444
                7777777777774444444444477777777777777777                        6888577777777    45555555555555444444444
                777777777777444444444447777777777777777777777777777777777       5888847777777    45555555555555544444444
                 7777777777744444444477777777777777777777777777777777777777777774888867777777777745555555555555444444444
                  777777777444444477777777777777777777777777777777777777777777777588884444444777745555555555555544444444
                  777777777444447777777777777777777777777777777777777777777777777758886774444777445655555555555544444444
                   77777774447777777777777777777777777777777777777777777777777777775888574444444456666666655555554444444
                   77777744777777777777777777777777777777777777777777777777777777777688844444555666666666665555554444444
                    7777477777777777777777777777777777777777777777777777777777777777766554444555566666666665555554444444
                     777777777777777777777777777777777777777777777777777777777777777774444555564565566666655555555444444
               77777 777777777777777777777777777777777777777777777777777777777777777774445444554565566666655555555444444
               7777777777777777      777777777777777777777   77777777777777777777777777447444555565466666655555555544444
              77777777777              77777777777777        77777777777777777777777777777774455566688886665555555554444
