77744777777777777777777774444444444777777777777                                           77777    455555555555555554445
7777777777777777777777774444444444447777777777777                                        777777    455555555555555554544
7777777777777777777777777444444444447777777777777                                        777777    455555555555555554444
7777777777777777777777774444444444447777777777777                                        777777    455555555555555554444
7777777777777777777777774444444444447777777777777                                        777777    455555555555555554444
77777777777777777777777444444444444447777777777777                                       777777    455555555555555555444
 7777777777777777777777444444444444447777777777777                                      7777777    455555555555555455444
 7777777777777777777777744444444444447777777777777                   77                 7777777    555555555555555554444
  77777777777777777777774444444444444777777777777                  7777777    7777 7   77777777    555555555555555444444
   7777777777777777777774444444444444777777777777    7           777777777777777777777777777777    555555555555554444444
   777777777777777777777744444444444477777777777777             7777777777777777777777777777777    555555555555555444444
    777777777777777777774444444444444477777777777454777         77777777777777777777777777777777777555555555555545444444
    7777777777777777777744444444444444777777    74445664          7777777777              777777774555555555555554444444
     77777777777777777777444444444444477        455445665        7777747777777777777777777777777746665555555555554444444
      7777777777777777777444444444444477 7       555556664       7777754777 77777744565555555554446666554555555444444444
      7777777777777777777444444444444777 7       75655566655555547777747777774566888888888888888888886554555555444444444
       777777777777777777744444444444777 7       75555555555555565544444444568888888888888888888888886544555555444444444
        77777777777777777774444444444777 7        4566554444555555566544458888888888865455566554456665555555554444444444
        77777777777777777774444444444777 7         756865544555544688888888888888888544444477777756555555555555444444444
         7777777777777777777444444447777             7688865555445888888888888888864444444477777756555555555554444444444
         7777777777777777777444444447777              688866655546888888888888886444444444777777756555555555544444444444
          777777777777777777744444447777               7667   7744688888888888847777444474747777756555555555554444444444
           77777777777777777744444447777                           46888888888857777777774777777766555555555554444444444
           77777777777777777744444447777                             68888888888857 777774777777765555555555554444444444
            7777777777777777744444447777                             768888888888884  7777777777765555555555555444444444
            77777777777777774444444477777                              45688888888885     777777765555555555554444444444
             7777777777777777444444477777                                   7688888886    77   7765555555555555444444444
              77777777777777744444447777777                                    568888867 77777 7745555555555555544444444
              777777777777777444444477777777777                                  7688887  77     75555555555555544444444
               777777777777774444444777777777777777                               78888777777    75555555555555544444444
                777777777777444444444447777777777777777                           78888477777    45555555555555544444444
                777777777777444444444447777777777777777777777777777777777         78888577777    45555555555555544444444
                 7777777777744444444477777777777777777777777777777777777777777777748888677777777745555555555555544444444
                  777777777444444477777777777777777777777777777777777777777777777776888844444777745555555555555544444444
                  777777777444447777777777777777777777777777777777777777777777777774888874444777745555555555555544444444
                   77777774447777777777777777777777777777777777777777777777777777777588844444444456666666555555554444444
                   77777744777777777777777777777777777777777777777777777777777777777788864444555666666666665555544444444
                    7777477777777777777777777777777777777777777777777777777777777777758664444555566666666665555554444444
                     777777777777777777777777777777777777777777777777777777777777777774455554554565566666655555554444444
               77777 777777777777777777777777777777777777777777777777777777777777777774444554564555566666655555554444444
              77777777777777777      7777777777777777777 7    7777777777777777777777777444444555555466666655555555444444
              777777777777             777777777777777        7777777777777777777777777777777455565688886655555555554444
