777447777777777777777777444444444447777777777777                                         777777    455555555555555444444
7777777777777777777777774444444444447777777777777                                        777777    455555555555554444444
77777777777777777777777444444444444477777777777777                                       777777    455555555555554444444
77777777777777777777777744444444444447777777777777                                      7777777    455555555555554444444
77777777777777777777777744444444444447777777777777                                      7777777    455555555555444444444
777777777777777777777774444444444444477777777777777                                     7777777    455555555555544444444
 777777777777777777777444444444444444777777777777777                                    7777777    455555555555544444444
 77777777777777777777774444444444444477777777777777                                     7777777    555555555555444444444
  77777777777777777777744444444444444777777777777777             77777777                777777    555555555554444444444
   7777777777777777777774444444444444477777777777777 7          777777777777777         777777     555555555554444444444
   77777777777777777777444444444444444777777777777777          777777777777777777  77777777777     555555555554444444444
    777777777777777777774444444444444477777774444777777   777  77777777777777777777777777777777  77555555555554444444444
    777777777777777777774444444444444477777774445554            77777777777                 7777774555555555544444444444
     77777777777777777774444444444444477     455555654         777777777777777777777777777777777746655555555544444444444
      7777777777777777774444444444444477 7   7555555665    77  777777754777777777777447777444477746665554555544444444444
      7777777777777777774444444444444477 7    45655556555555555744777747777745666888888888888888888886554555544444444444
       777777777777777777444444444444477 7     4565555445555555565444444456888888888888888888888888886544555544444444444
        77777777777777777744444444444777 7     7456655544455554458886656888888888888886666888665566665555555554444444444
        77777777777777777744444444444777 7      746686665555544488888888888888888886544444777777756555555555544444444444
         7777777777777777774444444444777           458888655544588888888888888888644444444777777756555555555444444444444
         7777777777777777777444444447777             6888655555588888888888888654744477444777777756555555555444444444444
          777777777777777777444444447777              785        4688888888886777777777774777777756555555555444444444444
           77777777777777777444444447777  7                        6888888888885 777777774777777755555555555444444444444
           77777777777777777744444447777  7                        76888888888885    77774777777765555555555544444444444
            77777777777777774444444477777                            4568888888885    7777 77777765555555555444444444444
            77777777777777774444444477777                                 488888886           77765555555555544444444444
             7777777777777774444444477777                                   58888885           7765555555555554444444444
              77777777777777444444447777777                                   4688887    777   7745555555555554444444444
              7777777777777744444444777777777777                               768884           775555555555554444444444
               77777777777774444444447777777777777777                           5888577777777    75555555555555444444444
                7777777777774444444444447777777777777777   77                   4888847777777    45555555555555444444444
                7777777777774444444444477777777777777777777777777777777777      7888867777777    45555555555555544444444
                 7777777777444444444477777777777777777777777777777777777777777777588885777777777745555555555555444444444
                  777777777444444477777777777777777777777777777777777777777777777758886444444777745555555555555544444444
                  777777774444447777777777777777777777777777777777777777777777777775888474444777445665655555555554444444
                   77777774447777777777777777777777777777777777777777777777777777777688844444444456666666655555554444444
                   77777744777777777777777777777777777777777777777777777777777777777488654444455666666666665555555444444
                    7777477777777777777777777777777777777777777777777777777777777777744455554555566666666665555555444444
                     777777777777777777777777777777777777777777777777777777777777777774444555564565566666655555555544444
                7777 777777777777777777777777777777777777777777777777777777777777777774444444554565566666655555555544444
              77777777777777777      77777777777777777777777777777777777777777777777777777444555565466666655555555544444
              777777777777             777777777777777 7    777777777777777777777777777777744455566688886665555555554444
