7774477777777777777777777444444444477777777777                                           777777    455555555555444444444
7777777777777777777777777444444444447777777777777                                        777777    455555555555444444444
7777777777777777777777777444444444447777777777777                                        777777    455555555555444444444
77777777777777777777777744444444444477777777777777                                      7777777    455555555555444444444
777777777777777777777777444444444444777777777777777                                     7777777    455555555554444444444
777777777777777777777777444444444444477777777777777                                    77777777    455555555555444444444
 77777777777777777777777444444444444477777777777777                                  7777777777    455555555554444444444
 77777777777777777777777444444444444477777777777777                                  7777777777    455555555544444444444
  77777777777777777777774444444444444777777777777777                    777 7777    77777777777    555555555544444444444
   777777777777777777777744444444444477777777777777                   7777777777777777777777777   7555555555544444444444
   7777777777777777777777444444444444777777777777777               7777777777777777777777777777  77555555555544444444444
    7777777777777777777774444444444447777777777777777   77        777777777777777777777777777777777555555555444444444444
    7777777777777777777774444444444447777777            7454                        468666554777774555555555544444444444
     77777777777777777777444444444444777                74555         77777777777775888888888886446566555555544444444444
      7777777777777777777444444444444777 7              4555557       54   777777758888888888888888666554455544444444444
      7777777777777777777744444444444777 7              655555567     77777777777588888855668888888886554455444444444444
       777777777777777777774444444444777 7              6556555565544555547444444888888854444444456685544455444444444444
        77777777777777777774444444444777 7              7656555555555555554444446888888864444444456655555555444444444444
        77777777777777777777444444444777 7               444665554445555556644448888888864444444456655555555444444444444
         7777777777777777777444444447777                  55666655545555545688668888888864444444456655555555444444444444
         7777777777777777777744444447777                   7566888865555445888888888888854444444466655555555444444444444
          777777777777777777744444447777  7                    488886554446888888888888844744444466655555555444444444444
           77777777777777777744444447777  7                     48854445546888888888888855777744466655555555444444444444
           77777777777777777744444447777  7                      57        756888888888888865777766655555555444444444444
            7777777777777777744444447777                                      588888888888888854765555555555444444444444
            77777777777777774444444477777                                      46888888888888888665556555555544444444444
             7777777777777777444444477777                                        456666688888888888556555555554444444444
              77777777777777744444447777777                                              7568888888656555555554444444444
              7777777777777774444444777777777777                                             588888655555555554444444444
               7777777777777444444444777777777777777                                       48888886555555555555444444444
                7777777777774444444444477777777777777777                            777777488888645555555555555444444444
                7777777777774444444444477777777777777777777777777777777            7777777688886745555555555555544444444
                 7777777777744444444477777777777777777777777777777777777777777777777777776888847745555555555555544444444
                  777777777444444477777777777777777777777777777777777777777777777777777758886777745555555555555544444444
                  777777777444477777777777777777777777777777777777777777777777777777777488864777745565655555555554444444
                   77777774447777777777777777777777777777777777777777777777777777777774446644444456666666655555554444444
                   77777744777777777777777777777777777777777777777777777777777777777774445554555666666666665555555444444
                    7777477777777777777777777777777777777777777777777777777777777777774444445565566666666665555555444444
                    7777777777777777777777777777777777777777777777777777777777777777777777444564465566666665555555544444
                7777 777777777777777777777777777777777777777777777777777777777777777777777744555555566666655555555444444
               777777777777777       777777777777777777    7777777777777777777777777777777744555565466666665555555544444
              77777777777               777777777777        777777777777777777777777777777774455566688886665555555554444
