7774477777777777777777744444444444477777777777777                                        777777    455555555555555544444
7777777777777777777777744444444444447777777777777                                        777777    455555555555555444444
77777777777777777777777444444444444477777777777777                                      7777777    455555555555554444444
777777777777777777777774444444444444477777777777777                                     7777777    455555555555554444444
7777777777777777777777744444444444444777777777777777                                    7777777    455555555555444444444
7777777777777777777777744444444444444777777777777777                                   77777777    455555555555544444444
 77777777777777777777744444444444444477777777777777777                                  7777777    455555555555544444444
 777777777777777777777444444444444444777777777777777777                                 7777777    455555555555444444444
  77777777777777777777744444444444444777777777777777777          7777777777             7777777    555555555554444444444
   77777777777777777777444444444444444777777777777777777        777777777777777         777777     555555555554444444444
   777777777777777777774444444444444447777777777777777777777   777777777777777777       777777     555555555554444444444
    777777777777777777774444444444444477777774447777777777777  7777777777777777777       77777    7555555555544444444444
    77777777777777777777444444444444447777777445547             7777777777                      777555555555544444444444
     77777777777777777774444444444444477 77 745545657          777777777777777777777777777777777746555555555544444444444
      7777777777777777774444444444444447 7   4655556667         7777775477        77777777777777746555554555544444444444
      7777777777777777774444444444444477 7    56655566655555557774777747777777744455565555666666668886554555444444444444
       777777777777777777444444444444477 7    75665555555555555554444444445568888888888888888888888886544555444444444444
        77777777777777777444444444444477 7     7556655444555554556655445688888888888888888888886666666555555444444444444
        77777777777777777744444444444477 7      466666554555544488888888888888888888654445554477756555555555444444444444
         7777777777777777744444444444777 7       75688886555544588888888888888888854444474777777756555555555444444444444
         7777777777777777744444444444777  7         78888666555688888888888888865444777774777777756555555555444444444444
          777777777777777777444444444777  7          7588477774456888888888885777777777774777777755555555554444444444444
           77777777777777777444444444777  7            4          588888888888577777777774777777755555555554444444444444
           777777777777777774444444447777 7                        58888888888867   777774777777755555555554444444444444
            77777777777777774444444477777 7                         48888888888884    7777 77777765555555554444444444444
            77777777777777774444444477777 7                           7445888888884           77765555555555444444444444
             7777777777777774444444477777                                  468888884            765555555555544444444444
              777777777777774444444447777777                                 46888887    777    745555555555444444444444
              7777777777777744444444477777777777777                            768884            75555555555544444444444
               777777777777744444444477777777777777777     77                   5888577777777    75555555555544444444444
                7777777777774444444444447777777777777777777777                  4888877777777    45555555555544444444444
                777777777777444444444444777777777777777777777777777777777       7888867777777    45555555555554444444444
                 7777777777444444444477777777777777777777777777777777777777777777688884777777777745555555555555444444444
                 7777777777444444477777777777777777777777777777777777777777777777768886444444777745555555555555444444444
                  777777774444447777777777777777777777777777777777777777777777777746888474444777745555555555555544444444
                   77777774447777777777777777777777777777777777777777777777777777774888674444444456666666555555554444444
                   77777744777777777777777777777777777777777777777777777777777777777488854444555666666666665555544444444
                    7777477777777777777777777777777777777777777777777777777777777777755455544555566666666665555554444444
                 7  7777777777777777777777777777777777777777777777777777777777777777774444555564565566666655555555444444
               77777 777777777777777777777777777777777777777777777777777777777777777774455444554555566666655555555444444
              7777777777777777777  7777777777777777777777777777777777777777777777777777777444555565466666655555555544444
              77777777777777          7777777777777777777777777777777777777777777777777777774455566688886665555555554444
