777447777777777777777777444444444447777777777777                                          77777    455555555555544444444
7777777777777777777777774444444444447777777777777                                        777777    455555555555544444444
77777777777777777777777744444444444477777777777777                                      7777777    455555555555544444444
77777777777777777777777744444444444447777777777777                                      7777777    455555555555444444444
777777777777777777777777444444444444477777777777777                                     7777777    455555555555444444444
7777777777777777777777744444444444444777777777777777                                    7777777    455555555555444444444
 77777777777777777777744444444444444477777777777777                                     7777777    455555555554444444444
 777777777777777777777744444444444444777777777777777                                    7777777    455555555554444444444
  77777777777777777777774444444444444777777777777777              77777777               77777     555555555544444444444
   777777777777777777777444444444444477777777777777777          777777777777777          77777     555555555544444444444
   777777777777777777774444444444444447777777777777777     7   777777777777777777       777777     555555555544444444444
    777777777777777777774444444444444477777744547777777   777  777777777777777777777  777777777   7555555555544444444444
    77777777777777777777444444444444447777777444547             77777777777                   77777555555555544444444444
     77777777777777777774444444444444477    745555657          777777777777777777777777777777777746555555555544444444444
      7777777777777777774444444444444477 7   565555665     7   77777775477      7777777777777777746665554555544444444444
      7777777777777777774444444444444477 7   456555566655555557777777747777774555566666666688886668886554555544444444444
       777777777777777777444444444444477 7    55655555455555555654444444456888888888888888888888888886544555544444444444
        77777777777777777744444444444777 7     4566655444555554568665556888888888888888888888886666666555555544444444444
        77777777777777777744444444444777 7     7566666655555544488888888888888888888544444444477756555555555444444444444
         7777777777777777774444444444777         75668886555544588888888888888888654444444777777756555555555444444444444
         7777777777777777777444444447777            78886665555688888888888888654444477444777777756555555555444444444444
          777777777777777777444444447777              585    77746888888888885777777777774777777756555555555444444444444
           77777777777777777744444447777  7                       488888888888677777777774777777755555555555444444444444
           77777777777777777744444447777  7                        58888888888887   777774777777765555555555544444444444
            7777777777777777744444447777                            75688888888884    7777 77777765555555555444444444444
            77777777777777774444444477777                                7588888884           77765555555555544444444444
             7777777777777777444444477777                                  768888887           7765555555555544444444444
              77777777777777744444447777777                                   488886     777   7745555555555544444444444
              777777777777774444444477777777777                                788887           775555555555554444444444
               7777777777777444444447777777777777777                            6888577777777    45555555555555444444444
                777777777777444444444447777777777777777                         5888877777777    45555555555555444444444
                777777777777444444444447777777777777777777777777777777777       7888867777777    45555555555555444444444
                 7777777777744444444477777777777777777777777777777777777777777777588884777777777745555555555555444444444
                  777777777444444477777777777777777777777777777777777777777777777758886444444777745555555555555544444444
                  777777777444477777777777777777777777777777777777777777777777777775888574444477445655555555555554444444
                   77777774447777777777777777777777777777777777777777777777777777777688844444444456666666655555554444444
                   77777744777777777777777777777777777777777777777777777777777777777766654444455666666666665555555444444
                    7777477777777777777777777777777777777777777777777777777777777777774445554555566666666665555555444444
                     777777777777777777777777777777777777777777777777777777777777777774445554564565566666655555555544444
                 777 777777777777777777777777777777777777777777777777777777777777777777444444555565566666655555555544444
               7777777777777777      7777777777777777777 7  777777777777777777777777777777444555565466666655555555544444
              77777777777               77777777777777      777777777777777777777777777777774455566688886665555555554444
