7774477777777777777777774444444444477777777777777                                       7777777    455555555555555544444
77777777777777777777777444444444444477777777777777                                      7777777    455555555555555444444
777777777777777777777774444444444444777777777777777                                     7777777    455555555555554444444
777777777777777777777774444444444444477777777777777                                    77777777    455555555555554444444
77777777777777777777777444444444444447777777777777777                                  77777777    455555555555544444444
777777777777777777777774444444444444447777777777777777                                 77777777    455555555555544444444
 777777777777777777777444444444444444477777777777777777                              7777777777    455555555555544444444
 7777777777777777777777444444444444444777777777777777777                        777777777777777    455555555555544444444
  777777777777777777777444444444444444777777777777777777                     777777777777777777    555555555555444444444
   777777777777777777774444444444444447777777777777777777            77777777777777777777777777   7555555555554444444444
   777777777777777777774444444444444447777777777777777777          77777777777777777777777777777 77555555555554444444444
    7777777777777777777744444444444444477777777777777777777       777777777777777777777777777777777555555555554444444444
    777777777777777777774444444444444447777777              74547             777777744444447777774555555555544444444444
     77777777777777777774444444444444477 77                 7445564   7  77777777777688888888665446565555555544444444444
      7777777777777777774444444444444477 7                  44554564  57     7777775888888888888888666554555544444444444
      7777777777777777774444444444444477 7                  655555665 7  77777777748888886888888888888554555544444444444
       777777777777777777444444444444477 7                  556655566554455444444458888885445555568886444555444444444444
       777777777777777777444444444444477 7                   55655555655555565444468888888544444456655555555444444444444
        77777777777777777744444444444477 7                   44566554455555555654488888888644444456555555555444444444444
         7777777777777777744444444444777777                   7656655444555545586688888888844444466655555555444444444444
         77777777777777777744444444447777 7                     75886655555444688888888888844444466655555555444444444444
          7777777777777777774444444447777 7                       688865544445888888888888844444466655555555444444444444
           777777777777777744444444447777 7                       488544555546888888888888877774466655555555444444444444
           777777777777777774444444447777 7                        7       774688888888888886547765555555555544444444444
            77777777777777744444444447777 7                                    76888888888888886565565555555444444444444
            77777777777777774444444447777 7                                      488888888888888886656655555544444444444
             7777777777777774444444447777                                         75888888888888888886655555554444444444
              777777777777774444444447777777                                         74444458888888888665555554444444444
              777777777777774444444447777777777777777                                        456888888865555554444444444
               777777777777744444444477777777777777777777 7777                        777     46888888665555555444444444
                77777777777444444444444477777777777777777777777                     777777777688888866655555555444444444
                7777777777744444444444447777777777777777777777777777777777  77777777777777776888888555555555555444444444
                 7777777777444444444477777777777777777777777777777777777777777777777777777488888655555555555555444444444
                 7777777777444444477777777777777777777777777777777777777777777777777777775888864745555555555555444444444
                  777777774444447777777777777777777777777777777777777777777777777777777746888477745566655555555544444444
                   77777774444777777777777777777777777777777777777777777777777777777774444664444456666866655555544444444
                   77777744777777777777777777777777777777777777777777777777777777777774444554555666666666665555544444444
                    7777477777777777777777777777777777777777777777777777777777777777777444445555566666666665555554444444
               777  7777777777777777777777777777777777777777777777777777777777777777777777444565465566666665555554444444
              7777777777777777777777777777777777777777777777777777777777777777777777777777744555555566666655555555444444
            777777777777777777777777777777777777777777777777777777777777777777777777777777744555565466666655555555544444
            7777777777777777         77777777777777777777777777777777777777777777777777777774455565688886665555555554444
