77744777777777777777777444444444444477777777777777                                       777777    455555555555555554444
777777777777777777777774444444444444777777777777777                                     7777777    455555555555555554444
777777777777777777777774444444444444477777777777777                                     7777777    455555555555555444444
7777777777777777777777744444444444444777777777777777                                   77777777    455555555555555544444
77777777777777777777777744444444444447777777777777777                                  77777777    455555555555555544444
7777777777777777777777744444444444444777777777777777777                                77777777    455555555555555554444
 7777777777777777777774444444444444444777777777777777777                               77777777    455555555555555445444
 7777777777777777777777444444444444444777777777777777777                         77777777777777    455555555555555444444
  7777777777777777777777444444444444447777777777777777777                    777777777777777777    555555555555554444444
   7777777777777777777774444444444444477777777777777777777           7777 777777777777777777777  77555555555555544444444
   7777777777777777777744444444444444477777777777777777777         77777777777777777777777777777777555555555555544444444
    77777777777777777777444444444444444777777777777777777777   7  777777777777777777777777777777774555555555555444444444
    777777777777777777774444444444444447777777                4454             77777745555544777774555555555554444444444
     77777777777777777774444444444444477 77                   44454   7   7777777777688888888865446566555555554444444444
      7777777777777777774444444444444477 7                   44454557 57     7777774888888888888888666554555554444444444
      7777777777777777774444444444444477 7                   655555564    7777777776888888688888888888554555554444444444
       777777777777777777444444444444477 7                   65565556644444447444448888888545555568686544555554444444444
       777777777777777777444444444444477 7                    5565555665555555444458888888854444456655555555554444444444
        77777777777777777744444444444477 7                    4456555455555555555458888888864444456655555555544444444444
         7777777777777777744444444444777777                   7566655444455555558888888888884444466655555555544444444444
         77777777777777777444444444447777 7                     45686654455554468888888888885444466655555555544444444444
          7777777777777777774444444447777 7                       488886544544588888888888884444466655555555544444444444
           777777777777777744444444447777 7                       768865555554688888888888884774466655555555554444444444
           777777777777777744444444447777 7                        754     777456888888888888864765665555555554444444444
            77777777777777444444444447777 7                                      468888888888888865566555555554444444444
            77777777777777744444444447777 7                                        6888888888888888666655555554444444444
             7777777777777744444444447777                                           468888888888888886665555555444444444
              777777777777744444444447777777                                           777445888888888865555555444444444
              7777777777777444444444477777777777777777                                        45688888886555554444444444
               777777777777744444444477777777777777777777 77777                        77777   7588888865555555444444444
                77777777777444444444444477777777777777777777777                     777777777768888888665555555544444444
                77777777777444444444444477777777777777777777777777777777777    77777777777774888888866655555555444444444
                 7777777777444444444477777777777777777777777777777777777777777777777777777758888886555555555555444444444
                 7777777777444444477777777777777777777777777777777777777777777777777777774588886545555555555555444444444
                  777777774444447777777777777777777777777777777777777777777777777777777776888647745566655555555544444444
                   77777744444777777777777777777777777777777777777777777777777777777777444586444456666866655555544444444
                   77777444777777777777777777777777777777777777777777777777777777777774444564555666666666665555544444444
                    7777477777777777777777777777777777777777777777777777777777777777777444455555566666666665555554444444
              7777  7777777777777777777777777777777777777777777777777777777777777777777777445565465566666655555554444444
             77777777777777777777777777777777777777777777777777777777777777777777777777777744555455566666655555554444444
          77777777777777777777777777777777777777777777777777777777777777777777777777777777744555555466666655555554444444
          77777777777777777777      777777777777777777777777777777777777777777777777777777774455565688886665555555544444
