77744777777777777777777777444444444777777777777                                            7777    455555555555555554444
777777777777777777777777774444444447777777777777                                          77777    455555555555555554444
7777777777777777777777777744444444447777777777777                                         77777    455555555555555444444
7777777777777777777777777444444444447777777777777                                         77777    455555555555555544444
77777777777777777777777774444444444477777777777777                                      7777777    455555555555555544444
777777777777777777777777444444444444477777777777777                                     7777777    455555555555555554444
 77777777777777777777777444444444444477777777777777                                    77777777    455555555555555445444
 7777777777777777777777744444444444447777777777777                                    777777777    455555555555555444444
  7777777777777777777777744444444444477777777777777                         77777   77777777777    555555555555554444444
   77777777777777777777777444444444447777777777777                    7777777777777777777777777   7555555555555554444444
   77777777777777777777774444444444447777777777777                 77777777777777777777777777777 77555555555555544444444
    7777777777777777777774444444444447777777777777       777       77777777777777777777777777777777555555555555544444444
    7777777777777777777777444444444447777777             77457             777777   755555447777774565555555555444444444
     77777777777777777777744444444444777                 745455       77777777777774888888888865446566555555555444444444
      7777777777777777777744444444444777 7               55554554     54777777777758888888888888888666554555554444444444
      7777777777777777777744444444444777 7              7655555667   777777777777588888856688888888886554555554444444444
       777777777777777777774444444444777 7               556555566555555544444445888888844445555568686544555555444444444
       777777777777777777777444444444777 7                45655555555555555444446888888854444444456655555555554444444444
        77777777777777777777444444447777 7                45665554455555555665458888888865444444456655555555544444444444
         7777777777777777777744444447777                   4666654445555445688888888888855444444456655555555544444444444
         7777777777777777777744444447777                     76886555555445888888888888854444444466655555555544444444444
          777777777777777777744444447777                      6888665554448888888888888844744444466655555555544444444444
           77777777777777777744444447777                       586474444558888888888888644777444466655555555554444444444
           77777777777777777744444447777  7                                468888888888888657777466655555555554444444444
            7777777777777777744444447777                                     7688888888888888577766665555555554444444444
            77777777777777777444444477777                                      68888888888888885765565555555554444444444
             7777777777777777744444477777                                       7566868888888888865556555555555444444444
              77777777777777744444447777777                                            745888888886556555555555444444444
              777777777777777444444477777777777                                            74688888555555555554444444444
               777777777777774444444777777777777777                                     7 775888886555555555555444444444
                777777777777444444444447777777777777777                               7777768888645555555555555544444444
                777777777777444444444447777777777777777777777777777777777           777777688888745555555555555444444444
                 7777777777744444444777777777777777777777777777777777777777777777777777775888867745555555555555444444444
                  777777777444444477777777777777777777777777777777777777777777777777777748888677745555555555555544444444
                  777777777444477777777777777777777777777777777777777777777777777777777758886777745566655555555544444444
                   77777774447777777777777777777777777777777777777777777777777777777777468864444456666666655555544444444
                   77777744777777777777777777777777777777777777777777777777777777777777445644555666666666665555544444444
                    7777477777777777777777777777777777777777777777777777777777777777774444554555566666666665555554444444
                     777777777777777777777777777777777777777777777777777777777777777777444445564465566666655555554444444
               77777 777777777777777777777777777777777777777777777777777777777777777777777744564555566666655555554444444
               7777777777777777      77777777777777777777    77777777777777777777777777777777555555466666655555555444444
              777777777777              7  77 7777777        77777777777777777777777777777777455565688886655555555544444
