7774477777777777777777774444444444477777777777777                                        777777    455555555555555554444
77777777777777777777777744444444444477777777777777                                       777777    455555555555555554444
77777777777777777777777744444444444477777777777777                                       777777    455555555555555544444
777777777777777777777777444444444444477777777777777                                     7777777    455555555555555544444
7777777777777777777777774444444444444777777777777777                                    7777777    455555555555555544444
7777777777777777777777744444444444444777777777777777                                     777777    455555555555555554444
 777777777777777777777444444444444444777777777777777777                                 7777777    455555555555555455444
 7777777777777777777777444444444444444777777777777777777              777            7777777777    455555555555555444444
  777777777777777777777744444444444444777777777777777777             7777777       777777777777    555555555555554444444
   777777777777777777777444444444444447777777777777777777         77777777777777777777777777777    555555555555554444444
   777777777777777777774444444444444447777777777777777777777     777777777777777777777777777777   7555555555555545444444
    77777777777777777777444444444444447777777777777777777777    77777777777777777777777777777777777555555555555544444444
    77777777777777777777444444444444447777777      7447              7777777              777777774555555555555444444444
     77777777777777777774444444444444477 77        44456657         7777777777777777566655555477746555555555554444444444
      7777777777777777774444444444444477 7         445556654         754777777777468888888888886656666554555554444444444
      7777777777777777774444444444444477 7         7655556667  777777747777777758888888888888888888886554555554444444444
       777777777777777777444444444444477 7          46655566655555554444444445888888886445666666668886544555554444444444
       777777777777777777444444444444477 7          75555555555555555554444468888888864444477777756555555555554444444444
        77777777777777777744444444444777 7           4566555445555545588865688888888854444477777756555555555544444444444
         7777777777777777774444444444777 77           766865545555544888888888888888544444444777756555555555444444444444
         7777777777777777774444444444777  7              588865555445888888888888885444444444444456555555555444444444444
          777777777777777777444444444777  7              588866655556888888888888857777774744444466555555555444444444444
           77777777777777777444444444777  7                564    777458888888888886577774777444466555555555444444444444
           777777777777777774444444447777 7                            7688888888888885777 77777466555555555544444444444
            77777777777777774444444477777 7                              68888888888888857  7777765555555555444444444444
            77777777777777774444444477777 7                               468888888888888857  77765555555555544444444444
             7777777777777774444444477777                                    7774468888888884  7765555555555554444444444
              777777777777777444444477777777                                        456888886 77745555555555444444444444
              77777777777777444444444777777777777777                                   788885    75555555555544444444444
               777777777777744444444477777777777777777     777                        7688887    75555555555545444444444
                77777777777444444444444477777777777777777 7777                        4888867    75555555555555444444444
                7777777777774444444444477777777777777777777777777777777777       777775888857    45555555555554444444444
                 7777777777444444444477777777777777777777777777777777777777777777777776888847777745555555555554444444444
                 7777777777444444477777777777777777777777777777777777777777777777777775888644777745555555555555444444444
                  777777774444447777777777777777777777777777777777777777777777777777775888544777745555555555555544444444
                   77777774447777777777777777777777777777777777777777777777777777777775888444444456666666555555544444444
                   77777744777777777777777777777777777777777777777777777777777777777775688444555666666666665555544444444
                    7777477777777777777777777777777777777777777777777777777777777777774445544555566666666665555544444444
                 7  7777777777777777777777777777777777777777777777777777777777777777774444555554455566666655555554444444
              777777 777777777777777777777777777777777777777777777777777777777777777774444444564555566666655555554444444
            777777777777777777777 77777777777777777777777777777777777777777777777777777777744555555466666655555554444444
            7777777777777777          7777777777777777777777777777777777777777777777777777777455565688886655555555544444
