777447777777777777777777444444444447777777777777                                         777777    455555555555555554444
7777777777777777777777774444444444447777777777777                                        777777    455555555555555444444
77777777777777777777777744444444444477777777777777                                       777777    455555555555555444444
77777777777777777777777744444444444477777777777777                                       777777    455555555555554444444
777777777777777777777777444444444444477777777777777                                     7777777    455555555555554444444
7777777777777777777777744444444444444777777777777777                                    7777777    455555555555544444444
 777777777777777777777744444444444444777777777777777                                    7777777    455555555555554444444
 777777777777777777777744444444444444777777777777777              77                    7777777    455555555555544444444
  7777777777777777777777444444444444477777777777777777           777777777 7777         7777777    555555555555444444444
   777777777777777777777444444444444477777777777777777          7777777777777777        777777     555555555555444444444
   77777777777777777777444444444444444777777777477777777   7   7777777777777777777777777777777     555555555554444444444
    777777777777777777774444444444444477777777445477777777777  77777777777777777777777777777777  77555555555554444444444
    7777777777777777777744444444444444777777 745445657          7777777777777               7777777555555555544444444444
     77777777777777777774444444444444477 7   7555555665        777777747777777777777777777777777746555555555544444444444
      7777777777777777774444444444444477 7    7665555664777447  77777754777777777777777777777777746555554555544444444444
      7777777777777777774444444444444477 7     4565555665555555444447747777774556666888668888888888886554555544444444444
       777777777777777777444444444444477 7      556555445555555555544444456688888888888888888888888886544555544444444444
        77777777777777777744444444444477 7      456666544455554458886656888888888888886668888865566665555555544444444444
        77777777777777777744444444444777 7       75688665555554488888888888888888886544474777777756555555555444444444444
         7777777777777777774444444444777 7          48888655544588888888888888888647777774777777756555555555444444444444
         7777777777777777777444444444777  7          5688655555588888888888888654777777774777777756555555555444444444444
          777777777777777777444444447777  7           464       74688888888884777777777774777777755555555555444444444444
           77777777777777777444444447777  7                       788888888884  7777777774777777755555555555444444444444
           777777777777777774444444477777 7                        688888888884      77777 77777755555555555444444444444
            77777777777777774444444477777 7                         468888888887       777   777755555555554444444444444
            77777777777777774444444477777 7                            468888886               7765555555555444444444444
             7777777777777777444444477777                                58888884                65555555555544444444444
              77777777777777744444447777777                               4888886        777   7745555555555444444444444
              77777777777777444444447777777777777                          7688884               75555555555544444444444
               77777777777774444444447777777777777777                        68886 7777777777    75555555555544444444444
                77777777777744444444444477777777777777777  777               7888877777777777    45555555555545444444444
                777777777777444444444447777777777777777777777777777777777     688887777777777    45555555555554444444444
                 7777777777444444444477777777777777777777777777777777777777777488886477777777777745555555555555444444444
                  777777777444444477777777777777777777777777777777777777777777758888674444444777745555555555555444444444
                  777777774444447777777777777777777777777777777777777777777777775888857774444777745555555555555544444444
                   77777774447777777777777777777777777777777777777777777777777777468885774444444456666666555555544444444
                   77777744777777777777777777777777777777777777777777777777777777746888574444555666666666665555544444444
                    7777477777777777777777777777777777777777777777777777777777777777688654444455566666666665555554444444
                     777777777777777777777777777777777777777777777777777777777777777744455555564565566666655555554444444
               77777 777777777777777777777777777777777777777777777777777777777777777774445544564555566666655555555444444
              777777777777777777    777777777777777777777777777777777777777777777777777444444555565466666655555555544444
              7777777777777            777777777777777777   777777777777777777777777777777777455566688886665555555554444
