77744777777777777777777444444444444477777777777777                                      7777777    455555555555555554444
777777777777777777777774444444444444777777777777777                                     7777777    455555555555555544444
777777777777777777777774444444444444477777777777777                                     7777777    455555555555555444444
7777777777777777777777744444444444444777777777777777                                   77777777    455555555555555444444
77777777777777777777774444444444444447777777777777777                                  77777777    455555555555554444444
7777777777777777777777744444444444444477777777777777777                                77777777    455555555555544444444
 7777777777777777777774444444444444444777777777777777777                               77777777    455555555555554444444
 7777777777777777777777444444444444444777777777777777777                        777777777777777    455555555555544444444
  7777777777777777777774444444444444447777777777777777777                    777777777777777777    555555555555544444444
   777777777777777777774444444444444447777777777777777777            77777777777777777777777777  77555555555555544444444
   7777777777777777777744444444444444477777777777777777777         77777777777777777777777777777777555555555554444444444
    77777777777777777774444444444444444777777777777777777777      777777777777777777777777777777777555555555554444444444
    777777777777777777774444444444444447777777               7447              77777756655544777774555555555544444444444
     77777777777777777774444444444444477 77                  444564   7   7777777777688888888865446566555555554444444444
      7777777777777777774444444444444477 7                   44555657 57     7777775888888888888888666554555544444444444
      7777777777777777774444444444444447 7                  456555566    77777777746888886688888888888554555544444444444
       777777777777777777444444444444447 7                  765655556555455544444448888888445555568686544555544444444444
       777777777777777777444444444444477 7                   45655556665555555444458888888644444456655555555544444444444
        7777777777777777744444444444447777                   74566555455555555654458888888854444456655555555444444444444
         7777777777777777444444444444777777                   7566665444555554568668888888864444466655555555444444444444
         77777777777777777444444444447777 7                     75686654555544588888888888864444466655555555444444444444
          7777777777777777744444444447777 7                       488865555444688888888888864444466655555555444444444444
           777777777777777744444444447777 7                       488644555544888888888888867774466655555555444444444444
           777777777777777744444444447777 7                        77      777468888888888888654765565555555544444444444
            77777777777777744444444447777 7                                     7688888888888888665565555555554444444444
            77777777777777744444444447777 7                                       48888888888888888656655555554444444444
             7777777777777744444444447777                                          7588888888888888886665555554444444444
              777777777777744444444447777777                                          7774446888888888665555554444444444
              7777777777777444444444477777777777777777       7                               745888888865555554444444444
               777777777777444444444477777777777777777777777777                       7777    74688888865555555444444444
                7777777777744444444444447777777777777777777777                      777777777488888886655555555444444444
                77777777777444444444444477777777777777777777777777777777777  7777777777777775888888656555555555444444444
                 7777777777444444444447777777777777777777777777777777777777777777777777777768888865555555555555444444444
                 7777777774444444447777777777777777777777777777777777777777777777777777774688885445555555555555444444444
                  777777774444447777777777777777777777777777777777777777777777777777777746888577745566655555555544444444
                   77777744444777777777777777777777777777777777777777777777777777777774444665444456666866655555544444444
                   77777744777777777777777777777777777777777777777777777777777777777774444554555666666666665555544444444
                    7777477777777777777777777777777777777777777777777777777777777777777444455555566666666665555554444444
               777  7774777777777777777777777777777777777777777777777777777777777777777777444565465566666665555554444444
             77777777777777777777777777777777777777777777777777777777777777777777777777777744555555566666655555554444444
            777777777777777777777777777777777777777777777777777777777777777777777777777777744555555466666655555555444444
          7 77777777777777777       777777777777777777777777777777777777777777777777777777774455565688886665555555554444
