77744777777777777777777444444444444477777777777777                                      7777777    455555555555555554444
777777777777777777777774444444444444777777777777777                                     7777777    455555555555555544444
777777777777777777777774444444444444777777777777777                                     7777777    455555555555555444444
7777777777777777777777744444444444444777777777777777                                    7777777    455555555555555544444
7777777777777777777777744444444444444777777777777777                                    7777777    455555555555554544444
7777777777777777777777744444444444444477777777777777777                                77777777    455555555555554444444
 7777777777777777777774444444444444444777777777777777777                               77777777    455555555555554444444
 7777777777777777777774444444444444444777777777777777777                               77777777    455555555555555444444
  7777777777777777777774444444444444447777777777777777777             777   7777777777777777777    555555555555544444444
   777777777777777777774444444444444447777777777777777777           777777777777777777777777777   7555555555555544444444
   7777777777777777777744444444444444477777777777777777777        777777777777777777777777777777 77555555555555544444444
    77777777777777777777444444444444444777777777777777777777      777777777777777777777777777777777555555555555444444444
    777777777777777777774444444444444447777777            7447              777777  756555544777774555555555554444444444
     77777777777777777774444444444444477 77               7445657     77777777777774688888888865446566555555554444444444
      7777777777777777774444444444444477 7                44545654    54  7777777776888888888888888666554555544444444444
      7777777777777777774444444444444447 7                565555664   77777777777768888866688888888888554555544444444444
       777777777777777774444444444444447 7                55655556655555554444444588888864444555568686544555544444444444
       777777777777777777444444444444477 7                 4565555565555556444444888888885444444456555555555544444444444
        7777777777777777744444444444447777                 4566555445555555565445888888885444444456555555555444444444444
         7777777777777777444444444444477777                 466665544555554568888888888885444444456555555555444444444444
         77777777777777777444444444447777 7                   7588665555544588888888888885444444466555555555444444444444
          7777777777777777744444444447777 7                    788886554444688888888888884744444466555555555444444444444
           777777777777777774444444447777 7                     58647444555888888888888865777744466555555555444444444444
           777777777777777744444444447777 7                      7          46888888888888865777766555555555544444444444
            77777777777777744444444447777 7                                   468888888888888857765555555555454444444444
            77777777777777744444444447777 7                                    76888888888888888565555555555544444444444
             7777777777777744444444447777                                        468888888888888886556555555554444444444
              777777777777744444444447777777                                            75688888888655555555554444444444
              7777777777777444444444477777777777777777                                     74588888855555555554444444444
               77777777777744444444447777777777777777777777777                        7777774688888555555555555444444444
                77777777777444444444444477777777777777777777777                    7777777758888865555555555555444444444
                77777777777444444444444477777777777777777777777777777777777777777777777777588888545555555555555444444444
                 7777777777444444444477777777777777777777777777777777777777777777777777774888885745555555555555444444444
                 7777777777444444477777777777777777777777777777777777777777777777777777746888647745555555555555444444444
                  777777774444447777777777777777777777777777777777777777777777777777777758886777745566655555555544444444
                   77777744444777777777777777777777777777777777777777777777777777777777468864444456666666655555544444444
                   77777744777777777777777777777777777777777777777777777777777777777774445654555666666666665555544444444
                    7777477777777777777777777777777777777777777777777777777777777777774444554555566666666665555554444444
              7777  7774777777777777777777777777777777777777777777777777777777777777777444445564465566666655555554444444
              7777777777777777777777777777777777777777777777777777777777777777777777777777744565555566666655555554444444
            777777777777777777777777777777777777777777777777777777777777777777777777777777744555565466666655555555444444
          7777777777777777777       777777777777777777777777777777777777777777777777777777774455565688886665555555544444
