77744777777777777777777774444444444777777777777                                            7777    455555555555555554444
7777777777777777777777777444444444447777777777777                                          7777    455555555555555544444
7777777777777777777777777744444444447777777777777                                         77777    455555555555555444444
77777777777777777777777774444444444477777777777777                                       777777    455555555555555544444
777777777777777777777777744444444444777777777777777                                      777777    455555555555554544444
777777777777777777777777444444444444477777777777777                                      777777    455555555555554554444
 77777777777777777777777444444444444477777777777777                                     7777777    455555555555555444444
 777777777777777777777774744444444444777777777777777                                   77777777    455555555555555444444
  7777777777777777777777744444444444477777777777777                          777777   777777777    555555555555554444444
   7777777777777777777777444444444444777777777777777 7                  77777777777777777777777   7555555555555554444444
   7777777777777777777777444444444444777777777777777                 777777777777777777777777777 77555555555555544444444
    7777777777777777777774444444444447777777777777777      77      77777777777777777777777777777777555555555555444444444
    7777777777777777777777444444444447777777               7454              77777  756655544777774555555555555444444444
     77777777777777777777744444444444777                   744557     77777777777774888888888865446566555555554444444444
      7777777777777777777744444444444777 7                74554564    54   777777776888888888888888666554555554444444444
      7777777777777777777744444444444777 7                556555566   77777777777768888865688888888888554555554444444444
       777777777777777777774444444444777 7                45565556655545554744444588888884444555568686544555555444444444
       777777777777777777774444444444777 7                 7565555555555556544444688888886444444456655555555554444444444
        77777777777777777777444444444777 7                 4456655445555555566544888888888444444456655555555544444444444
         7777777777777777777444444447777                    765865544455554458888888888888444444466655555555544444444444
         7777777777777777777744444447777                      7588665555554468888888888886444444466655555555544444444444
          777777777777777777744444447777  7                     68886554544488888888888886744444466655555555544444444444
           77777777777777777744444447777  7                     46864454554588888888888886477744466655555555554444444444
           77777777777777777744444447777  7                      77         45688888888888886477766655555555554444444444
            7777777777777777744444447777                                       58888888888888864765665555555554444444444
            77777777777777777444444477777                                       4688888888888888665566555555554444444444
             7777777777777777444444477777                                         46888888888888888656655555555444444444
              77777777777777744444447777777                                             77568888888866655555555444444444
              7777777777777774444444777777777777                                            7458888886655555554444444444
               7777777777777744444447777777777777777                                    77  7468888866655555555444444444
                777777777777444444444447777777777777777                               7777776888886556555555555444444444
                777777777777444444444447777777777777777777777777777777777           777777768888865555555555555544444444
                 7777777777744444444477777777777777777777777777777777777777777777777777777588888445555555555555444444444
                  777777777444444477777777777777777777777777777777777777777777777777777775888857745555555555555444444444
                  777777777444477777777777777777777777777777777777777777777777777777777748888477745556655555555544444444
                   77777774447777777777777777777777777777777777777777777777777777777777756884444456666866655555544444444
                   77777744777777777777777777777777777777777777777777777777777777777774444654555666666666665555544444444
                    7777477777777777777777777777777777777777777777777777777777777777774444554555566666666665555554444444
                     777777777777777777777777777777777777777777777777777777777777777777744445564465566666655555554444444
               77777 777777777777777777777777777777777777777777777777777777777777777777777744564555566666655555554444444
              77777777777777777      77777777777777777777   777777777777777777777777777777777555555466666655555554444444
              7777777777777            77777777777777        77777777777777777777777777777777455565688886655555555544444
