77744777777777777777777774444444444777777777777                                            7777    455555555555555554444
7777777777777777777777777444444444477777777777777                                        777777    455555555555555544444
7777777777777777777777777444444444447777777777777                                         77777    455555555555555444444
77777777777777777777777774444444444477777777777777                                        77777    455555555555555544444
777777777777777777777777444444444444777777777777777                                      777777    455555555555555544444
777777777777777777777777444444444444477777777777777                                      777777    455555555555554554444
 77777777777777777777777444444444444477777777777777                                     7777777    455555555555555444444
 777777777777777777777774444444444444777777777777777                                   77777777    455555555555555444444
  77777777777777777777777444444444444777777777777777                         7777777 7777777777    555555555555554444444
   7777777777777777777777444444444444777777777777777 7                    777777777777777777777   7555555555555544444444
   7777777777777777777777444444444444777777777777777                7777777777777777777777777777 77555555555555544444444
    77777777777777777777744444444444477777777777777777      7      77777777777777777777777777777777555555555555444444444
    7777777777777777777774444444444447777777               77447              77777 756655544777774565555555555444444444
     77777777777777777777444444444444777                   774454     7 777777777774688888888865446566555555554444444444
      7777777777777777777744444444444777 7                 44554557   57    77777776888888888888888666554555554444444444
      7777777777777777777744444444444777 7                 665555667  77777777777758888865688888888886554555554444444444
       777777777777777777774444444444777 7                 6565555664444454744444488888885444555568686544555555444444444
       777777777777777777774444444444777 7                  456555566555555544444588888888444444456655555555554444444444
        77777777777777777777444444444777 7                  445655544555555556554688888888444444456655555555544444444444
         7777777777777777777744444447777                    756666544445555456888888888888544444466655555555544444444444
         7777777777777777777744444447777                      7468665455554448888888888888444444466655555555544444444444
          777777777777777777744444447777  7                     48886655444458888888888888444444466655555555544444444444
           77777777777777777744444447777  7                     76885455555468888888888888447744466655555555554444444444
           77777777777777777744444447777  7                       47        75688888888888886577766655555555554444444444
            77777777777777777444444477777                                      46888888888888885765665555555554444444444
            77777777777777777444444477777                                        588888888888888865566555555554444444444
             7777777777777777444444477777                                         75688888888888888666655555555444444444
              77777777777777744444447777777                                             77468888888886655555555444444444
              7777777777777774444444777777777777                                            7456888886655555554444444444
               7777777777777744444447777777777777777                                    7    758888886655555555444444444
                777777777777444444444447777777777777777                               7777775888888656555555555544444444
                777777777777444444444447777777777777777777777777777777777           777777758888886555555555555544444444
                 7777777777744444444477777777777777777777777777777777777777777777777777777488888545555555555555444444444
                  777777777444444477777777777777777777777777777777777777777777777777777774888864745555555555555444444444
                  777777777444477777777777777777777777777777777777777777777777777777777748888577745566655555555544444444
                   77777774447777777777777777777777777777777777777777777777777777777777746884444456666866655555544444444
                   77777744777777777777777777777777777777777777777777777777777777777774444554555666666666665555544444444
                    7777477777777777777777777777777777777777777777777777777777777777774444454555566666666665555554444444
                 7  7777777777777777777777777777777777777777777777777777777777777777777774445564455566666655555554444444
               77777 777777777777777777777777777777777777777777777777777777777777777777777744554555566666655555554444444
              77777777777777777      77777777777777777777    77777777777777777777777777777777555555466666655555554444444
              7777777777777            77777777777777        77777777777777777777777777777777455565688886655555555544444
