77744777777777777777777744444444444777777777777                                           77777    455555555555555554445
7777777777777777777777774444444444447777777777777                                        777777    455555555555555555544
7777777777777777777777777444444444447777777777777                                         77777    455555555555555554444
77777777777777777777777744444444444477777777777777                                       777777    455555555555555554444
77777777777777777777777744444444444447777777777777                                      7777777    455555555555555554444
777777777777777777777774444444444444477777777777777                                     7777777    455555555555555555444
 77777777777777777777774444444444444477777777777777                                     7777777    455555555555555555444
 7777777777777777777777444444444444447777777777777                                      7777777    555555555555555555444
  777777777777777777777744444444444447777777777777               77777777              77777777    555555555555555444444
   777777777777777777777444444444444477777777777777  7          7777777777777777      7 7777777    555555555555554444444
   7777777777777777777744444444444444477777777777  777         7777777777777777777777777777777     555555555555555444444
    777777777777777777774444444444444477777777745477777    7   77777777777777777777777777777777   7555555555555545444444
    7777777777777777777744444444444444777777 775446667          777777777777                 777777555555555555554444444
     77777777777777777774444444444444477      555555665        777777777777777777777777777777777746655555555555554444444
      7777777777777777774444444444444477 7    7555556667  7777 777777754777777777777777777777777746665554555555444444444
      7777777777777777777444444444444477 7     4655556655555555774477747777777444445555555666666668886554555555444444444
       777777777777777777444444444444777 7     7555555455555555555544444455688888888888888888888888888544555555444444444
        77777777777777777744444444444777 7      466665444455554458886556888888888888888888888888668666555555554444444444
        77777777777777777774444444444777 7        5686655555544488888888888888888888654455555447756655555555554444444444
         7777777777777777774444444444777            68886655544588888888888888888854444444777777756555555555554444444444
         7777777777777777777444444447777            56886555555688888888888888865444444444777777756555555555544444444444
          777777777777777777744444447777              55        75888888888884777777777774777777756555555555554444444444
           77777777777777777744444447777  7                       4888888888884 7777777774777777755555555555554444444444
           77777777777777777744444447777  7                        5888888888885   7777774777777765555555555554444444444
            7777777777777777444444447777                            7688888888885    77777 77777765555555555555444444444
            77777777777777774444444477777                              77588888886           777765555555555554444444444
             7777777777777777444444477777                                  58888884            7765555555555555444444444
              77777777777777744444447777777                                  5888887    77777  7745555555555555544444444
              777777777777774444444477777777777                               768885    777     775555555555554544444444
               7777777777777444444447777777777777777                           48886777777777    75555555555555544444444
                777777777777444444444444777777777777777                        78888577777777    45555555555555544444444
                7777777777774444444444447777777777777777777777777777777777      6888847777777    45555555555555544444444
                 7777777777444444444477777777777777777777777777777777777777777774888867777777777745555555555555544444444
                  777777777444444477777777777777777777777777777777777777777777777468885444444777745555555555555544444444
                  777777777444447777777777777777777777777777777777777777777777777746888474444777745555555555555544444444
                   77777774447777777777777777777777777777777777777777777777777777774888644444444456666666555555554444444
                   77777744777777777777777777777777777777777777777777777777777777777488854444555666666666665555544444444
                    7777477777777777777777777777777777777777777777777777777777777777745455444555566666666665555554444444
                     777777777777777777777777777777777777777777777777777777777777777774444555554565566666655555554444444
               77777 777777777777777777777777777777777777777777777777777777777777777774454444564555566666655555555444444
              77777777777777777     777777777777777777777777 77777777777777777777777777777774555565466666655555555544444
              777777777777             777777777777777777    77777777777777777777777777777777455565688886655555555554444
