7774477777777777777777777444444444477777777777                                            77777    455555555555555554444
777777777777777777777777774444444447777777777777                                          77777    455555555555555554444
7777777777777777777777777444444444447777777777777                                         77777    455555555555555544444
7777777777777777777777777744444444447777777777777                                        777777    455555555555555544444
7777777777777777777777777444444444447777777777777                                        777777    455555555555555544444
77777777777777777777777744444444444477777777777777                                      7777777    455555555555555554444
 7777777777777777777777744444444444447777777777777                                    777777777    455555555555555445444
 777777777777777777777777444444444444777777777777                      7            77777777777    555555555555555444444
  77777777777777777777774444444444444777777777777                     7777777     7777777777777    555555555555554444444
   7777777777777777777777444444444444777777777777                   777777777777777777777777777    555555555555554444444
   7777777777777777777777444444444444777777777777                 77777777777777777777777777777  77555555555555544444444
    777777777777777777777444444444444777777777777   77447         777777777777777777777777777777777555555555555444444444
    777777777777777777777744444444444777777         774454            7777777        77  7777777774555555555555444444444
     77777777777777777777744444444444777            74454564         777777777777774688866666544746666555555554444444444
      7777777777777777777744444444444777 7           55555566        754777777777468888888888888868666554555554444444444
      7777777777777777777744444444444777 7           6555556657777447744777777746888888888888888888886554555554444444444
       777777777777777777774444444444777 7           7565555665555555444444444688888888445556665668886544555555444444444
        77777777777777777774444444444777 7            456555545555555565544446888888885444444777756655555555554444444444
        77777777777777777777444444447777 7            756665544455555456886568888888884444444477756555555555544444444444
         7777777777777777777444444447777                4586654455554458888888888888854444444444456555555555544444444444
         7777777777777777777744444447777                  58886555544468888888888888644444444444456555555555544444444444
          777777777777777777744444447777                  46886565555588888888888886777444744444466555555555544444444444
           77777777777777777744444447777                    54     77756888888888886547774774444466555555555554444444444
           77777777777777777744444447777                                468888888888888574777774466555555555554444444444
            7777777777777777744444447777                                  6888888888888885777777766555555555554444444444
            77777777777777777444444477777                                  468888888888888857 77765555555555554444444444
             7777777777777777444444477777                                    74444568888888887 7765555555555555444444444
              77777777777777744444447777777                                         746688888877745555555555555444444444
              777777777777777444444477777777777                                         768886   75555555555554444444444
               777777777777774444444777777777777777                                    7588884   75555555555555444444444
                777777777777444444444447777777777777777                               7488886    45555555555555544444444
                777777777777444444444447777777777777777777777777777777777            77688885    45555555555555544444444
                 7777777777744444444777777777777777777777777777777777777777777777777777688887777745555555555555444444444
                  777777777444444777777777777777777777777777777777777777777777777777777888854777745555555555555544444444
                  777777777444477777777777777777777777777777777777777777777777777777777888644777745565555555555544444444
                   77777774447777777777777777777777777777777777777777777777777777777774888544444456666666555555554444444
                   77777744777777777777777777777777777777777777777777777777777777777774668544555666666666665555544444444
                    7777477777777777777777777777777777777777777777777777777777777777774445544555566666666665555554444444
                     777777777777777777777777777777777777777777777777777777777777777774444555554565566666655555554444444
                 777 777777777777777777777777777777777777777777777777777777777777777777444444564555566666655555554444444
               777777777777777        7777777777777777777     7777777777777777777777777777774555555466666655555555444444
              777777777777                 7  777777          7777777777777777777777777777777455565688886655555555554444
