777447777777777777777777444444444447777777777777                                         777777    455555555555555554444
7777777777777777777777774444444444447777777777777                                        777777    455555555555555444444
7777777777777777777777777444444444447777777777777                                        777777    455555555555554444444
7777777777777777777777774444444444447777777777777                                        777777    455555555555554444444
77777777777777777777777744444444444447777777777777                                      7777777    455555555555554444444
777777777777777777777774444444444444477777777777777                                     7777777    455555555555544444444
 77777777777777777777774444444444444477777777777777                                     7777777    455555555555544444444
 7777777777777777777777744444444444447777777777777 7                                    7777777    555555555555544444444
  7777777777777777777777444444444444477777777777777                77777      77       77777777    555555555555444444444
   777777777777777777777444444444444477777777777777  7           7777777777777777       777777     555555555555544444444
   7777777777777777777774444444444444477777777777               777777777777777777777777777777     555555555554444444444
    77777777777777777777444444444444447777777774447777         77777777777777777777777777777777  77555555555554444444444
    7777777777777777777744444444444444777777  74445554           77777777777                 777774555555555544444444444
     77777777777777777777444444444444477      7455456657         7777777777777777777777777777777746655555555554444444444
      7777777777777777777444444444444477 7     4655556667        777775477   7777774555445555544446665554555544444444444
      7777777777777777777444444444444477 7      566555666555555547777747777777456888888888888888888886554555544444444444
       777777777777777777444444444444777 7       56555555555555555444444444568888888888888888888888886544555554444444444
        77777777777777777774444444444777 7       44666554445555555665444468888888888865556666655556665555555554444444444
        77777777777777777774444444444777 7        7668665545555445888866888888888888544444777777756555555555544444444444
         7777777777777777777444444447777            74688865554446888888888888888864444444777777756555555555444444444444
         7777777777777777777444444447777              688866655548888888888888886444444444777777756555555555444444444444
          777777777777777777744444447777               7867  77445888888888888647777777774777777756555555555544444444444
           77777777777777777744444447777                           58888888888857777777774777777766555555555454444444444
           77777777777777777744444447777                            48888888888884  777774777777765555555555544444444444
            7777777777777777744444447777                             48888888888885   7777777777765555555555554444444444
            77777777777777777444444477777                              45688888888867       7777765555555555544444444444
             7777777777777777444444477777                                   4688888887         7765555555555554444444444
              77777777777777744444447777777                                   468888887  7777   745555555555554444444444
              777777777777777444444477777777777                                 7588885          75555555555554444444444
               7777777777777444444447777777777777777                              58885777777    75555555555555444444444
                777777777777444444444447777777777777777                           58885777777    45555555555555444444444
                777777777777444444444447777777777777777777777777777777777         68888777777    45555555555555544444444
                 7777777777744444444477777777777777777777777777777777777777777777758888477777777745555555555555444444444
                  777777777444444477777777777777777777777777777777777777777777777748888544444777745555555555555544444444
                  777777777444447777777777777777777777777777777777777777777777777775888674444777445565655555555544444444
                   77777774447777777777777777777777777777777777777777777777777777777688874444444456666666655555554444444
                   77777744777777777777777777777777777777777777777777777777777777777488854444555666666666665555555444444
                    7777477777777777777777777777777777777777777777777777777777777777768864444555566666666665555555444444
                     777777777777777777777777777777777777777777777777777777777777777774455555564565566666655555555544444
                7777 777777777777777777777777777777777777777777777777777777777777777774445554564565566666655555555544444
               7777777777777777      777777777777777777777  777777777777777777777777777454444555565466666655555555544444
              777777777777             77777777777777        77777777777777777777777777777774455566688886665555555554444
