777447777777777777777777444444444447777777777777                                         777777    455555555555555444444
7777777777777777777777744444444444447777777777777                                        777777    455555555555554444444
77777777777777777777777444444444444477777777777777                                      7777777    455555555555554444444
77777777777777777777777744444444444447777777777777                                      7777777    455555555555554444444
777777777777777777777774444444444444477777777777777                                     7777777    455555555555444444444
7777777777777777777777744444444444444777777777777777                                   77777777    455555555555544444444
 777777777777777777777444444444444444777777777777777                                    7777777    455555555555544444444
 777777777777777777777744444444444444777777777777777                                    7777777    555555555555444444444
  77777777777777777777744444444444444777777777777777             7777777777             7777777    555555555554444444444
   777777777777777777777444444444444447777777777777777          77777777777777          777777     555555555554444444444
   7777777777777777777744444444444444477777777777777777    7   7777777777777777777777777777777     555555555554444444444
    777777777777777777744444444444444477777774547777777   777 777777777777777777777777777777777  77555555555544444444444
    777777777777777777774444444444444477777744545457           777777777777                77777777555555555544444444444
     77777777777777777774444444444444477    7555555647         777777777777777777777777777777777746555555555544444444444
      7777777777777777774444444444444477 7   4655555667  7777  777777754777777777777777777777777746665554555544444444444
      7777777777777777774444444444444477 7    56655555555555564444777747777455666668888688888888888886554555544444444444
       777777777777777777444444444444477 7    75665555455555555555544444568888888888888888888888888886544555544444444444
        77777777777777777444444444444777 7     4466655444555544468888668888888888888886668888866566665555555544444444444
        77777777777777777744444444444777 7      466686665555544588888888888888888886544444477777756555555555444444444444
         7777777777777777774444444444777          7468886655544688888888888888888544444444777777756555555555444444444444
         7777777777777777777444444447777            76688555555688888888888886547774777774777777756555555555444444444444
          777777777777777777444444447777  7           564        4688888888885777777777774777777756555555555444444444444
           77777777777777777444444447777  7                       76888888888867 777777774777777755555555555444444444444
           77777777777777777744444447777  7                        76888888888887    77777 77777765555555555544444444444
            7777777777777777444444447777  7                          7566888888884    7777  7777765555555555444444444444
            77777777777777774444444477777                                 588888887           77765555555555544444444444
             7777777777777774444444477777                                   5888886            7765555555555554444444444
              77777777777777444444447777777                                   588885     777   7745555555555554444444444
              7777777777777744444444777777777777                               48886             75555555555554444444444
               77777777777774444444447777777777777777                          78888477777777    75555555555555444444444
                77777777777744444444444477777777777777777  77                   6888877777777    45555555555555444444444
                777777777777444444444444777777777777777777777777777777777       4888857777777    45555555555555544444444
                 7777777777444444444477777777777777777777777777777777777777777777588884777777777745555555555555444444444
                  777777777444444477777777777777777777777777777777777777777777777758886444444777745555555555555544444444
                  777777774444447777777777777777777777777777777777777777777777777775888574444777445555655555555544444444
                   77777774447777777777777777777777777777777777777777777777777777777588844444444456666666655555554444444
                   77777744777777777777777777777777777777777777777777777777777777777766554444455666666666665555555444444
                    7777477777777777777777777777777777777777777777777777777777777777774444554555566666666665555555444444
                    7777777777777777777777777777777777777777777777777777777777777777774455544564565566666655555555544444
               77777 777777777777777777777777777777777777777777777777777777777777777777447444554565566666655555555544444
              777777777777777777    777777777777777777777777777777777777777777777777777777444555565466666655555555544444
              777777777777            7777777777777777777  7777777777777777777777777777777774455566688886665555555554444
