7774477777777777777777777744444444477777777777                                             7777    755555555555555554444
777777777777777777777777774444444447777777777777                                         777777    455555555555555554444
7777777777777777777777777744444444447777777777777                                         77777    455555555555555444444
7777777777777777777777777744444444447777777777777                                         77777    455555555555555544444
77777777777777777777777774444444444477777777777777                                       777777    455555555555555544444
777777777777777777777777444444444444477777777777777                                    77777777    455555555555555554444
 7777777777777777777777744444444444447777777777777                                    777777777    455555555555555445444
 7777777777777777777777774444444444447777777777777                                  77777777777    455555555555555444444
  777777777777777777777774444444444447777777777777                     77777777    777777777777    555555555555554444444
   7777777777777777777777744444444444777777777777                    77777777777777777777777777   7555555555555554444444
   7777777777777777777777444444444444777777777777                  7777777777777777777777777777  77555555555555544444444
    777777777777777777777444444444444777777777777      7747       777777777777777777777777777777777555555555555444444444
    777777777777777777777744444444444777777            77454             777777     744444777777774565555555555444444444
     77777777777777777777744444444444777               7454554       777777777777774888888888655446666555555555444444444
      7777777777777777777744444444444777 7             45554565      754777777777768888888888888888666554555554444444444
      7777777777777777777744444444444777 7             555555565   77777777777774688888866888888888886554555555444444444
       777777777777777777774444444444777 7             75655556665555554444444458888888544455555568886544555555444444444
        77777777777777777777444444447777 7              4565555555555555554444488888888544444444756655555555554444444444
        77777777777777777777444444447777 7              7566655444555555568654688888888544444444456655555555544444444444
         7777777777777777777744444447777                  56866544555554468888888888888445444444456655555555544444444444
         7777777777777777777744444447777                    488865555544588888888888886444444444466555555555544444444444
          777777777777777777744444447777                    488866655444688888888888884744744444466555555555544444444444
           77777777777777777744444447777                      664 777444688888888888885474777444466655555555554444444444
           77777777777777777744444447777                                 74688888888888886777777466655555555554444444444
            7777777777777777744444447777                                    58888888888888864777766655555555554444444444
            77777777777777777444444477777                                    4888888888888888647765555555555544444444444
             7777777777777777744444477777                                      45666668888888886765555555555555444444444
              77777777777777744444447777777                                           7468888888655555555555555444444444
              777777777777777444444477777777777                                           758888675555555555554444444444
               777777777777774444444777777777777777                                      7488888775555555555555444444444
                777777777777444444444447777777777777777                               7775888887 75555555555555544444444
                77777777777744444444444777777777777777777777777777777777            77777888885  45555555555555544444444
                 7777777777744444444477777777777777777777777777777777777777777777777777758888677745555555555555444444444
                  777777777444444777777777777777777777777777777777777777777777777777777768886777745555555555555544444444
                  777777777444477777777777777777777777777777777777777777777777777777777488864777745565655555555544444444
                   77777774447777777777777777777777777777777777777777777777777777777777588844444456666666555555554444444
                   77777744777777777777777777777777777777777777777777777777777777777777456644555666666666665555544444444
                    7777477777777777777777777777777777777777777777777777777777777777774445554555566666666665555554444444
                     777777777777777777777777777777777777777777777777777777777777777774555455554465566666655555554444444
               77777 777777777777777777777777777777777777777777777777777777777777777777777444564555566666655555554444444
               7777777777777777      7777777777777777777     7 777777777777777777777777777777555555466666655555555444444
              777777777777             7  777 777777          7777777777777777777777777777777455565688886655555555544444
