777447777777777777777777444444444447777777777777                                          77777    455555555555555554444
7777777777777777777777774444444444447777777777777                                        777777    455555555555555554444
77777777777777777777777744444444444477777777777777                                      7777777    455555555555555544444
777777777777777777777777444444444444777777777777777                                     7777777    455555555555555544444
777777777777777777777777444444444444477777777777777                                     7777777    455555555555555544444
7777777777777777777777744444444444444777777777777777                                    7777777    455555555555555554444
 7777777777777777777774444444444444447777777777777777                                   7777777    455555555555555445444
 777777777777777777777744444444444444777777777777777777           7777                  7777777    555555555555555444444
  77777777777777777777774444444444444777777777777777777          777777777   777        7777777    555555555555554444444
   77777777777777777777744444444444444777777777777777777        77777777777777777       777777     555555555555554444444
   777777777777777777774444444444444447777777777777777777 77   7777777777777777777777777777777     555555555555544444444
    777777777777777777774444444444444477777777745477777777777  77777777777777777777777777777777  77555555555555544444444
    77777777777777777777444444444444447777777 44445554          777777777777                 777777555555555554444444444
     77777777777777777774444444444444477 7    4555556647        77777747777777777777777777777777746555555555554444444444
      7777777777777777774444444444444477 7     555556665        77777754777777777777777777777777746565554555554444444444
      7777777777777777774444444444444477 7     7565556665555555777477747777777455566888668888888888886554555554444444444
       777777777777777777444444444444477 7      455555555555555555444444444568888888888888888888888886544555554444444444
       777777777777777777444444444444477 7      456665544455555456866544688888888888886688888866566665555555554444444444
        77777777777777777744444444444777 7       75686654455554458888888888888888888544474444777756555555555544444444444
         7777777777777777744444444444777 7         758886555554468888888888888888854444444777777756555555555444444444444
         7777777777777777774444444444777  7         48888666555588888888888888865444444444777777756555555555444444444444
          777777777777777777444444447777  7          74867   77746888888888888477777777774777777756555555555444444444444
           77777777777777777444444447777  7                       768888888888857777777774777777755555555555444444444444
           777777777777777777444444477777 7                        768888888888867  777774777777765555555555544444444444
            77777777777777774444444477777 7                         768888888888884    777 77777765555555555444444444444
            77777777777777774444444477777 7                            4456888888885          77765555555555544444444444
             7777777777777777444444477777                                   588888885           765555555555544444444444
              777777777777777444444477777777                                  75888887   7777   745555555555444444444444
              77777777777777444444447777777777777                               768884           75555555555544444444444
               77777777777774444444447777777777777777                            688857777777    75555555555545444444444
                7777777777774444444444447777777777777777   777                   588887777777    45555555555555444444444
                7777777777774444444444477777777777777777777777777777777777       588885777777    45555555555554444444444
                 7777777777444444444477777777777777777777777777777777777777777777468886777777777745555555555554444444444
                 7777777777444444477777777777777777777777777777777777777777777777748888444444777745555555555555444444444
                  777777774444477777777777777777777777777777777777777777777777777775888574444777745555555555555544444444
                   77777774447777777777777777777777777777777777777777777777777777777688847444444456666666555555544444444
                   77777744777777777777777777777777777777777777777777777777777777777488864444555666666666665555544444444
                    7777477777777777777777777777777777777777777777777777777777777777745455444555566666666665555544444444
                 7  7777777777777777777777777777777777777777777777777777777777777777774444555554565566666655555554444444
               77777 777777777777777777777777777777777777777777777777777777777777777774454444564555566666655555554444444
              7777777777777777777  7777777777777777777777777777777777777777777777777777777474555555466666655555555444444
             77777777777777           77777777777777777777 7777777777777777777777777777777777455565688886655555555544444
