7774477777777777777777774444444444477777777777777                                         77777    455555555555555554444
77777777777777777777777744444444444477777777777777                                       777777    455555555555555554444
77777777777777777777777774444444444477777777777777                                      7777777    455555555555555544444
777777777777777777777777444444444444477777777777777                                     7777777    455555555555555544444
777777777777777777777777444444444444477777777777777                                     7777777    455555555555555544444
77777777777777777777777444444444444447777777777777777                                   7777777    455555555555555554444
 77777777777777777777774444444444444477777777777777777                                  7777777    455555555555555455444
 777777777777777777777774444444444444777777777777777777              777                7777777    455555555555555444444
  777777777777777777777744444444444447777777777777777777           7777777     7777 77777777777    555555555555554444444
   777777777777777777777444444444444447777777777777777777        77777777777 777777777777777777    555555555555554444444
   777777777777777777774444444444444447777777777777777777777    7777777777777777777777777777777   7555555555555545444444
    77777777777777777777444444444444447777777777777777777777   777777777777777777777777777777777777555555555555544444444
    77777777777777777777444444444444447777777   7454777            7777777                777777774555555555555444444444
     77777777777777777774444444444444477 77     44456664          777777777777777777444777777777746555555555555444444444
      7777777777777777774444444444444477 7      445555665         77775477   7777456888888886655456666554555554444444444
      7777777777777777774444444444444477 7       55555566577744477777747777774568888888888888888888886554555554444444444
       777777777777777777444444444444477 7       75655566655555565444444444568888888886668888888888886544555554444444444
       777777777777777777444444444444477 7        5555555555555555565544456888888888854474444447756555555555554444444444
        77777777777777777774444444444777 7        4566665444555544588888688888888886444444777777756555555555544444444444
         7777777777777777774444444444777 77         56886655555544688888888888888864444444777777756555555555444444444444
         7777777777777777774444444444777  7           488886555544888888888888888544444444747777756555555555444444444444
          777777777777777777444444444777  7           766886555555688888888888867777777774744477756555555555444444444444
           77777777777777777444444447777  7             754        75888888888888547777774777777765555555555444444444444
           777777777777777777444444477777 7                          7888888888888867 7774777777765555555555444444444444
            77777777777777774444444477777 7                           76888888888888857  7 77777765555555555444444444444
            77777777777777774444444477777 7                             4566688888888884     777765555555555544444444444
             7777777777777774444444477777                                     75888888885       765555555555544444444444
              777777777777777444444477777777                                     746888887777   745555555555444444444444
              777777777777774444444477777777777777                                  48886        75555555555544444444444
               77777777777774444444447777777777777777                               588867777    75555555555545444444444
                77777777777744444444444477777777777777777  777                     7688867777    75555555555555444444444
                7777777777774444444444477777777777777777777777777777777777         7688887777    45555555555554444444444
                 77777777774444444444777777777777777777777777777777777777777777777776888877777 7745555555555554444444444
                 7777777777444444477777777777777777777777777777777777777777777777777488884444777745555555555555444444444
                  777777777444447777777777777777777777777777777777777777777777777777768884444777745555555555555444444444
                   77777774447777777777777777777777777777777777777777777777777777777758884444444456666666555555544444444
                   77777744777777777777777777777777777777777777777777777777777777777748885444555666666666665555544444444
                    7777477777777777777777777777777777777777777777777777777777777777774456544555566666666665555544444444
                 7  7777777777777777777777777777777777777777777777777777777777777777774445555554455566666655555554444444
               77777 777777777777777777777777777777777777777777777777777777777777777774454444564555566666655555554444444
             77777777777777777777  7777777777777777777777777777777777777777777777777777777774555555466666655555554444444
            7777777777777777         777777777777777777777 7777777777777777777777777777777777455565688886655555555544444
