777447777777777777777777444444444447777777777777                                         777777    455555555555544444444
7777777777777777777777774444444444447777777777777                                        777777    455555555555544444444
77777777777777777777777774444444444477777777777777                                       777777    455555555555544444444
77777777777777777777777744444444444477777777777777                                      7777777    455555555555444444444
777777777777777777777777444444444444477777777777777                                     7777777    455555555555444444444
7777777777777777777777774444444444444777777777777777                                    7777777    455555555555444444444
 777777777777777777777774444444444444777777777777777                                    7777777    455555555554444444444
 7777777777777777777777744444444444447777777777777777                                   7777777    455555555554444444444
  777777777777777777777744444444444447777777777777777                         77777777777777777    555555555544444444444
   777777777777777777777744444444444477777777777777777                      7777777777777777777   7555555555544444444444
   777777777777777777777744444444444447777777777777777              777777777777777777777777777  77555555555544444444444
    77777777777777777777444444444444447777777777777777             77777777777777777777777777777777555555555544444444444
    7777777777777777777774444444444444777777                7447                    745555544777774555555555544444444444
     77777777777777777777444444444444477                    74454     7    777777777688888888865446566555555544444444444
      7777777777777777777444444444444477 7                  445454    57      777775888888888888888666554555544444444444
      7777777777777777777744444444444477 7                 656555565      7777777778888886688888888888554555444444444444
       777777777777777777774444444444777 7                 6656555565444444474444458888886444555568686444555544444444444
        77777777777777777774444444444777 7                  655644555655555554444468888888544444456655555555444444444444
        77777777777777777774444444444777 7                  744565554455555555544468888888844444456655555555444444444444
         7777777777777777777444444444777                     44666554444555555586588888888854444466655555555444444444444
         7777777777777777777744444444777  7                   7566866654555544688888888888854444466655555555444444444444
          777777777777777777744444447777  7                      7588865545474888888888888854444466655555555444444444444
           77777777777777777744444447777  7                       768655555445888888888888854744466655555555444444444444
           77777777777777777744444447777  7                        45     7774688888888888888654765665555555544444444444
            77777777777777777444444477777 7                                     4688888888888888665566555555444444444444
            77777777777777774444444477777 7                                       58888888888888888666655555544444444444
             7777777777777777444444477777                                          4688888888888888886665555554444444444
              77777777777777744444447777777                                           7777745888888888665555554444444444
              7777777777777744444444777777777777                                              45888888865555554444444444
               77777777777774444444447777777777777777                                         46888888665555555444444444
                777777777777444444444447777777777777777    77                       777777774688888866655555555444444444
                77777777777744444444444777777777777777777777777777777777           7777777748888886555555555554444444444
                 7777777777744444444477777777777777777777777777777777777777777777777777777588888655555555555555444444444
                  777777777444444477777777777777777777777777777777777777777777777777777746888857745555555555555444444444
                  777777774444477777777777777777777777777777777777777777777777777777777746886477745566655555555544444444
                   77777774447777777777777777777777777777777777777777777777777777777774444564444456666666655555554444444
                   77777744777777777777777777777777777777777777777777777777777777777774444454455666666666665555554444444
                    7777477777777777777777777777777777777777777777777777777777777777777744445565566666666665555554444444
                 7  7777777777777777777777777777777777777777777777777777777777777777777777444565465566666665555555444444
               77777 777777777777777777777777777777777777777777777777777777777777777777777744555555566666655555555444444
              777777777777777777    7777777777777777777777  777777777777777777777777777777744555565466666655555555544444
              777777777777             777777777777777     7777777777777777777777777777777774455565688886665555555554444
