77744777777777777777777744444444444477777777777777                                      7777777    455555555555544444444
777777777777777777777774444444444444777777777777777                                     7777777    455555555555444444444
777777777777777777777774444444444444477777777777777                                    77777777    455555555555544444444
7777777777777777777777774444444444444777777777777777                                   77777777    455555555555444444444
77777777777777777777777444444444444447777777777777777                                  77777777    455555555555444444444
7777777777777777777777744444444444444477777777777777777                                77777777    455555555555444444444
 7777777777777777777774444444444444444777777777777777777                              777777777    455555555554444444444
 7777777777777777777777444444444444444777777777777777777                         77777777777777    455555555544444444444
  777777777777777777777444444444444444777777777777777777                      77777777777777777    555555555544444444444
   77777777777777777777744444444444444777777777777777777                     777777777777777777   7555555555544444444444
   777777777777777777774444444444444447777777777777777777          77777777777777777777777777777 77555555555544444444444
    77777777777777777777444444444444444777777777777777777         777777777777777777777777777777777555555555444444444444
    77777777777777777777444444444444447777777                7447                   756666654477774555555555444444444444
     77777777777777777774444444444444477 77                  774557   7      7777777688888888886546556555555444444444444
      7777777777777777774444444444444477 7                   7455557  57        7777888888888888888666554555444444444444
      7777777777777777774444444444444477 7                  465555557        7777775888888668888888888554555444444444444
       777777777777777777444444444444477 7                  885665555477744447774446888888644445568685444455444444444444
       777777777777777777444444444444477 7                  686565455666555555444446888888864444456655555554444444444444
        77777777777777777774444444444477 7                   56456555545555555554446888888885444456655555554444444444444
         7777777777777777744444444444777 77                   5446665544455555556656888888886444466655555555444444444444
         7777777777777777774444444444777  7                   4568686655455554446888888888888444466655555555444444444444
          777777777777777777444444444777  7                     74466888655554458888888888888444466655555555444444444444
           777777777777777774444444447777 7                         5886665544468888888888888544466665555555444444444444
           777777777777777774444444447777 7                          667 77744456888888888888886565565555555544444444444
            77777777777777774444444447777 7                                      756888888888888886666555555444444444444
            77777777777777774444444447777 7                                        7688888888888888886655555544444444444
             7777777777777774444444447777                                            46888888888888888865555554444444444
              777777777777774444444447777777                                            77777468888888886555554444444444
              777777777777774444444447777777777777777                                          7468888886555554444444444
               7777777777777444444444777777777777777777    77                                 75888888886555555444444444
                7777777777774444444444447777777777777777777777                      777777777488888886655555555444444444
                777777777777444444444444777777777777777777777777777777777        777777777775888888665555555555444444444
                 7777777777444444444477777777777777777777777777777777777777777777777777777468888665555555555555444444444
                 7777777777444444447777777777777777777777777777777777777777777777777777745888854745555555555555544444444
                  777777774444447777777777777777777777777777777777777777777777777777777444566477745566655555555544444444
                   77777774444777777777777777777777777777777777777777777777777777777774444564444556666666655555554444444
                   77777444777777777777777777777777777777777777777777777777777777777777744455555666666666665555554444444
                    7777477777777777777777777777777777777777777777777777777777777777777774445665566666666665555554444444
                 7  7777777777777777777777777777777777777777777777777777777777777777777777444555465566666665555555444444
               77777 777777777777777777777777777777777777777777777777777777777777777777777444555565566666655555555444444
            777777777777777777777777777777777777777777777777777777777777777777777777777777444555565466666665555555544444
            7777777777777777         77777777777777777777777777777777777777777777777777777744455566688886665555555554444
