7774477777777777777777774444444444477777777777777                                        777777    455555555555555544444
77777777777777777777777744444444444477777777777777                                       777777    455555555555555444444
77777777777777777777777744444444444477777777777777                                      7777777    455555555555554444444
777777777777777777777777444444444444477777777777777                                     7777777    455555555555554444444
7777777777777777777777774444444444444777777777777777                                    7777777    455555555555544444444
77777777777777777777777444444444444447777777777777777                                  77777777    455555555555544444444
 77777777777777777777774444444444444447777777777777777                                 77777777    455555555555544444444
 777777777777777777777774444444444444477777777777777777                           7777777777777    455555555555444444444
  77777777777777777777774444444444444477777777777777777                        7777777777777777    555555555555444444444
   7777777777777777777774444444444444477777777777777777                     7777777777777777777  77555555555554444444444
   77777777777777777777744444444444444777777777777777777           77777777777777777777777777777 77555555555554444444444
    77777777777777777777444444444444447777777777777777777          77777777777777777777777777777777555555555554444444444
    77777777777777777777744444444444447777777                 7457              7777755555544777774555555555544444444444
     77777777777777777777444444444444477 77                   444557  7    777777777688888888865446566555555544444444444
      7777777777777777777444444444444477 7                   44455564757       77774888888888888888666554555544444444444
      7777777777777777777444444444444477 7                   656555566    7777777776888888688888888888554555544444444444
       777777777777777777444444444444477 7                   56565555654444444744446888888545555568686544555544444444444
       777777777777777777744444444444477 7                    5565555666555555544448888888854444456655555555444444444444
        77777777777777777774444444444777 7                    5456655545555555655448888888884444456655555555444444444444
         7777777777777777774444444444777 7                     756665544455555556658888888885444466655555555444444444444
         7777777777777777777444444444777  7                     74568665455554448888888888886444466655555555444444444444
          777777777777777777744444444777  7                        48888555554468888888888886444466655555555444444444444
           77777777777777777444444447777  7                        76865555544488888888888886774466655555555444444444444
           777777777777777777444444477777 7                         74      77756888888888888865465565555555544444444444
            77777777777777774444444477777 7                                      468888888888888886566555555554444444444
            77777777777777774444444477777 7                                        4888888888888888866655555544444444444
             7777777777777777444444477777                                           768888888888888888665555554444444444
              777777777777777444444477777777                                           744445688888888886555554444444444
              77777777777777444444444777777777777777                                          75688888886555554444444444
               777777777777744444444477777777777777777      7                                  7568888886555555444444444
                77777777777744444444444477777777777777777  777                       77777777758888888665555555444444444
                777777777777444444444447777777777777777777777777777777777        7 7777777774688888866655555555444444444
                 7777777777444444444477777777777777777777777777777777777777777777777777777758888886555555555555444444444
                 7777777777444444477777777777777777777777777777777777777777777777777777774688885445555555555555444444444
                  777777774444447777777777777777777777777777777777777777777777777777777745688577745566655555555544444444
                   77777774447777777777777777777777777777777777777777777777777777777774444565444456666866655555544444444
                   77777744777777777777777777777777777777777777777777777777777777777777444454555666666666665555544444444
                    7777477777777777777777777777777777777777777777777777777777777777777774446555566666666665555554444444
                 7  7777777777777777777777777777777777777777777777777777777777777777777777444565465566666665555554444444
              777777 777777777777777777777777777777777777777777777777777777777777777777777774555555566666655555555444444
             77777777777777777777 77777777777777777777777777777777777777777777777777777777774555555466666655555555544444
            7777777777777777          7777777777777777777   777777777777777777777777777777777455565688886665555555554444
