7774477777777777777777774444444444477777777777                                            77777    455555555555444444444
7777777777777777777777774444444444447777777777777                                        777777    455555555555444444444
77777777777777777777777744444444444477777777777777                                       777777    455555555555544444444
77777777777777777777777744444444444477777777777777                                      7777777    455555555555444444444
777777777777777777777777444444444444477777777777777                                     7777777    455555555554444444444
777777777777777777777774444444444444477777777777777                                     7777777    455555555554444444444
 777777777777777777777444444444444444777777777777777                                    7777777    455555555544444444444
 777777777777777777777744444444444444777777777777777                                     777777    455555555544444444444
  77777777777777777777744444444444444777777777777777                                     77777     555555555544444444444
   777777777777777777777444444444444477777777777777777          777777777777              7777     555555555544444444444
   777777777777777777774444444444444477777777777777777     7   777777777777777           77777     555555555444444444444
    777777777777777777774444444444444477777747777777777   777 77777777777777777          77777    7555555555444444444444
    77777777777777777777444444444444447777744557               777777777                       7777555555555544444444444
     77777777777777777744444444444444477  744555564            77777777777777777 777777777777777746555555555544444444444
      7777777777777777744444444444444477 7 4555555655          7777  7577         77777777777777746555554555544444444444
      7777777777777777774444444444444477 7  46655556654455554 7777777777777774455555665555566666568886554555444444444444
       777777777777777774444444444444477 7   456555555555555555544444444456888888888888888888888888886544455444444444444
        77777777777777777444444444444477 7    45665554445555545588665556888888888888888888888888668666555555444444444444
        77777777777777777444444444444777 7    44668655555555544688888888888888888888654445555447756555555555444444444444
         7777777777777777444444444444777 7     7566888865555444888888888888888888654444444777777756555555555444444444444
         7777777777777777744444444444777  7      74488886655555888888888888888654444777474777777756555555555444444444444
          777777777777777777444444444777  7         75885777777568888888888867777777777774777777755555555555444444444444
           77777777777777777444444447777  7          757         4688888888886777777777774777777755555555555444444444444
           77777777777777777444444447777  7                       78888888888884   7777777777777755555555555444444444444
            77777777777777744444444477777 7                         5688888888885     7777 77777755555555555444444444444
            77777777777777774444444477777 7                             7588888885            77765555555555544444444444
             7777777777777774444444477777                                  58888884             765555555555544444444444
              77777777777777444444447777777                                  468888      7777  7745555555555444444444444
              7777777777777744444444777777777777                               68884            775555555555554444444444
               77777777777774444444447777777777777777                          48886777777777    45555555555555444444444
                777777777774444444444444777777777777777777777                  78888577777777   745555555555555544444444
                777777777777444444444444777777777777777777777777777777777      758888477777777  745555555555555544444444
                 7777777777444444444477777777777777777777777777777777777777777777688884777777777745555555555555544444444
                  777777777444444477777777777777777777777777777777777777777777777768885444444777745555555555555554444444
                  777777774444447777777777777777777777777777777777777777777777777776888474444477445655655555555554444444
                   77777774447777777777777777777777777777777777777777777777777777777688844444444456666666655555555444444
                   77777744777777777777777777777777777777777777777777777777777777777766555444555666666666665555555444444
                    7777477777777777777777777777777777777777777777777777777777777777744444555565566666666665555555444444
                    7777777777777777777777777777777777777777777777777777777777777777774455544564565566666665555555544444
               77777 777777777777777777777777777777777777777777777777777777777777777777444444555565566666665555555554444
              777777777777777777    777777777777777777777777777777777777777777777777777777444555565466666665555555554444
              777777777777            7777777777777777777777777777777777777777777777777777744455566688886665555555555444
