7774477777777777777777774444444444477777777777777                                        777777    455555555555555554444
7777777777777777777777774444444444447777777777777                                        777777    455555555555555544444
77777777777777777777777744444444444477777777777777                                      7777777    455555555555555444444
777777777777777777777777444444444444477777777777777                                     7777777    455555555555555444444
777777777777777777777777444444444444477777777777777                                     7777777    455555555555554444444
77777777777777777777777444444444444447777777777777777                                  77777777    455555555555544444444
 77777777777777777777744444444444444477777777777777777                              77777777777    455555555555554444444
 777777777777777777777744444444444444477777777777777777              777777        777777777777    455555555555544444444
  77777777777777777777744444444444444477777777777777777             777777777    77777777777777    555555555555544444444
   7777777777777777777774444444444444477777777777777777           7777777777777777777777777777     555555555555444444444
   777777777777777777774444444444444447777777777777777777        777777777777777777777777777777   7555555555554444444444
    77777777777777777777444444444444447777777777777744477777    77777777777777777777777777777777777555555555554444444444
    77777777777777777777444444444444444777777      77445447          777777777              7777774555555555544444444444
     77777777777777777774444444444444477 77         44545664        7777777777777777455444447777746555555555544444444444
      7777777777777777774444444444444477 7          455555666       7754777777777746888888888866556665554555544444444444
      7777777777777777774444444444444477 7           5655566647744477744777777775888888888888888888886554555544444444444
       777777777777777777444444444444477 7           4555556665555555444444444588888888556888888888886544555444444444444
       777777777777777777444444444444477 7           4556555455555555654444446888888885444444477756555555555444444444444
        77777777777777777444444444444477 7            466665444555555566544488888888854444447777756555555555444444444444
         7777777777777777744444444444777 77             4686654555544588888888888888844444444777756555555555444444444444
         7777777777777777744444444444777  7              788886555444688888888888888444444444444456555555555444444444444
          777777777777777774444444444777  7              766885555555888888888888884777774744444466555555555444444444444
           777777777777777774444444447777 7                44     777568888888888865477774774444466555555555444444444444
           777777777777777774444444447777 7                            4688888888888885774777774466555555555444444444444
            77777777777777774444444447777 7                             768888888888888854 77777765555555554444444444444
            77777777777777774444444477777 7                               588888888888888864  77765555555555544444444444
             7777777777777774444444477777                                  745555668888888885777765555555555544444444444
              777777777777774444444477777777                                       7456888888477745555555555444444444444
              777777777777744444444447777777777777777                                   588887   75555555555544444444444
               777777777777744444444477777777777777777     777                         488885    75555555555545444444444
                7777777777744444444444447777777777777777777777                       77688884    75555555555555444444444
                7777777777774444444444477777777777777777777777777777777777      7777774888867    45555555555554444444444
                 7777777777444444444477777777777777777777777777777777777777777777777774888857777745555555555555444444444
                 7777777777444444477777777777777777777777777777777777777777777777777774888644777745555555555555444444444
                  777777774444447777777777777777777777777777777777777777777777777777774888544777745565555555555444444444
                   77777774447777777777777777777777777777777777777777777777777777777775888444444456666666655555544444444
                   77777744777777777777777777777777777777777777777777777777777777777775668444555666666666665555544444444
                    7777477777777777777777777777777777777777777777777777777777777777774445544455566666666665555554444444
                77  7777777777777777777777777777777777777777777777777777777777777777774444555564465566666655555554444444
              777777 777777777777777777777777777777777777777777777777777777777777777774444444565555566666655555554444444
             77777777777777777777777777777777777777777777777777777777777777777777777777777444555565466666655555555444444
            7777777777777777         77777777777777777777777777777777777777777777777777777774455565688886665555555554444
