7774477777777777777777777444444444477777777777777                                        777777    755555555555555554444
7777777777777777777777777444444444447777777777777                                        777777    455555555555555544444
77777777777777777777777774444444444477777777777777                                       777777    455555555555555444444
77777777777777777777777774444444444477777777777777                                       777777    455555555555555444444
777777777777777777777777444444444444477777777777777                                     7777777    455555555555554444444
7777777777777777777777774444444444444777777777777777                                     777777    455555555555554444444
 777777777777777777777774444444444444777777777777777                                    7777777    455555555555554444444
 7777777777777777777777744444444444447777777777777777                                  77777777    455555555555544444444
  7777777777777777777777444444444444477777777777777777                         7777  7777777777    555555555555544444444
   777777777777777777777744444444444477777777777777777                      7777777777777777777   7555555555555544444444
   777777777777777777777744444444444477777777777777777               777777777777777777777777777 77555555555555444444444
    777777777777777777777444444444444477777777777777777            77777777777777777777777777777777555555555555444444444
    7777777777777777777777444444444444777777                747                777  744444447777774555555555554444444444
     77777777777777777777444444444444477                   774554     7  7 777777777688888888665446566555555554444444444
      7777777777777777777444444444444477 7                  7554567   57      777775888888888888888666554555554444444444
      7777777777777777777744444444444477 7                 555555665  7  77777777748888886888888888888554555544444444444
       777777777777777777774444444444477 7                 5565555664744444774444468888885445555568886544555554444444444
       777777777777777777774444444444777 7                  456555566555555544444488888888444444456665555555554444444444
        77777777777777777774444444444777 7                  745655555555555555544588888888544444456655555555544444444444
         7777777777777777777444444447777                     46665554445555555665688888888644444466655555555544444444444
         7777777777777777777744444447777  7                   7568665445555445888888888888644444466655555555444444444444
          777777777777777777744444447777  7                      6888655554446888888888888644444466655555555544444444444
           77777777777777777744444447777  7                      5888655554448888888888888677744466655555555554444444444
           77777777777777777744444447777  7                       457    77776888888888888886547466665555555554444444444
            77777777777777777444444477777                                      46888888888888886465665555555554444444444
            77777777777777774444444477777                                        488888888888888886566555555554444444444
             7777777777777777444444477777                                         76888888888888888866655555554444444444
              777777777777777444444477777777                                         74444568888888886665555555444444444
              7777777777777774444444777777777777                                            7568888888665555554444444444
               7777777777777744444447777777777777777                                          75888888665555555444444444
                7777777777777444444444477777777777777777                             77777777688888866655555555444444444
                777777777777444444444447777777777777777777777777777777777           777777776888888555555555555444444444
                 7777777777744444444477777777777777777777777777777777777777777777777777777468888865555555555555444444444
                  777777777444444477777777777777777777777777777777777777777777777777777774888885745555555555555444444444
                  777777777444477777777777777777777777777777777777777777777777777777777748888577745566655555555544444444
                   77777774447777777777777777777777777777777777777777777777777777777777445885444456666866655555544444444
                   77777744777777777777777777777777777777777777777777777777777777777774444554555666666666665555544444444
                    7777477777777777777777777777777777777777777777777777777777777777777444455555566666666665555554444444
                 7  7777777777777777777777777777777777777777777777777777777777777777777774445564455566666655555554444444
               77777 777777777777777777777777777777777777777777777777777777777777777777777744554555566666655555554444444
              777777777777777777     777777777777777777777   77777777777777777777777777777774555555466666655555555444444
              7777777777777            77777777777777        77777777777777777777777777777777455565688886665555555544444
