77744777777777777777777744444444444777777777777                                           77777    455555555555555554444
7777777777777777777777774444444444447777777777777                                        777777    455555555555555544444
7777777777777777777777777444444444447777777777777                                         77777    455555555555555444444
77777777777777777777777744444444444477777777777777                                        77777    455555555555555444444
77777777777777777777777744444444444477777777777777                                      7777777    455555555555554444444
777777777777777777777774444444444444477777777777777                                     7777777    455555555555554444444
 77777777777777777777777444444444444477777777777777                                     7777777    455555555555554444444
 777777777777777777777774444444444444777777777777777                                    7777777    555555555555554444444
  77777777777777777777774444444444444777777777777777                                    7777777    555555555555544444444
   7777777777777777777774444444444444777777777777777 7           77777777777777         777777     555555555555544444444
   77777777777777777777744444444444447777777777777777           7777777777777777       7777777     555555555555544444444
    777777777777777777774444444444444477777777447777777    7   7777777777777777777       77777    7555555555555444444444
    7777777777777777777744444444444444777777 74454747           77777777                       7777555555555554444444444
     77777777777777777777444444444444477     745446664          7777777777777777  77777777777777746555555555554444444444
      7777777777777777774444444444444477 7    555555666         77777757          77777777777777746665554555554444444444
      7777777777777777777444444444444477 7    75655556654445547777777777777777777444555555666666668886554555554444444444
       777777777777777777444444444444477 7     7565555555555556544444444444566888888888888888888888886544555555444444444
        77777777777777777744444444444777 7      456655445555555556654444568888888888888888888888668666555555554444444444
        77777777777777777774444444444777 7      756666544455554468888868888888888888864455555447756555555555544444444444
         7777777777777777774444444444777          7568866555544488888888888888888865444444777777756555555555544444444444
         7777777777777777777444444447777            48888665555588888888888888886544444444777777756555555555444444444444
          777777777777777777744444447777             4688477444468888888888886577777777774777777756555555555544444444444
           77777777777777777744444447777  7            7          588888888885777777777774777777755555555555554444444444
           77777777777777777744444447777  7                        6888888888867  77777774777777765555555555554444444444
            7777777777777777744444447777                            5888888888887    77777777777765555555555554444444444
            77777777777777774444444477777                            7456888888887         77777765555555555544444444444
             7777777777777777444444477777                                 588888887           77765555555555554444444444
              77777777777777744444447777777                                 5888886     77777 77745555555555554444444444
              777777777777774444444477777777777                              7588884   777      745555555555554444444444
               7777777777777744444447777777777777777                           58886777777777    45555555555555444444444
                7777777777774444444444477777777777777777                       78888777777777    45555555555555544444444
                777777777777444444444447777777777777777777777777777777777      76888677777777    45555555555555544444444
                 7777777777744444444477777777777777777777777777777777777777777775888857777777777745555555555555444444444
                  777777777444444477777777777777777777777777777777777777777777777688884444444777745555555555555544444444
                  777777777444477777777777777777777777777777777777777777777777777468885774444777745555555555555544444444
                   77777774447777777777777777777777777777777777777777777777777777746888474444444456666666555555554444444
                   77777744777777777777777777777777777777777777777777777777777777774688844444555666666666665555544444444
                    7777477777777777777777777777777777777777777777777777777777777777488654444455566666666665555554444444
                     777777777777777777777777777777777777777777777777777777777777777744445555554565566666655555554444444
               77777 777777777777777777777777777777777777777777777777777777777777777774445554564555566666655555555444444
               7777777777777777      77777777777777777777777777777777777777777777777777444444555565466666655555555544444
              777777777777             777777777777777  7    77777777777777777777777777777777455565688886665555555554444
