7774477777777777777777744444444444447777777777777                                       7777777    455555555555544444444
777777777777777777777774444444444444777777777777777                                     7777777    455555555555544444444
777777777777777777777774444444444444477777777777777                                    77777777    455555555555544444444
7777777777777777777777774444444444444777777777777777                                   77777777    455555555555444444444
7777777777777777777777744444444444444777777777777777                                   77777777    455555555554444444444
7777777777777777777777744444444444444477777777777777777                               777777777    455555555555444444444
 777777777777777777777444444444444444477777777777777777                             77777777777    455555555554444444444
 7777777777777777777777444444444444444777777777777777777              7777  7      777777777777    455555555544444444444
  777777777777777777777444444444444444777777777777777777             777777777    7777777777777    555555555544444444444
   77777777777777777777444444444444444777777777777777777           7777777777777777777777777777   7555555555544444444444
   777777777777777777774444444444444447777777777777777777         77777777777777777777777777777  77555555555444444444444
    77777777777777777777444444444444444777777777777777777777     7777777777777777777777777777777777555555555444444444444
    77777777777777777777444444444444444777777        74557               777        468665554777777555555555444444444444
     77777777777777777774444444444444477 77          774554          777777777777776888888888865446555555555444444444444
      7777777777777777774444444444444477 7           7455555         754777777 77488888888888888888666554455444444444444
      7777777777777777774444444444444477 7           556555565    777777777777775888888645668888888886554455444444444444
       777777777777777777444444444444477 7           6656555566655555557444444758888888544474444456665444455444444444444
       777777777777777777444444444444477 7           7655655555555555555544444488888888544444777756555555554444444444444
        77777777777777777744444444444777 7             44566555445555555565444688888888544444447756555555554444444444444
         7777777777777777744444444444477 77            55666665545555544588888888888886444444444456555555554444444444444
         77777777777777777744444444447777 7              466688865555544688888888888885444444444466555555554444444444444
          7777777777777777744444444447777 7                 768886655444888888888888867774744444466555555554444444444444
           777777777777777744444444447777 7                  76867444444688888888888888654777744466555555554444444444444
           777777777777777774444444447777 7                   77         74688888888888888647777765555555555444444444444
            77777777777777744444444477777 7                                 68888888888888886577765555555554444444444444
            77777777777777774444444447777 7                                  4688888888888888884765555555555444444444444
             7777777777777774444444477777                                       7777745688888888465555555555544444444444
              777777777777774444444447777777                                            74468888445555555555444444444444
              777777777777774444444447777777777777777                                     588885 75555555555544444444444
               77777777777774444444447777777777777777777777777                       7777588886  75555555555544444444444
                7777777777774444444444447777777777777777777777                    7777774888887  45555555555555444444444
                7777777777744444444444447777777777777777777777777777777777   77777777777588884   45555555555554444444444
                 7777777777444444444477777777777777777777777777777777777777777777777777788885777745555555555555444444444
                 7777777777444444477777777777777777777777777777777777777777777777777777488864777745555555555555444444444
                  777777774444447777777777777777777777777777777777777777777777777777777688844777745565655555555544444444
                   77777744444777777777777777777777777777777777777777777777777777777777456644444456666666655555554444444
                   77777744777777777777777777777777777777777777777777777777777777777774445554455666666666665555554444444
                    7777477777777777777777777777777777777777777777777777777777777777774545455565566666666665555555444444
                77  7777777777777777777777777777777777777777777777777777777777777777777444444565465566666665555555444444
              777777 777777777777777777777777777777777777777777777777777777777777777777777444555565566666655555555444444
             77777777777777777777777777777777777777777777777777777777777777777777777777777444555565466666655555555544444
            7777777777777777         77777777777777777777777777777777777777777777777777777744455566688886665555555554444
