777447777777777777777774444444444444777777777777777                                     7777777    455555555555555554444
777777777777777777777774444444444444777777777777777                                     7777777    455555555555555554444
777777777777777777777774444444444444477777777777777                                    77777777    455555555555555444444
7777777777777777777777444444444444444777777777777777                                   77777777    455555555555555544444
77777777777777777777777444444444444447777777777777777                                  77777777    455555555555555544444
7777777777777777777777744444444444444477777777777777777                                77777777    455555555555555554444
 7777777777777777777774444444444444444777777777777777777                              777777777    455555555555555445444
 77777777777777777777744444444444444447777777777777777777                      7777777777777777    455555555555555444444
  7777777777777777777774444444444444447777777777777777777             777 7 7777777777777777777    555555555555554444444
   7777777777777777777744444444444444447777777777777777777          777777777777777777777777777  77555555555555554444444
   777777777777777777774444444444444444777777777777777777777      777777777777777777777777777777 77555555555555544444444
    77777777777777777774444444444444444777777777777777777777777   777777777777777777777777777777777555555555555444444444
    777777777777777777774444444444444447777777              7455             7777777755555544777774555555555554444444444
     77777777777777777774444444444444447 77                 445554    77777777777777688888888866546566555555554444444444
      7777777777777777774444444444444447 7                  45555647  54   777777775888888888888888666554555554444444444
      7777777777777777744444444444444447 7                 766555566  77777777777748888886688888888888554555554444444444
       777777777777777774444444444444447 7                 7656555565444454474444468888886444555568686444555554444444444
       777777777777777777444444444444477 7                  756555555655555554444488888888444444456655555555554444444444
        7777777777777777744444444444447777                  745665554555555556554588888888544444456655555555544444444444
         7777777777777777444444444444477777                  76666654445555445888888888888644444466555555555544444444444
         77777777777777777444444444447777 7                    458866555555446888888888888644444466655555555444444444444
          7777777777777777444444444447777 7                      6888655444448888888888888544444466655555555444444444444
           777777777777777744444444447777 7                      4688544455558888888888888547774466655555555544444444444
           777777777777777444444444447777 7                       74         7568888888888888647765655555555554444444444
            77777777777777444444444447777 7                                    75888888888888888565565555555554444444444
            77777777777777744444444447777 7                                      488888888888888886556555555554444444444
             7777777777777444444444447777                                         75688888888888888866655555555444444444
              777777777777744444444447777777                                          7777458888888886665555555444444444
              7777777777777444444444477777777777777777      77                               756888888665555554444444444
               777777777777444444444477777777777777777777777777                       777777  56888886655555555444444444
                77777777777444444444444477777777777777777777777                    7777777774888888656555555555544444444
                7777777777744444444444447777777777777777777777777777777777777 777777777777748888886555555555555444444444
                 7777777777444444444447777777777777777777777777777777777777777777777777777488888655555555555555444444444
                 7777777774444444447777777777777777777777777777777777777777777777777777774888864745555555555555444444444
                  777777774444447777777777777777777777777777777777777777777777777777777748888577745566655555555544444444
                   77777744444777777777777777777777777777777777777777777777777777777777445685444456666866655555544444444
                   77777444477777777777777777777777777777777777777777777777777777777774444554555666666666665555544444444
                    7777477777777777777777777777777777777777777777777777777777777777777444455555566666666665555554444444
              7777  7774777777777777777777777777777777777777777777777777777777777777777774445564465566666655555554444444
           7 77777777777777777777777777777777777777777777777777777777777777777777777777777744565555566666655555554444444
          77777777777777777777777777777777777777777777777777777777777777777777777777777777744555555466666655555554444444
          77777777777777777777     7777777777777777777777777777777777777777777777777777777774455565688886665555555544444
