77744777777777777777777444444444444477777777777777                                      7777777    455555555555555554444
777777777777777777777774444444444444777777777777777                                     7777777    455555555555555554444
7777777777777777777777744444444444444777777777777777                                   77777777    455555555555555544444
7777777777777777777777444444444444444777777777777777                                   77777777    455555555555555544444
77777777777777777777777444444444444447777777777777777                                  77777777    455555555555555544444
7777777777777777777777744444444444444477777777777777777                                77777777    455555555555555554444
 7777777777777777777774444444444444444777777777777777777                             7777777777    455555555555555445444
 77777777777777777777744444444444444447777777777777777777                     7777777 777777777    455555555555555444444
  7777777777777777777774444444444444447777777777777777777             7777777777777777777777777    555555555555554444444
   777777777777777777774444444444444444777777777777777777           777777777777777777777777777   7555555555555554444444
   77777777777777777777444444444444444477777777777777777777       777777777777777777777777777777 77555555555555544444444
    7777777777777777777444444444444444477777777777777777777777    777777777777777777777777777777777555555555555444444444
    777777777777777777744444444444444447777777             74457            77777777755555544777774555555555554444444444
     77777777777777777744444444444444447 777               7454557    77777777777777688888888865446566555555554444444444
      7777777777777777774444444444444447 7                 45554564   54  7777777776888888888888888666554555554444444444
      7777777777777777744444444444444447 7                 655555664  77777777777758888885688888888888554555554444444444
       777777777777777774444444444444447 7                 5565555665545554444444488888885444555568686444555554444444444
       777777777777777774444444444444447 7                  456555556555555644444588888886444444456655555555554444444444
        7777777777777777744444444444447777                  446655544555555566544688888888444444456655555555544444444444
         7777777777777777444444444444477777                  46666554455555456888888888888444444466555555555544444444444
         7777777777777777744444444444777777                    468865555554458888888888888444444466655555555444444444444
          7777777777777777444444444447777 7                     48886655444468888888888888744444466655555555444444444444
           777777777777777444444444447777 7                      5885444455588888888888886447774466655555555554444444444
           777777777777777444444444447777 7                       47         4688888888888886547765655555555554444444444
            77777777777777444444444447777 7                                    46888888888888886465565555555554444444444
            77777777777777444444444447777 7                                     7688888888888888886556555555554444444444
             7777777777777444444444447777                                         45888888888888888866655555555444444444
              777777777777744444444447777777                                            77468888888886655555555444444444
              77777777777774444444444777777777777777777     77                              7458888886655555554444444444
               777777777777444444444477777777777777777777777777                     777777777468888866655555555444444444
                77777777777444444444444477777777777777777777777                    7777777776888888556555555555544444444
                7777777777744444444444447777777777777777777777777777777777777 777777777777758888865555555555555544444444
                 7777777777444444444447777777777777777777777777777777777777777777777777777588888545555555555555444444444
                 7777777774444444447777777777777777777777777777777777777777777777777777775888857745555555555555444444444
                  777777774444447777777777777777777777777777777777777777777777777777777748888477745566655555555544444444
                   77777744444777777777777777777777777777777777777777777777777777777777445884444456666866655555544444444
                   77777444477777777777777777777777777777777777777777777777777777777774444554555666666666665555544444444
                    7777447777777777777777777777777777777777777777777777777777777777774444455555566666666665555554444444
              7777  7774777777777777777777777777777777777777777777777777777777777777777774445564465566666655555554444444
           7 77777777777777777777777777777777777777777777777777777777777777777777777777777744565555566666655555554444444
          77777777777777777777777777777777777777777777777777777777777777777777777777777777744555555466666655555554444444
          77777777777777777777      777777777777777777777777777777777777777777777777777777774455565688886665555555544444
