777447777777777777777777444444444447777777777777                                         777777    455555555555444444444
77777777777777777777777444444444444477777777777777                                       777777    455555555555444444444
777777777777777777777777444444444444777777777777777                                     7777777    455555555555444444444
777777777777777777777777444444444444477777777777777                                     7777777    455555555555444444444
7777777777777777777777774444444444444777777777777777                                   77777777    455555555554444444444
777777777777777777777774444444444444477777777777777777                                 77777777    455555555544444444444
 777777777777777777777744444444444444777777777777777777                                77777777    455555555544444444444
 777777777777777777777744444444444444477777777777777777                              7 77777777    455555555544444444444
  77777777777777777777774444444444444777777777777777777                       77777777777777777    555555555544444444444
   7777777777777777777774444444444444477777777777777777                      777777777777777777   7555555555544444444444
   7777777777777777777744444444444444477777777777777777                7777777777777777777777777 77555555555444444444444
    7777777777777777777744444444444444777777777777777777           77777777777777777777777777777777555555555444444444444
    77777777777777777777444444444444447777777                77                     756666554777774555555555444444444444
     77777777777777777774444444444444477 77                  74557    7      7777777688888888865446556555555444444444444
      7777777777777777774444444444444477 7                   745554   57        7777888888888888888666554455444444444444
      7777777777777777774444444444444477 7                  44555555         7777775888888668888888888554455444444444444
       777777777777777777444444444444477 7                  8656555567  777777777446888888644455568685444455444444444444
       777777777777777777744444444444477 7                  685565555666555555444446888888864444456655555554444444444444
        77777777777777777744444444444777 7                   56566555555555555555445888888885444456655555554444444444444
         7777777777777777744444444444777 77                  75456855544455555556656888888888444466655555555444444444444
         77777777777777777774444444447777 7                   4456566655445555446888888888888444466655555555444444444444
          777777777777777777444444444777  7                     45566888655554448888888888888444466655555555444444444444
           777777777777777744444444477777 7                         4888665544458888888888888544466655555555444444444444
           777777777777777774444444447777 7                          585777744456888888888888886565565555555544444444444
            77777777777777774444444447777 7                          7           756888888888888886666555555444444444444
            77777777777777774444444447777 7                                        7688888888888888866655555544444444444
             7777777777777774444444447777                                            46888888888888888865555554444444444
              777777777777774444444447777777                                            77777468888888886555554444444444
              777777777777774444444447777777777777777                                          7468888886555554444444444
               777777777777744444444477777777777777777777 7777                          7     75888888886555555444444444
                7777777777744444444444447777777777777777777777                      777777777488888888655555555444444444
                777777777777444444444444777777777777777777777777777777777        777777777775888888665555555555444444444
                 7777777777444444444477777777777777777777777777777777777777777777777777777488888665555555555555544444444
                 7777777777444444477777777777777777777777777777777777777777777777777777745888854745555555555555544444444
                  777777774444447777777777777777777777777777777777777777777777777777777444566477745566655555555554444444
                   77777774447777777777777777777777777777777777777777777777777777777774444564444556666866655555554444444
                   77777744777777777777777777777777777777777777777777777777777777777777744455555666666666665555555444444
                    7777477777777777777777777777777777777777777777777777777777777777777774445665566666666665555555444444
                 7  7777777777777777777777777777777777777777777777777777777777777777777777444555465566666665555555444444
              777777 777777777777777777777777777777777777777777777777777777777777777777777444555565566666665555555444444
             77777777777777777777 77777777777777777777777777777777777777777777777777777777444555565466666665555555544444
            7777777777777777          7777777777777777777777777777777777777777777777777777744455566688886665555555554444
