777447777777777777777777744444444447777777777                                              7777    455555555555444444444
777777777777777777777777444444444444777777777777                                         777777    455555555555444444444
7777777777777777777777777444444444447777777777777                                        777777    455555555555544444444
77777777777777777777777744444444444477777777777777                                       777777    455555555555444444444
77777777777777777777777744444444444477777777777777                                      7777777    455555555554444444444
777777777777777777777774444444444444477777777777777                                     7777777    455555555555444444444
 777777777777777777777744444444444444777777777777777                                    7777777    455555555554444444444
 777777777777777777777774444444444444777777777777777                                     777777    455555555544444444444
  77777777777777777777774444444444444777777777777777           7   7777777               77777     555555555544444444444
   777777777777777777777444444444444477777777777777777         777777777777               7777     555555555444444444444
   7777777777777777777744444444444444777777777777777777    7   77777777777777             7777     555555555444444444444
    777777777777777777774444444444444477777445547777777777777777777777777777777          77777    7555555555444444444444
    7777777777777777777744444444444444777777455557            777777777777                      777555555555444444444444
     77777777777777777774444444444444477   755555547          7777777777777777777777777777777777746555555555444444444444
      7777777777777777774444444444444477 7  7565555667  77477 7777777754777     7777777777777777746555554555444444444444
      7777777777777777774444444444444477 7   556555555555555554777777747777744555555555555666666668886554455444444444444
       777777777777777777444444444444477 7   455665554445555555555544444568888888888888888888888888886544455444444444444
        77777777777777777744444444444477 7    74568655544555544588888668888888888888888888888886668665555554444444444444
        77777777777777777744444444444777 7     5586866865555574688888888888888888888654445554477756555555554444444444444
         7777777777777777774444444444777 7      766688886655544888888888888888888544444474777777756555555554444444444444
         7777777777777777777444444444777  7       7746886655555888888888888886547777777774777777756555555554444444444444
          777777777777777777444444447777  7           686       46888888888857777777777774777777755555555554444444444444
           77777777777777777444444447777  7           77          6888888888867 7777777774777777755555555554444444444444
           777777777777777774444444477777 7                        6888888888867    777777 77777755555555554444444444444
            77777777777777774444444477777 7                         7568888888867        7   777 55555555554444444444444
            77777777777777774444444477777 7                             758888886                55555555555444444444444
             7777777777777774444444477777                                 76888885               65555555555444444444444
              77777777777777444444447777777                                 7688887      777   7745555555555444444444444
              7777777777777744444444777777777777                              68885              75555555555444444444444
               77777777777774444444447777777777777777                         788887777777777    45555555555544444444444
                777777777777444444444444777777777777777777 77                  68888777777777    45555555555555444444444
                777777777777444444444447777777777777777777777777777777777      48888677777777    45555555555554444444444
                 7777777777444444444477777777777777777777777777777777777777777775888857777777777745555555555555444444444
                  777777777444444477777777777777777777777777777777777777777777777488884744444777745555555555555544444444
                  777777774444447777777777777777777777777777777777777777777777777746888474444477445555555555555554444444
                   77777774447777777777777777777777777777777777777777777777777777774688844444444456666666655555554444444
                   77777744777777777777777777777777777777777777777777777777777777777466554444455666666666665555555444444
                    7777477777777777777777777777777777777777777777777777777777777777744444555555566666666665555555444444
                    7777777777777777777777777777777777777777777777777777777777777777774455544564565566666655555555544444
               77777 777777777777777777777777777777777777777777777777777777777777777777777444554565566666655555555544444
              777777777777777777    777777777777777777777777777777777777777777777777777777444555565466666655555555544444
              777777777777            7777777777777777777777777777777777777777777777777777774455566688886665555555554444
