77744777777777777777777744444444444777777777777777                                      7777777    455555555555555554444
777777777777777777777777444444444444777777777777777                                     7777777    455555555555555554444
777777777777777777777777444444444444477777777777777                                     7777777    455555555555555544444
7777777777777777777777774444444444444777777777777777                                    7777777    455555555555555544444
77777777777777777777777444444444444447777777777777777                                   7777777    455555555555555544444
777777777777777777777774444444444444447777777777777777                                  7777777    455555555555555554444
 7777777777777777777774444444444444444777777777777777777                               77777777    455555555555555445444
 77777777777777777777774444444444444447777777777777777777                          777777777777    455555555555555444444
  7777777777777777777777444444444444447777777777777777777                        77777777777777    555555555555554444444
   7777777777777777777774444444444444477777777777777777777           777    7777777777777777777  77555555555555554444444
   77777777777777777777444444444444444777777777777777777777        77777777777777777777777777777777555555555555545444444
    77777777777777777777444444444444444777777777777777777777      777777777777777777777777777777774555555555555544444444
    777777777777777777774444444444444447777777                  7                 77745554447777774555555555555444444444
     77777777777777777774444444444444477 77                    7454   7     77777777588888888665446566555555555444444444
      7777777777777777774444444444444447 7                    475555  57        7774888888888888888666554555554444444444
      7777777777777777774444444444444477 7                   554555564     777777775888888888888888888554555554444444444
       777777777777777777444444444444477 7                   6655555667 777777774446888888545555568686544555554444444444
       777777777777777777444444444444477 7                   76565555666555555444448888888854444456655555555554444444444
        77777777777777777744444444444777 7                    4456555556555555654446888888885444456655555555544444444444
         7777777777777777744444444444777777                   4456655544555555556656888888886444466655555555544444444444
         7777777777777777774444444444777  7                     56666554455555446888888888886444466655555555544444444444
          7777777777777777774444444447777 7                       768866555554458888888888888444466655555555544444444444
           777777777777777774444444447777 7                        58886655544468888888888886744466665555555544444444444
           777777777777777774444444447777 7                        76647777444468888888888888654765665555555554444444444
            77777777777777774444444447777 7                                     7468888888888888865566555555554444444444
            77777777777777774444444447777 7                                        4688888888888888666655555554444444444
             7777777777777774444444447777                                           768888888888888886665555555444444444
              777777777777774444444447777777                                          7455555888888888866555555444444444
              777777777777774444444447777777777777777                                         46888888886555555544444444
               7777777777777444444444777777777777777777    777                        777777    768888886555555444444444
                7777777777744444444444447777777777777777777777                       7777777  75888888866555555544444444
                777777777774444444444444777777777777777777777777777777777777    7777777777777488888886665555555544444444
                 7777777777444444444477777777777777777777777777777777777777777777777777777775888888655555555555444444444
                 7777777777444444477777777777777777777777777777777777777777777777777777777468888655555555555555444444444
                  777777774444447777777777777777777777777777777777777777777777777777777775888864745566655555555544444444
                   77777774444777777777777777777777777777777777777777777777777777777777444566544456666866655555544444444
                   77777744777777777777777777777777777777777777777777777777777777777777444554555666666666665555544444444
                    7777477777777777777777777777777777777777777777777777777777777777777744455555566666666665555544444444
               777  7777777777777777777777777777777777777777777777777777777777777777777777445564455566666655555554444444
              7777777777777777777777777777777777777777777777777777777777777777777777777777744555455566666655555554444444
            777777777777777777777777777777777777777777777777777777777777777777777777777777774555555466666655555554444444
          7 77777777777777777        777777777777777777777 7777777777777777777777777777777777455565688886655555555544444
