777447777777777777777777744444444447777777777777                                          77777    455555555555555554444
7777777777777777777777774444444444447777777777777                                        777777    455555555555555544444
7777777777777777777777777444444444447777777777777                                         77777    455555555555555444444
77777777777777777777777744444444444477777777777777                                       777777    455555555555555544444
777777777777777777777777444444444444477777777777777                                     7777777    455555555555554444444
777777777777777777777774444444444444477777777777777                                     7777777    455555555555554554444
 77777777777777777777777444444444444477777777777777                                     7777777    455555555555555444444
 77777777777777777777777444444444444477777777777777                                     7777777    555555555555554444444
  7777777777777777777777444444444444477777777777777                77777      77       77777777    555555555555554444444
   777777777777777777777444444444444477777777777777  7            77777777  777777     7777777     555555555555554444444
   77777777777777777777744444444444447777777777777 7             777777777777777777777777777777    555555555555544444444
    777777777777777777774444444444444477777777777777777         77777777777777777777777777777777 77555555555555444444444
    7777777777777777777774444444444444777777   77455747           77777777                  7777774555555555554444444444
     77777777777777777777444444444444477       744445664         7777777777777777777777777777777746665555555554444444444
      7777777777777777777444444444444477 7      455555666         77775477      7775666555555554446666554555554444444444
      7777777777777777777444444444444477 7       56555566544445477777747777777456888888888888888888886554555555444444444
       777777777777777777444444444444777 7        5655555555555565444444444458888888888888888888888886544555555444444444
        77777777777777777774444444444777 7        4566554455555555665444445888888888864455555554456665555555554444444444
        77777777777777777774444444444777 7        7466665444555544588865588888888888544444777777756555555555544444444444
         7777777777777777777444444444777            74686655555544688888888888888885444444477777756555555555554444444444
         7777777777777777777444444447777              788886555444888888888888888644444444777777756555555555544444444444
          777777777777777777744444447777               55885444555888888888888884777444444744777756555555555544444444444
           77777777777777777744444447777  7              4         46888888888864777777774777477766555555555554444444444
           77777777777777777744444447777  7                          588888888888647777774777777766555555555554444444444
            7777777777777777744444447777                              68888888888885  7777777777765555555555555444444444
            77777777777777774444444477777                              45888888888885    7777777765555555555554444444444
             7777777777777777444444477777                                  746888888867   77  77765555555555554444444444
              77777777777777744444447777777                                   7588888867 7777 77745555555555555444444444
              777777777777777444444477777777777                                 74688885         75555555555554444444444
               777777777777774444444777777777777777                               76888577777    75555555555555544444444
                777777777777444444444447777777777777777                           76888577777    45555555555555544444444
                777777777777444444444447777777777777777777777777777777777         78888677777    45555555555555544444444
                 7777777777744444444477777777777777777777777777777777777777777777778888877777777745555555555555544444444
                  777777777444444477777777777777777777777777777777777777777777777776888844444777745555555555555544444444
                  777777777444477777777777777777777777777777777777777777777777777774888844444777745565555555555544444444
                   77777774447777777777777777777777777777777777777777777777777777777588844444444456666666555555554444444
                   77777744777777777777777777777777777777777777777777777777777777777488864444555666666666665555554444444
                    7777477777777777777777777777777777777777777777777777777777777777758884444455566666666665555554444444
                     777777777777777777777777777777777777777777777777777777777777777745555554564565566666655555554444444
               77777 777777777777777777777777777777777777777777777777777777777777777774444555564555566666655555555444444
              77777777777777777      77777777777777777777    77777777777777777777777774455444555565466666655555555544444
              777777777777             777777777777777       77777777777777777777777777777774455565688886665555555554444
