77744777777777777777777744444444444777777777777                                          777777    455555555555555554445
7777777777777777777777774444444444447777777777777                                        777777    455555555555555554544
7777777777777777777777777444444444447777777777777                                        777777    455555555555555554444
7777777777777777777777774444444444447777777777777                                        777777    455555555555555554444
77777777777777777777777744444444444477777777777777                                       777777    455555555555555554444
777777777777777777777774444444444444477777777777777                                     7777777    455555555555555555444
 7777777777777777777777444444444444447777777777777                                      7777777    455555555555555555444
 7777777777777777777777744444444444447777777777777                  7                   7777777    555555555555555555444
  77777777777777777777774444444444444777777777777                 7777777     777      77777777    555555555555555444444
   7777777777777777777774444444444444777777777777    7          77777777777777777777  777777777    555555555555554444444
   77777777777777777777744444444444447777777777777              7777777777777777777777777777777    555555555555555444444
    777777777777777777774444444444444477777777777457777         77777777777777777777777777777777 77555555555555545444444
    7777777777777777777744444444444444777777   74445665          777777777777              77777774555555555555554444444
     77777777777777777777444444444444477       7555456657       77777747777777777777777777777777746665555555555554444444
      7777777777777777777444444444444477 7      455555665        7777754777777777777444444444444746666554555555444444444
      7777777777777777777444444444444477 7       56555666555555577777747777774556688888888888888888886554555555444444444
       777777777777777777744444444444777 7       45555555555555555544444444588888888888888888888888886544555555444444444
        77777777777777777774444444444777 7       75666554445555555686544568888888888885566666655566665555555554444444444
        77777777777777777774444444444777 7         468665445555445888888888888888886544444777777756555555555555444444444
         7777777777777777777444444447777             4888655554448888888888888888854444444777777756555555555554444444444
         7777777777777777777444444447777             4888866555558888888888888885444444444777777756555555555544444444444
          777777777777777777744444447777               564    7775688888888888577777477774777777756555555555554444444444
           77777777777777777744444447777                           58888888888647777777774777777766555555555554444444444
           77777777777777777744444447777                            58888888888867 7777774777777765555555555554444444444
            7777777777777777444444447777                             58888888888884   7777777777765555555555555444444444
            77777777777777774444444477777                              4566888888885      777777765555555555554444444444
             7777777777777777444444477777                                   588888886     77   7765555555555555444444444
              77777777777777744444447777777                                   46888885   7777  7745555555555555544444444
              777777777777774444444477777777777                                 7688887  77     775555555555555544444444
               777777777777744444444777777777777777                              788887777777    75555555555555544444444
                777777777777444444444447777777777777777                          788884777777    45555555555555544444444
                7777777777774444444444477777777777777777777777777777777777       788886777777    45555555555555544444444
                 7777777777744444444477777777777777777777777777777777777777777777768888477777777745555555555555544444444
                  777777777444444477777777777777777777777777777777777777777777777748888544444777745555555555555544444444
                  777777774444447777777777777777777777777777777777777777777777777775888574444777745555555555555544444444
                   77777774447777777777777777777777777777777777777777777777777777777688844444444456666666555555554444444
                   77777744777777777777777777777777777777777777777777777777777777777488857444555666666666665555544444444
                    7777477777777777777777777777777777777777777777777777777777777777766664444555566666666665555554444444
                     777777777777777777777777777777777777777777777777777777777777777774455554554565566666655555554444444
               77777 777777777777777777777777777777777777777777777777777777777777777774445554564555566666655555554444444
              77777777777777777      777777777777777777777    7777777777777777777777777444444555565466666655555555544444
              777777777777              77777777777777        7777777777777777777777777777777455565688886655555555554444
