77744777777777777777777444444444444477777777777777                                      7777777    455555555555554444444
777777777777777777777774444444444444477777777777777                                     7777777    455555555555554444444
777777777777777777777774444444444444477777777777777                                    77777777    455555555555544444444
7777777777777777777777444444444444444777777777777777                                   77777777    455555555555544444444
77777777777777777777777444444444444447777777777777777                                  77777777    455555555555444444444
7777777777777777777777444444444444444477777777777777777                                77777777    455555555555444444444
 7777777777777777777774444444444444444777777777777777777                              777777777    455555555554544444444
 7777777777777777777774444444444444444777777777777777777                      7777    777777777    455555555554444444444
  7777777777777777777774444444444444447777777777777777777             77 7  7777777777777777777    555555555554444444444
   777777777777777777774444444444444447777777777777777777            77777777777777777777777777    555555555554444444444
   7777777777777777777744444444444444447777777777777777777         7777777777777777777777777777  77555555555544444444444
    777777777777777777774444444444444447777777777777777777777     777777777777777777777777777777777555555555544444444444
    777777777777777777774444444444444447777777            74557               777   745554447777774555555555444444444444
     77777777777777777744444444444444447 77               774554      77777777777777688888888865446555555555444444444444
      7777777777777777744444444444444447 7                74555557    54    77777776888888888888888666554555444444444444
      7777777777777777744444444444444447 7                656555565   77777777777758888886688888888888554555444444444444
       777777777777777777444444444444477 7                56565555655555554444444488888884445555568686444555444444444444
       777777777777777777444444444444477 7                 5565555555555555544444588888886444444456555555554444444444444
        7777777777777777744444444444447777                 7456655544555555566544688888888444444456555555554444444444444
         7777777777777777744444444444477777                 456666554455555456886888888888444444466555555555444444444444
         7777777777777777744444444444777777                   4568866555554458888888888888444444466555555555444444444444
          7777777777777777744444444447777 7                      6888655444468888888888888744444466555555555444444444444
           777777777777777744444444447777 7                      4886455554588888888888888447744466555555555444444444444
           777777777777777744444444447777 7                       47      7745688888888888888547765555555555444444444444
            77777777777777744444444447777 7                                   758888888888888886565565555555444444444444
            77777777777777744444444447777 7                                     7688888888888888886656655555544444444444
             7777777777777744444444447777                                         46888888888888888866655555554444444444
              777777777777744444444447777777                                         77777456888888886655555554444444444
              7777777777777444444444477777777777777777     77                                748888886655555554444444444
               777777777777444444444477777777777777777777777777                      77777777588888866555555555444444444
                77777777777444444444444477777777777777777777777                  777777777778888886555555555555444444444
                77777777777444444444444477777777777777777777777777777777777777777777777777768888855555555555554444444444
                 7777777777444444444447777777777777777777777777777777777777777777777777774688885745555555555555444444444
                 7777777774444444447777777777777777777777777777777777777777777777777777746888677745555555555555444444444
                  777777774444447777777777777777777777777777777777777777777777777777777756885777745566655555555544444444
                   77777744444777777777777777777777777777777777777777777777777777777774445654444456666666655555554444444
                   77777444777777777777777777777777777777777777777777777777777777777774444554555666666666665555554444444
                    7777477777777777777777777777777777777777777777777777777777777777777444445565566666666665555554444444
               777  7774777777777777777777777777777777777777777777777777777777777777777777444565465566666665555555444444
              7777777777777777777777777777777777777777777777777777777777777777777777777777444555565566666655555555444444
            777777777777777777777777777777777777777777777777777777777777777777777777777777444555565466666655555555544444
          7 77777777777777777       777777777777777777777777777777777777777777777777777777744455566688886665555555554444
