7774477777777777777777774444444444477777777777777                                        777777    455555555555555554444
77777777777777777777777744444444444477777777777777                                       777777    455555555555555554444
77777777777777777777777744444444444477777777777777                                      7777777    455555555555555544444
777777777777777777777777444444444444477777777777777                                     7777777    455555555555555544444
7777777777777777777777774444444444444777777777777777                                    7777777    455555555555555544444
77777777777777777777777444444444444447777777777777777                                   7777777    455555555555555554444
 777777777777777777777744444444444444777777777777777777                                 7777777    455555555555555445444
 7777777777777777777777744444444444444777777777777777777                            77777777777    455555555555555444444
  777777777777777777777744444444444444777777777777777777                         77777777777777    555555555555554444444
   77777777777777777777744444444444444777777777777777777                     777777777777777777  77555555555555554444444
   777777777777777777777444444444444447777777777777777777           7777777777777777777777777777777555555555555545444444
    777777777777777777774444444444444477777777777777777777         77777777777777777777777777777774555555555555544444444
    777777777777777777777444444444444477777777                 777               777745555447777774555555555555444444444
     77777777777777777777444444444444477 77                    7454   7     77777777688888888865446566555555554444444444
      7777777777777777777444444444444477 7                    474555  57        7774888888888888888666554555554444444444
      7777777777777777774444444444444477 7                   665555564     777777775888888888888888888554555555444444444
       777777777777777777444444444444477 7                   66565555677777447774446888888545555568686544555554444444444
       777777777777777777744444444444477 7                    6565555666555555444446888888864444456665555555554444444444
        77777777777777777774444444444777 7                    4456555555555555655446888888885444456655555555544444444444
         7777777777777777774444444444777 7                    4456655544555555556656888888886444466655555555544444444444
         7777777777777777777444444444777  7                     56686554455555446888888888888444466655555555544444444444
          777777777777777777444444447777  7                       768886555554458888888888888444466655555555544444444444
           77777777777777777444444447777  7                        58886665544468888888888888474466665555555554444444444
           777777777777777777444444477777 7                         664 777444458888888888888865465565555555554444444444
            77777777777777774444444477777 7                                      758888888888888886566555555554444444444
            77777777777777774444444477777 7                                        7688888888888888666655555554444444444
             7777777777777777444444477777                                            58888888888888886665555555444444444
              777777777777777444444447777777                                           744455688888888866555555444444444
              77777777777777444444444777777777777777                                          46888888886555554444444444
               777777777777744444444477777777777777777                                  777     758888886555555444444444
                7777777777774444444444447777777777777777   777                        777777  75888888866555555544444444
                7777777777774444444444477777777777777777777777777777777777         7777777777488888886665555555444444444
                 7777777777444444444477777777777777777777777777777777777777777777777777777775888888665555555555444444444
                 7777777777444444477777777777777777777777777777777777777777777777777777777468888655555555555555444444444
                  777777774444447777777777777777777777777777777777777777777777777777777775888864745566655555555544444444
                   77777774447777777777777777777777777777777777777777777777777777777777444566544456666866655555544444444
                   77777744777777777777777777777777777777777777777777777777777777777777444554555666666666665555544444444
                    7777477777777777777777777777777777777777777777777777777777777777777744455555566666666665555544444444
                 7  7777777777777777777777777777777777777777777777777777777777777777777777445564455566666655555554444444
              777777 777777777777777777777777777777777777777777777777777777777777777777777744554455566666655555554444444
            777777777777777777777  7777777777777777777777777777777777777777777777777777777777555555466666655555554444444
            7777777777777777          7777777777777777777   777777777777777777777777777777777455565688886655555555544444
