77744777777777777777777774444444444777777777777                                           77777    455555555555555554444
777777777777777777777777444444444444777777777777                                          77777    455555555555555544444
7777777777777777777777777444444444447777777777777                                         77777    455555555555555444444
7777777777777777777777774444444444447777777777777                                        777777    455555555555555444444
7777777777777777777777774444444444447777777777777                                       7777777    455555555555554444444
77777777777777777777777444444444444447777777777777                                      7777777    455555555555554444444
 7777777777777777777777444444444444447777777777777                                     77777777    455555555555554444444
 7777777777777777777777444444444444447777777777777                 7777       7        77777777    555555555555544444444
  77777777777777777777774444444444444777777777777                 77777777   777777   7 7777777    555555555555544444444
   7777777777777777777774444444444444777777777777                77777777777777777777777777777     555555555555544444444
   777777777777777777777444444444444477777777777747             7777777777777777777777777777777    555555555555444444444
    777777777777777777774444444444444477777777777455777         77777777777777777777777777777777777555555555554444444444
    777777777777777777774444444444444477777    745445657          777777777777            777777774555555555554444444444
     77777777777777777777444444444444477        555555664        7777747777777777777777777777777746665555555554444444444
      7777777777777777777444444444444477 7      7565556667  777  7777454777777777456886666666555456666554555554444444444
      7777777777777777777744444444444477 7       46555566655555557747747777774688888888888888888888886554555544444444444
       777777777777777777744444444444777 7       75565554555555556544444444688888888888888888888888886544555555444444444
        77777777777777777774444444444777 7        4666554444555545686547468888888888854445555544456665555555554444444444
        77777777777777777774444444444777 7         756866545555444888888888888888886444444777777756555555555544444444444
         7777777777777777777444444447777              688865555446888888888888888854444444777777756555555555544444444444
         7777777777777777777744444447777              568865555556888888888888885444444444777777756555555555444444444444
          777777777777777777744444447777                64     777568888888888847777777774777777756555555555544444444444
           77777777777777777744444447777                           75888888888864777777774777777766555555555554444444444
           77777777777777777744444447777                             68888888888867 777774777777765555555555554444444444
            7777777777777777744444447777                              68888888888867   777 77777765555555555554444444444
            7777777777777777444444447777                                4566888888884        777765555555555554444444444
             7777777777777777444444477777                                   7688888884         7765555555555554444444444
              77777777777777744444447777777                                   758888887  7777   745555555555554444444444
              777777777777777444444477777777777                                 7588885          75555555555554444444444
               777777777777774444444777777777777777                               58885777777    75555555555555444444444
                777777777777444444444447777777777777777                           58886777777    45555555555555544444444
                77777777777744444444444777777777777777777777777777777777          68888777777    45555555555555544444444
                 7777777777744444444477777777777777777777777777777777777777777777758888577777777745555555555555444444444
                  777777777444444477777777777777777777777777777777777777777777777748888544444777745555555555555544444444
                  777777777444447777777777777777777777777777777777777777777777777775888674444777745555555555555544444444
                   77777774447777777777777777777777777777777777777777777777777777777688844444444456666666655555554444444
                   77777744777777777777777777777777777777777777777777777777777777777488854444555666666666665555554444444
                    7777477777777777777777777777777777777777777777777777777777777777768664444455566666666665555554444444
                     777777777777777777777777777777777777777777777777777777777777777774455555564565566666655555555444444
               77777 777777777777777777777777777777777777777777777777777777777777777774445554564565566666655555555444444
               7777777777777777      7777777777777777777 7  777777777777777777777777777444444555565466666655555555544444
              777777777777             77777777777777        77777777777777777777777777777777455566688886665555555554444
