777447777777777777777777744444444447777777777777                                         777777    455555555555555544444
7777777777777777777777774444444444447777777777777                                        777777    455555555555555444444
77777777777777777777777774444444444477777777777777                                       777777    455555555555554444444
777777777777777777777777444444444444777777777777777                                      777777    455555555555554444444
7777777777777777777777774444444444444777777777777777                                    7777777    455555555555544444444
7777777777777777777777774444444444444777777777777777                                    7777777    455555555555544444444
 7777777777777777777777744444444444447777777777777777                                  77777777    455555555555544444444
 7777777777777777777777744444444444447777777777777777                            77777777777777    455555555555544444444
  7777777777777777777777444444444444447777777777777777                        77777777777777777    555555555555444444444
   777777777777777777777744444444444447777777777777777                     77777777777777777777   7555555555554444444444
   7777777777777777777777444444444444477777777777777777             7777777777777777777777777777 77555555555554444444444
    777777777777777777777444444444444477777777777777777       7    77777777777777777777777777777777555555555554444444444
    77777777777777777777744444444444447777777                7454              77777755555544777774555555555544444444444
     77777777777777777777444444444444477                    7744557   7   7777777777688888888865446566555555544444444444
      7777777777777777777444444444444477 7                  44554564  57      777775888888888888888666554555544444444444
      7777777777777777777744444444444477 7                  656555565    77777777748888886688888888888554555544444444444
       777777777777777777744444444444477 7                  555655556544444447444458888886445555568686544555544444444444
        77777777777777777774444444444777 7                   55655555565555555444468888888544444456655555555544444444444
        77777777777777777774444444444777 7                   44566555455555555654468888888844444456655555555444444444444
         7777777777777777777444444444777                      7666665444555555566568888888854444466655555555444444444444
         7777777777777777777444444447777  7                     75686654555544588888888888854444466655555555444444444444
          777777777777777777744444447777  7                       488865545444888888888888854444466655555555444444444444
           77777777777777777744444447777  7                       788644555545888888888888857774466655555555444444444444
           77777777777777777744444447777  7                        77      777568888888888888657765665555555544444444444
            77777777777777777444444477777 7                                     4688888888888888665565555555554444444444
            77777777777777774444444477777                                         58888888888888888666655555544444444444
             7777777777777777444444477777                                          7688888888888888886665555554444444444
              777777777777777444444477777777                                          7444456888888888665555554444444444
              7777777777777774444444777777777777                                             746888888865555554444444444
               77777777777774444444447777777777777777                                         75688888865555555444444444
                7777777777774444444444447777777777777777   77                         7777  7588888886655555555444444444
                777777777777444444444447777777777777777777777777777777777          7777777776888888655555555555444444444
                 7777777777744444444477777777777777777777777777777777777777777777777777777468888865555555555555444444444
                  777777777444444477777777777777777777777777777777777777777777777777777775888864745555555555555444444444
                  777777777444477777777777777777777777777777777777777777777777777777777746888577745566655555555544444444
                   77777774447777777777777777777777777777777777777777777777777777777774444664444456666666655555544444444
                   77777744777777777777777777777777777777777777777777777777777777777774444554555666666666665555544444444
                    7777477777777777777777777777777777777777777777777777777777777777777744445555566666666665555554444444
                 7   777777777777777777777777777777777777777777777777777777777777777777777444565465566666655555554444444
               77777 777777777777777777777777777777777777777777777777777777777777777777777774555555566666655555555444444
              777777777777777777     77777777777777777777777 77777777777777777777777777777777555565466666655555555544444
              7777777777777             77777777777777      777777777777777777777777777777777455565688886665555555554444
