77744777777777777777777744444444444777777777777                                           77777    455555555555555544444
7777777777777777777777744444444444447777777777777                                        777777    455555555555554444444
7777777777777777777777774444444444447777777777777                                        777777    455555555555554444444
77777777777777777777777744444444444447777777777777                                      7777777    455555555555554444444
77777777777777777777777744444444444447777777777777                                      7777777    455555555555444444444
777777777777777777777774444444444444477777777777777                                     7777777    455555555555544444444
 77777777777777777777744444444444444477777777777777                                     7777777    455555555555544444444
 77777777777777777777774444444444444477777777777777                                     7777777    555555555555444444444
  7777777777777777777774444444444444477777777777777               77777                 7777777    555555555554444444444
   777777777777777777777444444444444477777777777777  7          777777777777777         777777     555555555554444444444
   7777777777777777777744444444444444477777777777777           7777777777777777777777777777777     555555555554444444444
    77777777777777777777444444444444447777777744477777     77  77777777777777777777777777777777  77555555555554444444444
    7777777777777777777744444444444444777777 74445457           777777777777                7777774555555555544444444444
     77777777777777777774444444444444477     7455455657         77777777777777777777777777777777746555555555544444444444
      7777777777777777774444444444444477 7    7655555667        77777754777777777774555444554444446565554555544444444444
      7777777777777777774444444444444477 7     5565555665555555477777747777745568888888888888888888886554555544444444444
       777777777777777777444444444444477 7      456555545555555565444444445688888888888888888888888886544555554444444444
        77777777777777777744444444444777 7      745665544455555456886545688888888888865556666655566665555555544444444444
        77777777777777777774444444444777 7       75666665555554448888888888888888886444444777777756555555555544444444444
         7777777777777777774444444444777           746888655554468888888888888888644444444777777756555555555444444444444
         7777777777777777777444444447777             7888666555568888888888888864444444444777777756555555555444444444444
          777777777777777777444444447777               584    7774688888888888577777777774777777756555555555444444444444
           77777777777777777444444447777  7                        48888888888867777777774777777755555555555444444444444
           77777777777777777744444447777  7                         58888888888884   77774777777765555555555544444444444
            7777777777777777444444447777                             46888888888884   7777 77777765555555555454444444444
            77777777777777774444444477777                               774688888885          77765555555555544444444444
             7777777777777777444444477777                                   468888884           765555555555554444444444
              77777777777777444444447777777                                   75888887   7777   745555555555554444444444
              7777777777777744444444777777777777                                788884           75555555555554444444444
               7777777777777444444444777777777777777                             688857777777    75555555555555444444444
                7777777777774444444444447777777777777777   77                    588867777777    45555555555555444444444
                7777777777774444444444477777777777777777777777777777777777       588884777777    45555555555555544444444
                 7777777777444444444477777777777777777777777777777777777777777777488886777777777745555555555555444444444
                  777777777444444477777777777777777777777777777777777777777777777748888444444777745555555555555544444444
                  777777774444447777777777777777777777777777777777777777777777777775888574444777445655655555555544444444
                   77777774447777777777777777777777777777777777777777777777777777777688844444444456666666655555554444444
                   77777744777777777777777777777777777777777777777777777777777777777488854444555666666666665555555444444
                    7777477777777777777777777777777777777777777777777777777777777777755555544555566666666665555555444444
                     777777777777777777777777777777777777777777777777777777777777777774444555564565566666655555555544444
                7777 777777777777777777777777777777777777777777777777777777777777777774455444554565566666655555555544444
               77777777777777777     777777777777777777777 7777777777777777777777777777777444555565466666655555555544444
              777777777777             777777777777777      777777777777777777777777777777744455566688886665555555554444
