77744777777777777777777744444444444777777777777                                          777777    455555555555544444444
7777777777777777777777774444444444447777777777777                                        777777    455555555555544444444
7777777777777777777777777444444444447777777777777                                        777777    455555555555544444444
77777777777777777777777744444444444477777777777777                                       777777    455555555555444444444
777777777777777777777777444444444444477777777777777                                     7777777    455555555555444444444
777777777777777777777777444444444444477777777777777                                     7777777    455555555555444444444
 777777777777777777777774444444444444777777777777777                                   77777777    455555555554444444444
 77777777777777777777777444444444444477777777777777                                   777777777    455555555554444444444
  7777777777777777777777444444444444477777777777777                          7777    7777777777    555555555544444444444
   7777777777777777777777444444444444777777777777777 7                 777777777777777777777777    555555555544444444444
   777777777777777777777744444444444477777777777777                7777777777777777777777777777  77555555555544444444444
    7777777777777777777774444444444444777777777777777     77       77777777777777777777777777777777555555555544444444444
    7777777777777777777774444444444444777777              7457                77    755555447777774555555555544444444444
     77777777777777777777444444444444777                  74454       77777777777774688888888865446566555555544444444444
      7777777777777777777444444444444777 7                4554557     54    77777776888888888888888666554555544444444444
      7777777777777777777744444444444777 7               556555566    77777777777768888866888888888888554555544444444444
       777777777777777777774444444444777 7               565655556655555554444444588888864445555568686444555544444444444
        77777777777777777774444444444777 7                55565455555555556444444888888885444444456655555555544444444444
        77777777777777777777444444444777 7                 4456655445555555565445888888886444444456555555555444444444444
         7777777777777777777444444447777                   4566665544455554568656888888886444444466655555555444444444444
         7777777777777777777744444447777                     75688665555547468888888888886444444466655555555444444444444
          777777777777777777744444447777  7                     58886554444588888888888885744444466655555555444444444444
           77777777777777777744444447777  7                      6864455554688888888888885777444466655555555444444444444
           77777777777777777744444447777  7                      74      77756888888888888886477466655555555544444444444
            7777777777777777744444447777                                      468888888888888865765665555555444444444444
             7777777777777774444444477777                                       5888888888888888865566555555544444444444
             7777777777777777444444477777                                        758888888888888888656655555554444444444
              77777777777777744444447777777                                             77568888888866655555554444444444
              7777777777777774444444777777777777                                            7768888866655555554444444444
               7777777777777444444447777777777777777                                        4688888656555555555444444444
                777777777777444444444447777777777777777                              77777748888886555555555555444444444
                77777777777744444444444777777777777777777777777777777777           7777777488888655555555555554444444444
                 7777777777744444444477777777777777777777777777777777777777777777777777774888885745555555555555444444444
                  777777777444444477777777777777777777777777777777777777777777777777777746888577745555555555555444444444
                  777777777444477777777777777777777777777777777777777777777777777777777768885777745566655555555544444444
                   77777774447777777777777777777777777777777777777777777777777777777777445654444456666666655555554444444
                   77777744777777777777777777777777777777777777777777777777777777777774444554455666666666665555554444444
                    7777477777777777777777777777777777777777777777777777777777777777777444445565566666666665555554444444
                    7777777777777777777777777777777777777777777777777777777777777777777777444564465566666665555555444444
                7777 777777777777777777777777777777777777777777777777777777777777777777777744555555566666655555555444444
               7777777777777777      777777777777777777     777777777777777777777777777777774555565466666655555555544444
              777777777777             7777777777777        777777777777777777777777777777774455565688886665555555554444
