7774477777777777777777744444444444477777777777777                                       7777777    455555555555444444444
77777777777777777777777444444444444477777777777777                                      7777777    455555555555444444444
777777777777777777777774444444444444777777777777777                                    77777777    455555555555444444444
7777777777777777777777744444444444444777777777777777                                   77777777    455555555555444444444
7777777777777777777777744444444444444777777777777777                                   77777777    455555555554444444444
777777777777777777777774444444444444477777777777777777                                 77777777    455555555555444444444
 777777777777777777777444444444444444477777777777777777                                77777777    455555555554444444444
 7777777777777777777777444444444444444777777777777777777                               77777777    455555555544444444444
  777777777777777777777444444444444444777777777777777777                7   777777   7777777777    555555555544444444444
   77777777777777777777444444444444444777777777777777777             77777777777777777777777777   7555555555544444444444
   777777777777777777774444444444444447777777777777777777          7777777777777777777777777777  77555555555444444444444
    777777777777777777774444444444444447777777777777777777        777777777777777777777777777777777555555555444444444444
    777777777777777777774444444444444447777777           7747                       768886655477774555555555444444444444
     77777777777777777774444444444444477 77              77455        77 77777777774888888888886546556555555444444444444
      7777777777777777774444444444444477 7               7745557      57     7777776888888888888888666554455444444444444
      7777777777777777774444444444444477 7               555555567    7  77777777758888864568888888886554454444444444444
       777777777777777777444444444444447 7               866655556447744447774747488888885444444456665444455444444444444
       777777777777777777444444444444477 7               585655555665555555444444688888886444444456555555554444444444444
        7777777777777777744444444444447777                45566555545555555565444688888888444444456555555554444444444444
         7777777777777777444444444444477777               74456655544455554558666888888888444444466555555554444444444444
         7777777777777777744444444444777777                7466686665555554458888888888888444444466555555554444444444444
          7777777777777777744444444447777 7                   7458888555544468888888888886744444466555555554444444444444
           777777777777777744444444447777 7                      6886665554588888888888888554744466555555555444444444444
           777777777777777744444444447777 7                       65    777745688888888888888657765555555555444444444444
            77777777777777744444444447777 7                                    58888888888888888565555555555444444444444
            77777777777777744444444447777 7                                     7688888888888888886656555555544444444444
             7777777777777744444444447777                                         45666656888888888866655555544444444444
              777777777777744444444447777777                                              745688888886655555554444444444
              7777777777777444444444477777777777777777     7                                 768888866555555554444444444
               77777777777744444444447777777777777777777777777                      777777775888888656555555555444444444
                77777777777444444444444477777777777777777777777                   77777777768888865555555555555444444444
                7777777777744444444444447777777777777777777777777777777777 777777777777777588888445555555555555444444444
                 7777777777444444444447777777777777777777777777777777777777777777777777775888857745555555555555544444444
                 7777777774444444447777777777777777777777777777777777777777777777777777758888477745555555555555544444444
                  777777774444447777777777777777777777777777777777777777777777777777777756884777745566655555555554444444
                   77777744444777777777777777777777777777777777777777777777777777777774445654444556666666655555554444444
                   77777444777777777777777777777777777777777777777777777777777777777774544554555666666666665555555444444
                    7777477777777777777777777777777777777777777777777777777777777777777444445565566666666665555555444444
                77  7774777777777777777777777777777777777777777777777777777777777777777774444555465566666665555555544444
              7777777777777777777777777777777777777777777777777777777777777777777777777774444555565566666665555555444444
            777777777777777777777777777777777777777777777777777777777777777777777777777777444555565466666665555555544444
            77777777777777777        77777777777777777777777777777777777777777777777777777744455566688886665555555554444
