777447777777777777777777444444444447777777777777                                         777777    455555555555555554444
7777777777777777777777774444444444447777777777777                                        777777    455555555555555444444
77777777777777777777777744444444444477777777777777                                      7777777    455555555555555444444
77777777777777777777777744444444444477777777777777                                      7777777    455555555555554444444
777777777777777777777777444444444444477777777777777                                     7777777    455555555555544444444
7777777777777777777777744444444444444777777777777777                                    7777777    455555555555544444444
 7777777777777777777777444444444444447777777777777777                                  77777777    455555555555544444444
 77777777777777777777774444444444444477777777777777777            77777                77777777    455555555555544444444
  77777777777777777777744444444444444777777777777777777          777777777  7777        7777777    555555555555444444444
   7777777777777777777744444444444444477777777777777777         777777777777777777      777777     555555555554544444444
   777777777777777777774444444444444447777777777777777777      77777777777777777777777777777777    555555555554444444444
    777777777777777777774444444444444477777777774547777777777  777777777777777777777777777777777 77555555555554444444444
    7777777777777777777744444444444444777777  745455657          777777777777              77777774555555555544444444444
     77777777777777777774444444444444477 7     555555664        77777747777777777777777777777777746555555555544444444444
      7777777777777777774444444444444477 7     7655556664  7777 77777754777777777745666555555554446565554555544444444444
      7777777777777777774444444444444477 7      456555666555555547447747777775668888888888888888888886554555544444444444
       777777777777777777444444444444477 7       56655555555555555544444445688888888888888888888888886544555444444444444
        77777777777777777744444444444477 7       45666554445555445686654588888888888854445555554456655555555444444444444
        77777777777777777744444444444777 7        7568666555555446888888888888888886444474777777756555555555444444444444
         7777777777777777774444444444777 7          75888865554448888888888888888644444474777777756555555555444444444444
         7777777777777777777444444444777  7          7688866555558888888888888865777777774777777756555555554444444444444
          777777777777777777444444444777  7            565     774688888888888577777777774777777755555555554444444444444
           77777777777777777444444447777  7                        4888888888867 777777774777777755555555554444444444444
           777777777777777774444444477777 7                         5888888888884    77777777777755555555555444444444444
            77777777777777774444444477777 7                          5888888888884     777 77777765555555554444444444444
            77777777777777774444444477777 7                            745888888887           77765555555555444444444444
             7777777777777777444444477777                                  588888887            765555555555444444444444
              77777777777777744444447777777                                 76888885     777    745555555555444444444444
              777777777777774444444477777777777777                            4688887            75555555555444444444444
               77777777777774444444447777777777777777                          76888477777777    75555555555544444444444
                777777777777444444444444777777777777777777 777                  5888577777777    45555555555544444444444
                777777777777444444444447777777777777777777777777777777777       5888847777777    45555555555554444444444
                 7777777777444444444477777777777777777777777777777777777777777774888867777777777745555555555555444444444
                  777777777444444477777777777777777777777777777777777777777777777688884444444777745555555555555444444444
                  777777774444447777777777777777777777777777777777777777777777777768885774444777745555555555555444444444
                   77777774447777777777777777777777777777777777777777777777777777746888474444444456666666555555544444444
                   77777744777777777777777777777777777777777777777777777777777777774888644444555666666666665555544444444
                    7777477777777777777777777777777777777777777777777777777777777777488854444455566666666665555554444444
                    7777777777777777777777777777777777777777777777777777777777777777745455555564565566666655555554444444
               77777 777777777777777777777777777777777777777777777777777777777777777774444554564555566666655555555444444
              7777777777777777777   777777777777777777777777777777777777777777777777777455444555565466666655555555544444
              7777777777777           7777777777777777777   777777777777777777777777777777777455565688886665555555554444
