777447777777777777777777744444444447777777777777                                          77777    455555555555544444444
777777777777777777777777444444444444777777777777                                         777777    455555555555544444444
7777777777777777777777777444444444447777777777777                                        777777    455555555555544444444
77777777777777777777777744444444444477777777777777                                       777777    455555555555444444444
77777777777777777777777744444444444447777777777777                                      7777777    455555555555444444444
777777777777777777777777444444444444477777777777777                                      777777    455555555555444444444
 77777777777777777777777444444444444477777777777777                                     7777777    455555555554444444444
 7777777777777777777777744444444444447777777777777                   77                  777777    455555555554444444444
  77777777777777777777774444444444444777777777777                   77777     7777777    77777     555555555544444444444
   7777777777777777777777444444444444777777777777    7             777777777777777777    77777     555555555544444444444
   777777777777777777777744444444444447777777777777              777777777777777777777777777777    555555555544444444444
    7777777777777777777774444444444444777777777774447           77777777777777777777777777777777777555555555544444444444
    7777777777777777777774444444444444777777    774454             77777777                  777774555555555544444444444
     77777777777777777777444444444444477         45545547         777747777777777777454777777777746555555555544444444444
      7777777777777777777444444444444477 7       565555664         7775477   7777458888888888665456666554555544444444444
      7777777777777777777744444444444777 7       55655556654445544777747777777468888888888888888888886554555544444444444
       777777777777777777774444444444777 7       75565555555555556544444444456888888886668888888888886544555544444444444
        77777777777777777774444444444777 7         456655444555555566444444688888888854444444447756655555555544444444444
        77777777777777777774444444447777 7         456666554455554456865458888888888544444477777756555555555444444444444
         7777777777777777777444444447777             5668886555554468888888888888885444444447777756555555555444444444444
         7777777777777777777744444447777                8888655544488888888888888854444444444477756555555555444444444444
          777777777777777777744444447777                7586545555588888888888886477774474744444466555555555444444444444
           77777777777777777744444447777                 74        45888888888888647777774744444466555555555444444444444
           77777777777777777774444447777                             768888888888888577774777774466555555555444444444444
            7777777777777777744444447777                               6888888888888885777 77777765555555555444444444444
             777777777777777744444447777                                46888888888888884    777765555555555544444444444
             7777777777777777444444477777                                  777746888888885    77765555555555554444444444
              77777777777777744444447777777                                       45688888477777745555555555544444444444
              777777777777777444444477777777777                                      788887      75555555555554444444444
               777777777777774444444777777777777  7                                  58886777    75555555555555444444444
                77777777777774444444444777777777777777                              788886777    45555555555555444444444
                7777777777774444444444477777777777777777777777777777777             788886777    45555555555555444444444
                 7777777777744444444777777777777777777777777777777777777777777777777788885777777745555555555555444444444
                  777777777444444777777777777777777777777777777777777777777777777777768885444777745555555555555544444444
                  777777777444477777777777777777777777777777777777777777777777777777758885444777445566655555555554444444
                   77777774447777777777777777777777777777777777777777777777777777777748885444444456666666655555554444444
                   77777744777777777777777777777777777777777777777777777777777777777748885444455666666666665555555444444
                    7777477777777777777777777777777777777777777777777777777777777777774455554555566666666665555555444444
                     777777777777777777777777777777777777777777777777777777777777777774445555564565566666665555555544444
                 777 777777777777777777777777777777777777 77777777777777777777777777777454444555565566666655555555544444
               777777777777777        7777777777777777        7777777777777777777777777777444555565466666655555555544444
               777777777                       7             77777777777777777777777777777744455566688886665555555554444
