777447777777777777777777744444444447777777777777                                          77777    455555555555555554444
7777777777777777777777774444444444447777777777777                                         77777    455555555555555444444
7777777777777777777777777444444444447777777777777                                        777777    455555555555554444444
77777777777777777777777744444444444477777777777777                                       777777    455555555555554444444
77777777777777777777777744444444444447777777777777                                      7777777    455555555555554444444
777777777777777777777774444444444444477777777777777                                     7777777    455555555555544444444
 77777777777777777777774444444444444477777777777777                                     7777777    455555555555544444444
 7777777777777777777777444444444444447777777777777                   7                  7777777    555555555555544444444
  777777777777777777777744444444444447777777777777                 777777     77777     7777777    555555555555544444444
   7777777777777777777774444444444444777777777777    7            777777777777777777777 777777     555555555555544444444
   77777777777777777777744444444444444777777777777               777777777777777777777777777777    555555555554444444444
    7777777777777777777744444444444444777777777744477           77777777777777777777777777777777 77555555555554444444444
    7777777777777777777774444444444444777777   77445554            777777777                7777774555555555544444444444
     77777777777777777777444444444444477        445445657        7777747777777777777777777777777746565555555554444444444
      7777777777777777777444444444444477 7      7555555664        77775477   7777745888666666655456666554555544444444444
      7777777777777777777444444444444777 7       45655556655555557777747777777456888888888888888888886554555544444444444
       777777777777777777744444444444777 7        4665555555555555544444444458888888888888888888888886544555554444444444
        77777777777777777774444444444777 7        7456655444555555565444445888888888864445555544456665555555554444444444
        77777777777777777774444444444777 7         756666544555544468865588888888888544444777777756555555555544444444444
         7777777777777777777444444447777             7568886555544688888888888888884444444477777756555555555444444444444
         7777777777777777777444444447777               58886655444888888888888888644444444747777756555555555444444444444
          777777777777777777744444447777                7864774445688888888888884777777774744477756555555555544444444444
           77777777777777777744444447777                           45888888888865777777774774444766555555555444444444444
           77777777777777777744444447777                             488888888888857777774777777766555555555544444444444
            7777777777777777744444447777                              588888888888884  777777777765555555555454444444444
            77777777777777777444444477777                              7588888888888857     7777765555555555544444444444
             7777777777777777444444477777                                  7746888888887       7765555555555554444444444
              77777777777777744444447777777                                    75888888847777 77745555555555554444444444
              777777777777777444444477777777777                                   7588885        75555555555554444444444
               777777777777774444444777777777777777                                 688857777    75555555555555444444444
                777777777777444444444447777777777777777                            7888857777    45555555555555444444444
                77777777777744444444444777777777777777777777777777777777           7888867777    45555555555555544444444
                 7777777777744444444477777777777777777777777777777777777777777777774888867777777745555555555555444444444
                  777777777444444477777777777777777777777777777777777777777777777777688864444777745555555555555544444444
                  777777777444447777777777777777777777777777777777777777777777777777588854444777745666655555555544444444
                   77777774447777777777777777777777777777777777777777777777777777777788864444444456666666655555554444444
                   77777744777777777777777777777777777777777777777777777777777777777768884444555666666666665555554444444
                    7777477777777777777777777777777777777777777777777777777777777777748885444555566666666665555554444444
                     777777777777777777777777777777777777777777777777777777777777777774455555564565566666655555555544444
                7777 777777777777777777777777777777777777777777777777777777777777777774445554564555566666655555555544444
               777777777777777       77777777777777777777    77777777777777777777777777454444555565466666655555555544444
              77777777777              77777777777 77         7777777777777777777777777777774455566688886665555555554444
