777447777777777777777777444444444447777777777777                                          77777    455555555555555444444
7777777777777777777777774444444444447777777777777                                        777777    455555555555555444444
7777777777777777777777777444444444447777777777777                                         77777    455555555555554444444
77777777777777777777777744444444444447777777777777                                       777777    455555555555554444444
77777777777777777777777744444444444447777777777777                                      7777777    455555555555544444444
777777777777777777777774444444444444477777777777777                                     7777777    455555555555544444444
 77777777777777777777774444444444444477777777777777                                     7777777    455555555555544444444
 777777777777777777777744444444444444777777777777777                                    7777777    555555555555544444444
  77777777777777777777774444444444444777777777777777              777                   7777777    555555555555444444444
   7777777777777777777774444444444444777777777777777 7          777777777777777         777777     555555555554444444444
   77777777777777777777444444444444447777777777777777          7777777777777777777 7 777777777     555555555554444444444
    77777777777777777777444444444444447777777444777777    77   77777777777777777777777777777777   7555555555554444444444
    77777777777777777777444444444444447777777444544             77777777777                    7777555555555544444444444
     77777777777777777774444444444444477    7455455647         777777777777777777777777777777777746555555555544444444444
      7777777777777777774444444444444477 7   4655555667   777   7777775777      7777777777777777746665554555544444444444
      7777777777777777774444444444444477 7    56655556655555554477777747777774445555666556666666668886554555544444444444
       777777777777777777444444444444477 7    75665555455555555555444444455688888888888888888888888888544555544444444444
        77777777777777777744444444444777 7     7456655444555554458865545888888888888888888888886668666555555554444444444
        77777777777777777774444444444777 7      466666655555547488888888888888888888654445444477756555555555544444444444
         7777777777777777774444444444777          4568888555544588888888888888888854444444777777756555555555444444444444
         7777777777777777777444444447777            78886665555688888888888888865444777774777777756555555555444444444444
          777777777777777777444444447777              485     7746888888888885777777777774777777756555555555444444444444
           77777777777777777744444447777                          4888888888884 7777777774777777755555555555444444444444
           77777777777777777744444447777                           5888888888884    777774777777765555555555544444444444
            7777777777777777444444447777                            4688888888884     7777 77777765555555555454444444444
            77777777777777774444444477777                              74588888885           777765555555555544444444444
             7777777777777777444444477777                                 768888887            7765555555555554444444444
              77777777777777744444447777777                                 7688886      777   7745555555555554444444444
              777777777777774444444477777777777                               488884            775555555555554444444444
               7777777777777744444447777777777777777                           58885777777777    75555555555555444444444
                7777777777774444444444447777777777777777                       78888477777777    45555555555555444444444
                777777777777444444444447777777777777777777777777777777777      76888877777777    45555555555555544444444
                 7777777777744444444477777777777777777777777777777777777777777775888857777777777745555555555555444444444
                  777777777444444477777777777777777777777777777777777777777777777588884444444777745555555555555444444444
                  777777774444477777777777777777777777777777777777777777777777777758886774444777445655555555555544444444
                   77777774447777777777777777777777777777777777777777777777777777775888574444444456666666655555554444444
                   77777744777777777777777777777777777777777777777777777777777777777688844444555666666666665555555444444
                    7777477777777777777777777777777777777777777777777777777777777777765555444555566666666665555554444444
                     777777777777777777777777777777777777777777777777777777777777777774444555564565566666655555555444444
               77777 777777777777777777777777777777777777777777777777777777777777777774455444554565566666655555555544444
               7777777777777777      777777777777777777777 7777777777777777777777777777447444555565466666655555555544444
              777777777777             77777777777777        77777777777777777777777777777774455566688886665555555554444
