77744777777777777777777774444444444777777777777                                           77777    455555555555555544444
7777777777777777777777774444444444447777777777777                                        777777    455555555555555444444
7777777777777777777777777444444444447777777777777                                        777777    455555555555554444444
77777777777777777777777744444444444477777777777777                                      7777777    455555555555554444444
777777777777777777777777444444444444777777777777777                                     7777777    455555555555544444444
7777777777777777777777774444444444444777777777777777                                    7777777    455555555555544444444
 777777777777777777777774444444444444777777777777777                                   77777777    455555555555544444444
 777777777777777777777774444444444444777777777777777                          7      7777777777    455555555555544444444
  77777777777777777777774444444444444777777777777777                        7777777 77777777777    555555555555444444444
   7777777777777777777777444444444444777777777777777 7                7777777777777777777777777   7555555555554444444444
   7777777777777777777777444444444444777777777777777               7777777777777777777777777777  77555555555554444444444
    777777777777777777777444444444444477777777777777      777      77777777777777777777777777777777555555555554444444444
    7777777777777777777777444444444444777777              74557             777777  755554447777774555555555544444444444
     77777777777777777777744444444444777                  7454557     77777777777774688888888665446566555555554444444444
      7777777777777777777744444444444777 7                55555565    54  7777777748888888888888888666554555544444444444
      7777777777777777777744444444444777 7               7665555664   77777777777468888866888888888888554555544444444444
       777777777777777777774444444444777 7                55655556665555554444444688888854445555568686544555544444444444
        77777777777777777774444444444777 7                 4565555555555556444445888888884444444456655555555544444444444
        77777777777777777777444444447777 7                 4466655444555555664446888888885444444456655555555444444444444
         7777777777777777777444444447777                    766865544555554568658888888885444444466655555555444444444444
         7777777777777777777744444447777                      7588865555544588888888888885444444466655555555444444444444
          777777777777777777744444447777                        88866554444888888888888864744444466655555555444444444444
           77777777777777777744444447777  7                     78647744445888888888888864777744466655555555444444444444
           77777777777777777744444447777                                   756888888888888654777466655555555544444444444
            7777777777777777744444447777                                      588888888888888857765665555555454444444444
            77777777777777777444444477777                                      46888888888888888565566555555544444444444
             7777777777777777444444477777                                        468888888888888888656555555554444444444
              77777777777777744444447777777                                         777774688888888866655555554444444444
              777777777777777444444477777777777                                            74568888866655555554444444444
               7777777777777744444447777777777777777                                        7688888656555555555444444444
                777777777777744444444447777777777777777                               7777748888886555555555555444444444
                77777777777744444444444777777777777777777777777777777777            777777488888645555555555555444444444
                 7777777777744444444477777777777777777777777777777777777777777777777777774688885745555555555555444444444
                  777777777444444477777777777777777777777777777777777777777777777777777746888677745555555555555444444444
                  777777777444477777777777777777777777777777777777777777777777777777777768886777745566655555555544444444
                   77777774447777777777777777777777777777777777777777777777777777777777456864444456666666655555544444444
                   77777744777777777777777777777777777777777777777777777777777777777774445554555666666666665555544444444
                    7777477777777777777777777777777777777777777777777777777777777777774444455555566666666665555554444444
                     777777777777777777777777777777777777777777777777777777777777777777774444564465566666655555554444444
               77777 777777777777777777777777777777777777777777777777777777777777777777777774554555566666655555555444444
              77777777777777777      7777777777777777777     77777777777777777777777777777777555555466666655555555544444
              777777777777             7  777 777777         77777777777777777777777777777777455565688886665555555554444
