7774477777777777777777777444444444477777777777                                             7777    455555555555555554444
777777777777777777777777744444444444777777777777                                         777777    455555555555555544444
7777777777777777777777777444444444447777777777777                                        777777    455555555555555444444
7777777777777777777777777444444444447777777777777                                        777777    455555555555555444444
77777777777777777777777744444444444477777777777777                                      7777777    455555555555554444444
77777777777777777777777744444444444447777777777777                                      7777777    455555555555544444444
 777777777777777777777744444444444444777777777777                                   7 777777777    455555555555554444444
 777777777777777777777774444444444444777777777777                     7777        7777777777777    555555555555544444444
  77777777777777777777774444444444444777777777777                    777777     777777777777777    555555555555544444444
   7777777777777777777777444444444444777777777777                  7777777777777777777777777777    555555555555544444444
   7777777777777777777777444444444444777777777777  77            777777777777777777777777777777   7555555555555544444444
    777777777777777777777444444444444777777777777 774547         7777777777777777777777777777777777555555555554444444444
    777777777777777777777744444444444477777        7444565           777777777            777777774555555555554444444444
     77777777777777777777444444444444777           445445654       77747777777777774566555554477746565555555554444444444
      7777777777777777777444444444444777 7          55555666        7754777777777468888888888886656666554555544444444444
      7777777777777777777744444444444777 7          45555566554555547744777777758888888888888888888886554555544444444444
       777777777777777777774444444444777 7           5655555555555565444444445888888886556668866688886544555554444444444
        77777777777777777774444444444777 7           4566554445555555654444468888888864444477777756655555555554444444444
        77777777777777777774444444447777 7            466665444555544588654688888888844444444777756555555555544444444444
         7777777777777777777444444447777                7688655555444888888888888888544444444477756555555555444444444444
         7777777777777777777744444447777                 588866555445888888888888885444444444444456555555555444444444444
          777777777777777777744444447777                  58647445546888888888888857777774744444466555555555544444444444
           77777777777777777744444447777                             758888888888854777774774444466555555555554444444444
           77777777777777777744444447777                               4888888888888857774777774466555555555554444444444
            7777777777777777744444447777                                788888888888888577 77777766555555555554444444444
            77777777777777777444444477777                                75888888888888884   777765555555555544444444444
             7777777777777777444444477777                                   7444568888888867  77765555555555554444444444
              77777777777777744444447777777                                       75688888887777745555555555554444444444
              777777777777777444444477777777777                                       4688887    75555555555554444444444
               777777777777774444444777777777777777                                   7688857    75555555555555444444444
                777777777777744444444447777777777777777                              75888847    45555555555555544444444
                77777777777744444444444777777777777777777777777777777777            778888877    45555555555555544444444
                 7777777777744444444477777777777777777777777777777777777777777777777748888677777745555555555555444444444
                  777777777444444477777777777777777777777777777777777777777777777777778888544777745555555555555544444444
                  777777777444477777777777777777777777777777777777777777777777777777776888444777745565655555555544444444
                   77777774447777777777777777777777777777777777777777777777777777777776886444444456666666555555554444444
                   77777744777777777777777777777777777777777777777777777777777777777776886444555666666666665555554444444
                    7777477777777777777777777777777777777777777777777777777777777777774566444455566666666665555554444444
                     777777777777777777777777777777777777777777777777777777777777777774445555564565566666655555554444444
                 777 777777777777777777777777777777777777777777777777777777777777777774455544564555566666655555555444444
               777777777777777       7777777777777777777       777777777777777777777777447744555565466666655555555544444
              777777777777             777 77 7777 7           777777777777777777777777777774455565688886665555555554444
