7774477777777777777777774444444444477777777777777                                        777777    455555555555555544444
77777777777777777777777744444444444477777777777777                                       777777    455555555555555444444
77777777777777777777777744444444444477777777777777                                      7777777    455555555555554444444
77777777777777777777777744444444444447777777777777                                     77777777    455555555555554444444
7777777777777777777777744444444444444777777777777777                                    7777777    455555555555544444444
77777777777777777777777444444444444447777777777777777                                 777777777    455555555555544444444
 77777777777777777777744444444444444447777777777777777                7            777777777777    455555555555544444444
 777777777777777777777744444444444444477777777777777777              7777777      7777777777777    455555555555444444444
  77777777777777777777744444444444444477777777777777777             777777777   777777777777777    555555555555444444444
   77777777777777777777444444444444444777777777777777777          77777777777777777777777777777    555555555554444444444
   777777777777777777774444444444444447777777777777777777        777777777777777777777777777777   7555555555554444444444
    77777777777777777777444444444444444777777777777744547777     7777777777777777777777777777777777555555555554444444444
    77777777777777777777444444444444444777777       7445557          7777777777            77777774555555555544444444444
     77777777777777777774444444444444477 77         45545664        7747777777777774566666555447746555555555544444444444
      7777777777777777774444444444444447 7          765555666       7754777777777468888888888888666666554555544444444444
      7777777777777777774444444444444447 7           5655556654444547744777777746888888888888888888886554555444444444444
       777777777777777777444444444444477 7           7565555555555556444444444688888886445666666668886544555444444444444
       777777777777777777444444444444477 7           7456655445555555565444446888888884444477777756555555555444444444444
        77777777777777777444444444444477 7            756665544555554458865588888888864444444777756555555555444444444444
         7777777777777777744444444444777 77             4588865555544488888888888888844444444477756555555554444444444444
         77777777777777777744444444447777 7               68886655544688888888888888444444744444456555555554444444444444
          777777777777777777444444444777  7               76885455555888888888888884777774744444466555555554444444444444
           777777777777777774444444447777 7                74      77756888888888885477774777444466555555554444444444444
           777777777777777774444444477777 7                             588888888888885777 77777466555555555444444444444
            77777777777777744444444447777 7                              58888888888888857  7777765555555554444444444444
            77777777777777774444444477777 7                               468888888888888857  77765555555555444444444444
             7777777777777774444444477777                                   74445568888888884  7765555555555544444444444
              777777777777774444444477777777                                       74668888887 7745555555555444444444444
              77777777777777444444444777777777777777                                   7688867   75555555555544444444444
               777777777777744444444477777777777777777     777                         488884    75555555555544444444444
                7777777777774444444444447777777777777777777777                      777888887    75555555555555444444444
                7777777777774444444444477777777777777777777777777777777777     77777775888867    45555555555554444444444
                 7777777777444444444477777777777777777777777777777777777777777777777775888847777745555555555555444444444
                 7777777777444444477777777777777777777777777777777777777777777777777775888644777745555555555555444444444
                  777777774444447777777777777777777777777777777777777777777777777777775888444777745565655555555544444444
                   77777774444777777777777777777777777777777777777777777777777777777775888444444456666666555555544444444
                   77777744777777777777777777777777777777777777777777777777777777777776888444555666666666665555544444444
                    7777477777777777777777777777777777777777777777777777777777777777774455544555566666666665555554444444
                 7  7777777777777777777777777777777777777777777777777777777777777777774445555564465566666655555554444444
              777777 777777777777777777777777777777777777777777777777777777777777777774454444555555566666655555555444444
             77777777777777777777777777777777777777777777777777777777777777777777777777777444555565466666655555555544444
            7777777777777777          7777777777777777777777777777777777777777777777777777744455565688886665555555554444
