7774477777777777777777774444444444477777777777777                                        777777    455555555555555554444
77777777777777777777777744444444444477777777777777                                       777777    455555555555555544444
77777777777777777777777744444444444477777777777777                                      7777777    455555555555555444444
777777777777777777777777444444444444477777777777777                                     7777777    455555555555555444444
7777777777777777777777774444444444444777777777777777                                    7777777    455555555555554444444
777777777777777777777774444444444444477777777777777777                                  7777777    455555555555554444444
 77777777777777777777774444444444444447777777777777777                                  7777777    455555555555554444444
 777777777777777777777774444444444444477777777777777777                            777 77777777    455555555555544444444
  777777777777777777777744444444444444777777777777777777                        777777777777777    555555555555544444444
   77777777777777777777744444444444444777777777777777777                     777777777777777777  77555555555555544444444
   777777777777777777777444444444444447777777777777777777           7777777777777777777777777777 77555555555555544444444
    77777777777777777777444444444444447777777777777777777          77777777777777777777777777777777555555555555444444444
    77777777777777777777444444444444447777777                 7447               777744444477777774555555555554444444444
     77777777777777777774444444444444477 77                   74454   7     77777777588888888665446566555555554444444444
      7777777777777777777444444444444477 7                    4454557 57       77774888888888888888666554555544444444444
      7777777777777777777444444444444477 7                   655555565     777777775888888888888888888554555544444444444
       777777777777777777444444444444477 7                   66565556647744447744446888888445555568886544555554444444444
       777777777777777777444444444444477 7                    5565555666555555444448888888854444456655555555544444444444
        77777777777777777774444444444777 7                    4456555555555555654448888888884444456655555555544444444444
         7777777777777777774444444444777 77                   7466855544455555556658888888885444466655555555444444444444
         7777777777777777777444444444777  7                     75686554455554458888888888886444466655555555444444444444
          777777777777777777444444447777  7                        68886555554458888888888886444466655555555444444444444
           777777777777777774444444477777 7                        68886655444488888888888886774466665555555544444444444
           777777777777777777444444477777 7                         557  77744468888888888888854765665555555554444444444
            77777777777777774444444477777 7                                     7468888888888888865566555555554444444444
            77777777777777774444444477777 7                                        5888888888888888666655555554444444444
             7777777777777777444444477777                                           468888888888888886665555554444444444
              777777777777774444444447777777                                          7455556888888888865555555444444444
              77777777777777444444444777777777777777                                         746888888886555554444444444
               777777777777744444444477777777777777777                                 7        468888886555555444444444
                77777777777444444444444477777777777777777  777                       7777777  46888888865555555444444444
                7777777777774444444444477777777777777777777777777777777777      7 77777777777688888886655555555544444444
                 7777777777444444444477777777777777777777777777777777777777777777777777777746888888655555555555444444444
                 7777777777444444477777777777777777777777777777777777777777777777777777777588888555555555555555444444444
                  777777774444447777777777777777777777777777777777777777777777777777777775888857745566655555555544444444
                   77777774447777777777777777777777777777777777777777777777777777777777444566444456666866655555544444444
                   77777744777777777777777777777777777777777777777777777777777777777774444564555666666666665555544444444
                    7777477777777777777777777777777777777777777777777777777777777777777444455555566666666665555554444444
               7 7  7777777777777777777777777777777777777777777777777777777777777777777777445565465566666655555554444444
              777777 777777777777777777777777777777777777777777777777777777777777777777777744555555566666655555554444444
            777777777777777777777777777777777777777777777777777777777777777777777777777777744555555466666655555554444444
            7777777777777777          7777777777777777777  7777777777777777777777777777777777455565688886665555555544444
