7774477777777777777777774444444444477777777777777                                       7777777    455555555555544444444
77777777777777777777777744444444444477777777777777                                      7777777    455555555555444444444
777777777777777777777774444444444444777777777777777                                    77777777    455555555555544444444
777777777777777777777777444444444444477777777777777                                    77777777    455555555555444444444
7777777777777777777777744444444444444777777777777777                                   77777777    455555555554444444444
777777777777777777777774444444444444477777777777777777                                 77777777    455555555555444444444
 777777777777777777777444444444444444477777777777777777                                77777777    455555555554444444444
 7777777777777777777777444444444444444777777777777777777           77777         7      7777777    455555555544444444444
  777777777777777777777444444444444444777777777777777777          7777777     777777     77777     555555555544444444444
   777777777777777777777444444444444447777777777777777777        777777777777777777777 7777777     555555555544444444444
   777777777777777777774444444444444447777777777777777777777    7777777777777777777777777777777   7555555555444444444444
    77777777777777777777444444444444447777777777777777777777   777777777777777777777777777777777777555555555444444444444
    77777777777777777777444444444444447777777  774557              7777777                   777777555555555444444444444
     77777777777777777774444444444444477 77     445454            777777777777777774666655554477746555555555444444444444
      7777777777777777774444444444444477 7      455555547          7775477   7774688888888888886556665554455444444444444
      7777777777777777774444444444444477 7      466555566477744447777747777774588888888888888888888886554454444444444444
       777777777777777777444444444444477 7      765655555565555555444444444458888888885445666666668886544455444444444444
       777777777777777777444444444444477 7       45566555445555555565444445888888888844474777777756555555554444444444444
        77777777777777777444444444444477 7        4456665544555554458886668888888888544444777777756555555554444444444444
         7777777777777777744444444444777 77       7568686665555554468888888888888885444444477777756555555554444444444444
         77777777777777777744444444447777 7          4558888655544488888888888888644444444444777756555555554444444444444
          7777777777777777774444444447777 7             5886666555588888888888888477777774744444466555555544444444444444
           777777777777777774444444447777 7              785     7745688888888888865777774777444465555555554444444444444
           777777777777777774444444477777 7                           58888888888888857777 77777765555555554444444444444
            77777777777777774444444477777 7                            4888888888888888577  7777765555555554444444444444
            77777777777777774444444477777 7                              45666688888888867    77755555555554444444444444
             7777777777777774444444477777                                       75688888887      65555555555444444444444
              777777777777774444444477777777                                        75888877    745555555555444444444444
              777777777777774444444447777777777777777                                48886       75555555555444444444444
               777777777777744444444477777777777777777  7 7777                      768886777    75555555555544444444444
                7777777777774444444444447777777777777777777777                      788886777    45555555555544444444444
                777777777777444444444444777777777777777777777777777777777    7777777788885777    45555555555554444444444
                 7777777777444444444477777777777777777777777777777777777777777777777768885777777745555555555554444444444
                 7777777777444444477777777777777777777777777777777777777777777777777758884444777745555555555555444444444
                  777777774444447777777777777777777777777777777777777777777777777777748885444777745555555555555544444444
                   77777774447777777777777777777777777777777777777777777777777777777748885444444456666666655555554444444
                   77777744777777777777777777777777777777777777777777777777777777777775555444455666666666665555554444444
                    7777477777777777777777777777777777777777777777777777777777777777774445555555566666666665555554444444
                 7  7777777777777777777777777777777777777777777777777777777777777777774555544565465566666655555555444444
              777777 777777777777777777777777777777777777777777777777777777777777777777444444555565566666655555555444444
             77777777777777777777777777777777777777777777777777777777777777777777777777777444555565466666655555555544444
             777777777777777         77777777777777777777777777777777777777777777777777777744455566688886665555555554444
