77744777777777777777777744444444444777777777777                                           77777    455555555555555444444
7777777777777777777777774444444444447777777777777                                        777777    455555555555554444444
7777777777777777777777774444444444447777777777777                                        777777    455555555555554444444
77777777777777777777777744444444444477777777777777                                      7777777    455555555555554444444
77777777777777777777777744444444444447777777777777                                      7777777    455555555555444444444
777777777777777777777774444444444444477777777777777                                     7777777    455555555555544444444
 77777777777777777777744444444444444477777777777777                                     7777777    455555555555544444444
 77777777777777777777774444444444444477777777777777                                     7777777    555555555555444444444
  7777777777777777777774444444444444477777777777777               777777     7          7777777    555555555554444444444
   777777777777777777777444444444444477777777777777  7           777777777777777        777777     555555555554444444444
   77777777777777777777444444444444444777777777777 7            777777777777777777777777777777     555555555554444444444
    77777777777777777777444444444444447777777744447777         77777777777777777777777777777777  77555555555554444444444
    7777777777777777777744444444444444777777 77445544            77777777777                7777774555555555544444444444
     77777777777777777774444444444444477      455555654         77777777777777777777777777777777746555555555544444444444
      7777777777777777774444444444444477 7    7555555664        77777754777777777744555555555544446665554555544444444444
      7777777777777777777444444444444477 7     4565555665555555477477747777775568888888888888888888886554555544444444444
       777777777777777777444444444444477 7      456555545555555555544444445688888888888888888888888886544555554444444444
        77777777777777777744444444444777 7      745665544445555455886544688888888888865455666655556665555555544444444444
        77777777777777777774444444444777 7       75668665555554748888888888888888886444444777777756555555555544444444444
         7777777777777777774444444444777           745888855554458888888888888888854444444477777756555555555444444444444
         7777777777777777777444444447777             7888666555568888888888888865444444444777777756555555555444444444444
          777777777777777777744444447777               485    7774688888888888677777777774777777756555555555444444444444
           77777777777777777444444447777  7                        48888888888864777777774777777755555555555444444444444
           77777777777777777744444447777  7                         48888888888885   77774777777765555555555544444444444
            7777777777777777444444447777                             76888888888885   7777 77777765555555555454444444444
            77777777777777774444444477777                               744688888886          77765555555555544444444444
             7777777777777777444444477777                                   768888886           765555555555554444444444
              77777777777777444444447777777                                   75888885   7777   745555555555554444444444
              7777777777777744444444777777777777                                768886           75555555555554444444444
               7777777777777444444444777777777777777                             488867777777    75555555555555444444444
                777777777777444444444447777777777777777    77                    488884777777    45555555555555444444444
                777777777777444444444447777777777777777777777777777777777        788886777777    45555555555555544444444
                 7777777777444444444477777777777777777777777777777777777777777777768888777777777745555555555555444444444
                  777777777444444477777777777777777777777777777777777777777777777748888444444777745555555555555544444444
                  777777774444447777777777777777777777777777777777777777777777777775888574444777445655655555555554444444
                   77777774447777777777777777777777777777777777777777777777777777777688844444444456666666655555554444444
                   77777744777777777777777777777777777777777777777777777777777777777488854444555666666666665555555444444
                    7777477777777777777777777777777777777777777777777777777777777777755555444555566666666665555555444444
                     777777777777777777777777777777777777777777777777777777777777777774444555564565566666655555555544444
                7777 777777777777777777777777777777777777777777777777777777777777777774445444554565566666655555555544444
               77777777777777777     77777777777777777777777777777777777777777777777777447444555565466666655555555544444
              777777777777             777777777777777      777777777777777777777777777777744455566688886665555555554444
