77744777777777777777777744444444444777777777777                                           77777    455555555555555554444
7777777777777777777777774444444444447777777777777                                        777777    455555555555555544444
7777777777777777777777777444444444447777777777777                                         77777    455555555555555444444
77777777777777777777777744444444444477777777777777                                       777777    455555555555555544444
77777777777777777777777744444444444477777777777777                                       777777    455555555555554544444
777777777777777777777777444444444444477777777777777                                     7777777    455555555555554554444
 77777777777777777777774444444444444477777777777777                                     7777777    455555555555555445444
 777777777777777777777774444444444444777777777777777                                   77777777    555555555555555444444
  7777777777777777777777444444444444477777777777777                 77777       7  7  777777777    555555555555554444444
   77777777777777777777774444444444447777777777777   7             77777777   77777777777777777    555555555555544444444
   77777777777777777777744444444444447777777777777               777777777777777777777777777777   7555555555555544444444
    77777777777777777777444444444444447777777777777777          77777777777777777777777777777777777555555555555444444444
    7777777777777777777774444444444444777777     7745477            7777777                77777774555555555554444444444
     77777777777777777777444444444444477         74545665          77777777777777777744777777777746665555555554444444444
      7777777777777777777444444444444477 7        555456665        7775477    777746888888888665556666554555554444444444
      7777777777777777777744444444444477 7        7555556667774444777747777777756888888888888888888886554555555444444444
       777777777777777777744444444444777 7         465555665555555544444444445888888888668888888888886544555555444444444
        77777777777777777774444444444777 7         755555545555555556544444568888888864444444447756665555555554444444444
        77777777777777777774444444447777 7          46666544445555456886546888888888644444477777756555555555544444444444
         7777777777777777777444444447777              468665555554448888888888888888444444447777756555555555544444444444
         7777777777777777777744444447777                6888655554468888888888888864444444444477756555555555544444444444
          777777777777777777744444447777                4668655555468888888888888677744444744444466555555555544444444444
           77777777777777777744444447777  7               44      774688888888888547777774744444466555555555554444444444
           77777777777777777744444447777                              48888888888886477774777774466555555555554444444444
            7777777777777777744444447777                               4888888888888857777777777766555555555554444444444
            77777777777777774444444477777                               7688888888888884   77777765555555555554444444444
             7777777777777777444444477777                                  744568888888867 77777765555555555555444444444
              77777777777777744444447777777                                      468888886777777745555555555555444444444
              777777777777777444444477777777777                                    74688884      75555555555555544444444
               777777777777774444444777777777777777                                  48888777    75555555555555544444444
                777777777777444444444447777777777777777                              58888777    45555555555555544444444
                777777777777444444444447777777777777777777777777777777777          7788888777    45555555555555544444444
                 7777777777744444444777777777777777777777777777777777777777777777777488886777777745555555555555544444444
                  777777777444444477777777777777777777777777777777777777777777777777788886444777745555555555555544444444
                  777777777444477777777777777777777777777777777777777777777777777777768885444777745565555555555544444444
                   77777774447777777777777777777777777777777777777777777777777777777758884444444456666666555555554444444
                   77777744777777777777777777777777777777777777777777777777777777777748885444555666666666665555554444444
                    7777477777777777777777777777777777777777777777777777777777777777778885444455566666666665555554444444
                     777777777777777777777777777777777777777777777777777777777777777774455555564565566666655555554444444
               77777 777777777777777777777777777777777777777777777777777777777777777774444555564565566666655555555444444
               7777777777777777      77777777777777777777    77777777777777777777777777454444555565466666655555555544444
              777777777777             777777777777777        7777777777777777777777777777774455565688886665555555554444
