7774477777777777777777744444444444447777777777777                                       7777777    455555555555555554444
777777777777777777777774444444444444777777777777777                                     7777777    455555555555555544444
777777777777777777777774444444444444777777777777777                                     7777777    455555555555555444444
7777777777777777777777744444444444444777777777777777                                    7777777    455555555555555544444
77777777777777777777777444444444444447777777777777777                                   7777777    455555555555554444444
777777777777777777777774444444444444447777777777777777                                 77777777    455555555555554444444
 7777777777777777777774444444444444444777777777777777777                              7 7777777    455555555555554444444
 7777777777777777777774444444444444444777777777777777777                         77777777777777    455555555555545444444
  7777777777777777777774444444444444447777777777777777777                    777777777777777777    555555555555544444444
   777777777777777777774444444444444447777777777777777777            77777777777777777777777777  77555555555555544444444
   7777777777777777777744444444444444477777777777777777777         77777777777777777777777777777 77555555555555544444444
    77777777777777777777444444444444444777777777777777777777      777777777777777777777777777777777555555555555444444444
    777777777777777777774444444444444447777777              7447              777777755555544777774555555555554444444444
     77777777777777777774444444444444477 77                 744554    7  77777777777688888888865446566555555554444444444
      7777777777777777774444444444444447 7                  44555657  57     7777775888888888888888666554555544444444444
      7777777777777777774444444444444477 7                 7555555664 7  77777777748888886688888888888554555544444444444
       777777777777777777444444444444447 7                  656555566444444474444458888886445555568686544555544444444444
       777777777777777777444444444444477 7                   55655566655555554444468888888544444456655555555544444444444
        7777777777777777744444444444447777                   44665555555555555644488888888844444456555555555444444444444
         7777777777777777444444444444477777                  74666654445555545586688888888844444466555555555444444444444
         77777777777777777444444444447777 7                    746866545555444688888888888854444466655555555444444444444
          7777777777777777774444444447777 7                      7888865555445888888888888844444466655555555444444444444
           777777777777777774444444447777 7                      7688555555446888888888888847744466655555555444444444444
           777777777777777774444444447777 7                        4      7774688888888888888547765555555555544444444444
            77777777777777744444444447777 7                                    75888888888888886465565555555554444444444
            77777777777777744444444447777 7                                      768888888888888886566555555554444444444
             7777777777777774444444447777                                          5888888888888888866655555554444444444
              777777777777744444444447777777                                         77777458888888886665555555444444444
              7777777777777444444444477777777777777777      7                                456888888665555554444444444
               777777777777444444444477777777777777777777 7777                        77777   45888888655555555444444444
                77777777777444444444444477777777777777777777777                     777777777688888866655555555444444444
                77777777777444444444444477777777777777777777777777777777777777777777777777776888886555555555555444444444
                 7777777777444444444447777777777777777777777777777777777777777777777777777468888655555555555555444444444
                 7777777777444444447777777777777777777777777777777777777777777777777777774888865745555555555555444444444
                  777777774444447777777777777777777777777777777777777777777777777777777748888577745566655555555544444444
                   77777744444777777777777777777777777777777777777777777777777777777777445685444456666866655555544444444
                   77777744777777777777777777777777777777777777777777777777777777777774444554555666666666665555544444444
                    7777477777777777777777777777777777777777777777777777777777777777774444455555566666666665555554444444
              7777  7774777777777777777777777777777777777777777777777777777777777777777774445564465566666655555554444444
              7777777777777777777777777777777777777777777777777777777777777777777777777777444555555566666655555554444444
            777777777777777777777777777777777777777777777777777777777777777777777777777777744555565466666655555555444444
          7 77777777777777777       777777777777777777777777777777777777777777777777777777774455565688886665555555544444
