777447777777777777777774444444444447777777777777                                         777777    455555555555554444444
7777777777777777777777744444444444447777777777777                                        777777    455555555555554444444
77777777777777777777777444444444444477777777777777                                      7777777    455555555555554444444
77777777777777777777777744444444444447777777777777                                      7777777    455555555555544444444
777777777777777777777774444444444444477777777777777                                     7777777    455555555555444444444
7777777777777777777777744444444444444777777777777777                                    7777777    455555555555444444444
 777777777777777777777444444444444444777777777777777                                    7777777    455555555555544444444
 7777777777777777777777444444444444447777777777777777                                   7777777    455555555555444444444
  777777777777777777777444444444444444777777777777777           7777777777              7777777    555555555554444444444
   777777777777777777777444444444444447777777777777777         777777777777777          777777     555555555554444444444
   7777777777777777777744444444444444477777777777777777    7   777777777777777777      7777777     555555555544444444444
    77777777777777777774444444444444447777777455777777777 777 777777777777777777777777777777777   7555555555544444444444
    777777777777777777774444444444444477777744545547           777777777777                 7777777555555555544444444444
     77777777777777777774444444444444477    7555555647        7777777777777777777777777777777777746555555555544444444444
      7777777777777777774444444444444477 7   4655555667  7777  777777754777777777777777777777777746665554555544444444444
      7777777777777777774444444444444477 7   756655555555555554444777747777445555666666666666666668886554555544444444444
       777777777777777777444444444444477 7    75665554455555555565544444568888888888888888888888888886544555544444444444
        77777777777777777444444444444477 7     4566665444555544588888668888888888888888888888886666666555555444444444444
        77777777777777777744444444444777 7      466886665555544688888888888888888886544444444477756555555555444444444444
         7777777777777777744444444444777          7568886655444888888888888888888544444444777777756555555555444444444444
         7777777777777777774444444444777  7         46686555555688888888888886547777777774777777756555555555444444444444
          777777777777777777444444447777  7           667       75888888888884777777777774777777755555555555444444444444
           77777777777777777444444447777  7                       48888888888857  77777774777777755555555555444444444444
           77777777777777777444444447777  7                        4888888888886     77777 77777755555555555444444444444
            77777777777777774444444477777 7                          4566888888867       7   777755555555555444444444444
            77777777777777774444444477777                                758888886             7765555555555544444444444
             7777777777777774444444477777                                  76888885             765555555555544444444444
              77777777777777444444447777777                                  7688887     777   7745555555555444444444444
              7777777777777744444444777777777777                               68884             75555555555544444444444
               77777777777774444444447777777777777777                          48888777777777    75555555555555444444444
                7777777777774444444444447777777777777777   77                  78888677777777    45555555555555444444444
                777777777777444444444447777777777777777777777777777777777       5888857777777    45555555555554444444444
                 7777777777444444444477777777777777777777777777777777777777777777688884777777777745555555555555444444444
                  777777777444444477777777777777777777777777777777777777777777777758886444444777745555555555555444444444
                  777777774444447777777777777777777777777777777777777777777777777775888574444777445655555555555544444444
                   77777774447777777777777777777777777777777777777777777777777777777588844444444456666666655555554444444
                   77777744777777777777777777777777777777777777777777777777777777777766554444455666666666665555555444444
                    7777477777777777777777777777777777777777777777777777777777777777774444555555566666666665555555444444
                     777777777777777777777777777777777777777777777777777777777777777774455544564565566666655555555544444
               77777 777777777777777777777777777777777777777777777777777777777777777777477444554565566666655555555544444
              777777777777777777    777777777777777777777777777777777777777777777777777777444555565466666655555555544444
              777777777777            77777777777777777777 7777777777777777777777777777777774455566688886665555555554444
