77744777777777777777777774444444444777777777                                               7777    455555555555544444444
7777777777777777777777774444444444477777777777                                           777777    455555555555444444444
777777777777777777777777744444444444777777777777                                         777777    455555555555544444444
7777777777777777777777774444444444447777777777777                                        777777    455555555555444444444
77777777777777777777777744444444444477777777777777                                      7777777    455555555554444444444
777777777777777777777774444444444444777777777777777                                      777777    455555555555444444444
 77777777777777777777774444444444444777777777777777                                     7777777    455555555554444444444
 77777777777777777777777444444444444477777777777777                                      777777    455555555544444444444
  7777777777777777777777444444444444477777777777777                  7777                77777     555555555544444444444
   777777777777777777777444444444444477777777777777            777777777777              77777     555555555544444444444
   7777777777777777777744444444444444777777777777777           77777777777777            77777     555555555444444444444
    77777777777777777777444444444444477777744554777777    7777777777777777777777       7777777    7555555555444444444444
    7777777777777777777744444444444447777777455457             77777777777                    77777555555555444444444444
     77777777777777777774444444444444477    455555577         7777777777777777777777777777777777746555555555444444444444
      7777777777777777774444444444444477 7  7565555664   7777  777777754777   777777777777777777746555554555544444444444
      7777777777777777774444444444444477 7   456554555555555554477777747777445666666666666888888668886554555444444444444
       777777777777777777444444444444477 7   765665554445555555555544444568888888888888888888888888886544555444444444444
        77777777777777777744444444444777 7     4566655544555544588888888888888888888888688888866666665555555444444444444
        77777777777777777744444444444777 7     4566686665555544688888888888888888886544444444777756555555555444444444444
         7777777777777777774444444444777         46668886655544888888888888888886544444474777777756555555555444444444444
         7777777777777777777444444447777  7          5686655555688888888888886547777777774777777756555555554444444444444
          777777777777777777444444447777  7           486       75888888888857777777777774777777755555555554444444444444
           77777777777777777444444447777  7            7          5888888888867 7777777774777777755555555555444444444444
           77777777777777777444444447777  7                        588888888886     777777 77777755555555555444444444444
            77777777777777774444444477777 7                         745688888886         7  7777755555555555444444444444
            77777777777777774444444477777 7                             768888885             77 55555555555444444444444
             7777777777777777444444477777                                 46888887              765555555555544444444444
              77777777777777444444447777777                                 488886       777  77745555555555444444444444
              7777777777777744444444777777777777                             788887             775555555555544444444444
               77777777777774444444477777777777777777                         588867777777777    45555555555544444444444
                77777777777744444444444777777777777777777  77                 788885777777777    45555555555555444444444
                777777777777444444444444777777777777777777777777777777777     7688885777777777   45555555555555444444444
                 7777777777444444444477777777777777777777777777777777777777777746888847777777777745555555555555444444444
                  777777777444444477777777777777777777777777777777777777777777777688884444444777745555555555555544444444
                  777777774444447777777777777777777777777777777777777777777777777758886774444477445655555555555554444444
                   77777774447777777777777777777777777777777777777777777777777777775888644444444456666666655555554444444
                   77777744777777777777777777777777777777777777777777777777777777777486554444455666666666665555555444444
                    7777477777777777777777777777777777777777777777777777777777777777744445555555566666666665555555444444
                    7777777777777777777777777777777777777777777777777777777777777777774455554565565566666665555555544444
                7777 777777777777777777777777777777777777777777777777777777777777777777444444555565566666655555555554444
               7777777777777777     777777777777777777777777777777777777777777777777777777444555565466666665555555544444
              777777777777             77777777777777777   7777777777777777777777777777777744455566688886665555555554444
