7774477777777777777777777444444444477777777777                                            77777    455555555555555554444
777777777777777777777777774444444447777777777777                                          77777    455555555555555544444
7777777777777777777777777444444444447777777777777                                        777777    455555555555555444444
7777777777777777777777777444444444447777777777777                                         77777    455555555555554444444
7777777777777777777777774444444444447777777777777                                       7777777    455555555555554444444
77777777777777777777777744444444444447777777777777                                     77777777    455555555555544444444
 7777777777777777777777744444444444447777777777777                                   7777777777    455555555555554444444
 7777777777777777777777744444444444447777777777777                                  77777777777    455555555555544444444
  77777777777777777777774444444444444777777777777                      777777777   777777777777    555555555555544444444
   7777777777777777777777444444444444777777777777                   777777777777777777777777777    555555555555544444444
   7777777777777777777777444444444444777777777777                  7777777777777777777777777777  77555555555555444444444
    777777777777777777777444444444444777777777777      7447       777777777777777777777777777777777555555555554444444444
    7777777777777777777777444444444447777777           744554            77777777   744477777777774555555555554444444444
     77777777777777777777744444444444777               44545667      777777777777774688888886654746566555555554444444444
      7777777777777777777744444444444777 7             455555664     754777777777758888888888888868666554555544444444444
      7777777777777777777744444444444777 7             45655556677774447777777774688888868888888888886554555544444444444
       777777777777777777774444444444777 7              4554456665555555444444458888888544555555568886544555554444444444
        77777777777777777777444444444777 7              4456555455555555554444488888888544444444756655555555554444444444
        77777777777777777777444444447777 7               466655444555555566544688888888544444444456655555555544444444444
         7777777777777777777744444447777                  74686654555544468888888888888444444444456555555555444444444444
         7777777777777777777744444447777                    788885555544688888888888885444444444466555555555444444444444
          777777777777777777744444447777                     68865655444888888888888884774744444466555555555444444444444
           77777777777777777744444447777                      44    7747588888888888864774777444466555555555544444444444
           77777777777777777744444447777  7                               4888888888888865777777466555555555544444444444
            7777777777777777744444447777                                   768888888888888857777766655555555454444444444
            77777777777777777444444477777                                    5888888888888888577765555555555544444444444
             7777777777777777444444477777                                     746666688888888885765555555555554444444444
              77777777777777744444447777777                                           7568888888645555555555554444444444
              777777777777777444444477777777777                                          7458888675555555555554444444444
               777777777777774444444777777777777777                                       488886775555555555555444444444
                777777777777744444444447777777777777777                               7775888887 45555555555555444444444
                77777777777744444444444777777777777777777777777777777777            77777888884  45555555555555444444444
                 7777777777744444444477777777777777777777777777777777777777777777777777758888577745555555555555444444444
                  777777777444444477777777777777777777777777777777777777777777777777777768885777745555555555555444444444
                  777777777444477777777777777777777777777777777777777777777777777777777488864777745565555555555544444444
                   77777774447777777777777777777777777777777777777777777777777777777777688844444456666666655555544444444
                   77777744777777777777777777777777777777777777777777777777777777777777456644555666666666665555544444444
                    7777477777777777777777777777777777777777777777777777777777777777774445554455566666666665555554444444
                     777777777777777777777777777777777777777777777777777777777777777774555445564555566666655555554444444
               77777 777777777777777777777777777777777777777777777777777777777777777777777444554555566666655555555444444
               7777777777777777       777777777777777777       777777777777777777777777777777555565466666655555555544444
              777777777777                    7777 7           777777777777777777777777777777455565688886665555555554444
