77744777777777777777777774444444444777777777777                                           77777    455555555555555544444
7777777777777777777777774444444444447777777777777                                        777777    455555555555555444444
7777777777777777777777777444444444447777777777777                                        777777    455555555555554444444
77777777777777777777777744444444444477777777777777                                      7777777    455555555555554444444
777777777777777777777777444444444444477777777777777                                     7777777    455555555555544444444
7777777777777777777777774444444444444777777777777777                                    7777777    455555555555544444444
 777777777777777777777774444444444444777777777777777                                    7777777    455555555555544444444
 777777777777777777777774444444444444777777777777777                           777    777777777    455555555555544444444
  777777777777777777777744444444444447777777777777777                        777777777777777777    555555555555444444444
   7777777777777777777777444444444444777777777777777 7                7777777777777777777777777   7555555555554444444444
   77777777777777777777774444444444444777777777777777               7777777777777777777777777777 77555555555554444444444
    77777777777777777777744444444444447777777777777777     777     77777777777777777777777777777777555555555554444444444
    7777777777777777777774444444444444777777               74557             777777 755555544777774555555555554444444444
     77777777777777777777444444444444477                   7454557    7 777777777774688888888865446566555555544444444444
      7777777777777777777744444444444777 7                 45554554   54    77777776888888888888888666554555544444444444
      7777777777777777777744444444444777 7                 665555564  77777777777758888866688888888888554555544444444444
       777777777777777777774444444444777 7                 5565555665555555444444488888884445555568686544555544444444444
        77777777777777777774444444444777 7                  456555555555555644444688888886444444456655555555544444444444
        77777777777777777777444444444777 7                  445665544555555566444688888888444444456655555555444444444444
         7777777777777777777444444447777                     46586554445555456865888888888444444466655555555444444444444
         7777777777777777777744444447777                       758886555554448888888888888444444466655555555444444444444
          777777777777777777744444447777  7                      6888655444468888888888888744444466655555555444444444444
           77777777777777777744444447777  7                      4864744544488888888888886777744466655555555444444444444
           77777777777777777744444447777  7                       7         75688888888888885477766655555555544444444444
            7777777777777777744444447777                                       58888888888888885765665555555554444444444
            77777777777777777444444477777                                       7688888888888888886566555555544444444444
             7777777777777777444444477777                                         56888888888888888866655555554444444444
              77777777777777744444447777777                                          77774568888888886655555554444444444
              7777777777777774444444777777777777                                            7456888886655555554444444444
               7777777777777744444447777777777777777                                         768888886655555555444444444
                7777777777777444444444477777777777777777                              7777775888888656555555555444444444
                777777777777444444444447777777777777777777777777777777777           777777758888885555555555555444444444
                 7777777777744444444477777777777777777777777777777777777777777777777777777588888545555555555555444444444
                  777777777444444477777777777777777777777777777777777777777777777777777775888857745555555555555444444444
                  777777777444477777777777777777777777777777777777777777777777777777777758886477745566655555555544444444
                   77777774447777777777777777777777777777777777777777777777777777777777445664444456666666655555544444444
                   77777744777777777777777777777777777777777777777777777777777777777774444554555666666666665555544444444
                    7777477777777777777777777777777777777777777777777777777777777777777444455555566666666665555554444444
                     777777777777777777777777777777777777777777777777777777777777777777777444564465566666655555554444444
               77777 777777777777777777777777777777777777777777777777777777777777777777777774555555566666655555555444444
              77777777777777777      7777777777777777777  7  77777777777777777777777777777777555555466666655555555544444
              777777777777              7777777777777        77777777777777777777777777777777455565688886665555555554444
