777447777777777777777777444444444447777777777777                                          77777    455555555555555554444
7777777777777777777777774444444444447777777777777                                        777777    455555555555555554444
77777777777777777777777744444444444477777777777777                                      7777777    455555555555555444444
77777777777777777777777744444444444477777777777777                                      7777777    455555555555555544444
777777777777777777777777444444444444477777777777777                                     7777777    455555555555555544444
7777777777777777777777744444444444444777777777777777                                     777777    455555555555555554444
 7777777777777777777774444444444444447777777777777777                                   7777777    455555555555555445444
 777777777777777777777744444444444444777777777777777777            7777                 7777777    455555555555555444444
  77777777777777777777744444444444444477777777777777777           77777777   777        7777777    555555555555554444444
   77777777777777777777744444444444444777777777777777777        77777777777777777       777777     555555555555554444444
   777777777777777777774444444444444447777777777777777777777    777777777777777777777777777777     555555555555544444444
    777777777777777777774444444444444477777777744577777777777  77777777777777777777777777777777  77555555555555444444444
    77777777777777777777444444444444447777777 74445554           77777777777                7777777555555555554444444444
     77777777777777777774444444444444477 7    7455456657        77777747777777777777777777777777746555555555554444444444
      7777777777777777774444444444444477 7     465555666        77777754777777777777444774444447746565554555554444444444
      7777777777777777774444444444444477 7      565555665555555477477747777777455688888888888888888886554555544444444444
       777777777777777777444444444444477 7      756555555555555555444444444568888888888888888888888886544555554444444444
       777777777777777777444444444444477 7      745665544455555455866544568888888888886566686665566665555555544444444444
        77777777777777777744444444444777 7       74686655455555446888888888888888888544474777777756555555555544444444444
         7777777777777777744444444444777 7          46888655554458888888888888888854444444777777756555555555444444444444
         7777777777777777774444444444777  7          8888666555568888888888888885444444444777777756555555555444444444444
          777777777777777777444444447777  7           7685   77745888888888888577777777774777777756555555555444444444444
           77777777777777777444444447777  7            7           58888888888867777777774777777755555555555444444444444
           777777777777777777444444477777 7                         68888888888885   77774777777765555555555544444444444
            77777777777777774444444477777 7                          588888888888867   777 77777765555555555444444444444
            77777777777777774444444477777 7                            74556888888884         77765555555555544444444444
             7777777777777774444444477777                                   7688888884          765555555555544444444444
              77777777777777744444447777777                                    46888887  7777   745555555555444444444444
              777777777777774444444477777777777777                               488887          75555555555544444444444
               77777777777774444444447777777777777777       7                    788887777777    75555555555545444444444
                7777777777774444444444447777777777777777   777                   788885777777    45555555555555444444444
                7777777777774444444444477777777777777777777777777777777777       788888777777    45555555555554444444444
                 7777777777444444444477777777777777777777777777777777777777777777758888477777777745555555555555444444444
                 7777777777444444477777777777777777777777777777777777777777777777776888544444777745555555555555444444444
                  777777774444477777777777777777777777777777777777777777777777777774888674444777745555555555555544444444
                   77777774447777777777777777777777777777777777777777777777777777777588847444444456666666555555544444444
                   77777744777777777777777777777777777777777777777777777777777777777768864444555666666666665555544444444
                    7777477777777777777777777777777777777777777777777777777777777777745455444555566666666665555544444444
                 7  7777777777777777777777777777777777777777777777777777777777777777774444555554565566666655555554444444
               77777 777777777777777777777777777777777777777777777777777777777777777774554444564555566666655555554444444
              7777777777777777777   777777777777777777777777777777777777777777777777777777774555555466666655555554444444
             77777777777777           77777777777777777777 7777777777777777777777777777777777455565688886655555555544444
