777447777777777777777777444444444447777777777777                                         777777    755555555555554444444
7777777777777777777777774444444444447777777777777                                        777777    455555555555554444444
77777777777777777777777744444444444477777777777777                                       777777    455555555555544444444
77777777777777777777777744444444444447777777777777                                      7777777    455555555555544444444
777777777777777777777777444444444444477777777777777                                     7777777    455555555555444444444
7777777777777777777777774444444444444777777777777777                                    7777777    455555555555444444444
 7777777777777777777777444444444444447777777777777777                                   7777777    455555555555544444444
 7777777777777777777777744444444444447777777777777777                                   7777777    455555555555444444444
  777777777777777777777744444444444447777777777777777                          77777  777777777    555555555554444444444
   777777777777777777777444444444444447777777777777777                       777777777777777777   7555555555554444444444
   777777777777777777777444444444444447777777777777777              7777777777777777777777777777 77555555555554444444444
    77777777777777777777444444444444447777777777777777             77777777777777777777777777777777555555555544444444444
    7777777777777777777774444444444444777777                744                 77  755555544777774555555555544444444444
     77777777777777777777444444444444477                    74454     7     77777777688888888865446566555555544444444444
      7777777777777777777444444444444477 7                  445455    57      777775888888888888888666554555544444444444
      7777777777777777777444444444444477 7                 556555565  7   7777777748888886688888888888554555544444444444
       777777777777777777744444444444777 7                 5656555565444444444444458888886444555568686444555544444444444
        77777777777777777774444444444777 7                  555655556655555564444468888888544444456655555555544444444444
        77777777777777777774444444444777 7                  744565554455555555654468888888844444456655555555444444444444
         7777777777777777777444444444777                     44666555444555545588688888888854444466655555555444444444444
         7777777777777777777444444447777  7                    566866655555544688888888888854444466655555555444444444444
          777777777777777777744444447777  7                       588865545444888888888888854444466655555555444444444444
           77777777777777777744444447777                          488655555445888888888888854774466655555555444444444444
           77777777777777777744444447777                           44      777568888888888888854765665555555544444444444
            77777777777777774444444477777 7                                     7688888888888888665566555555444444444444
            77777777777777774444444477777 7                                       58888888888888888666655555544444444444
             7777777777777777444444477777                                          7588888888888888886665555554444444444
              777777777777777444444477777777                                          7777745888888888865555554444444444
              7777777777777744444444777777777777777                                           45688888865555554444444444
               77777777777774444444447777777777777777                                         46888888665555555444444444
                77777777777744444444444477777777777777777  77                        77777777688888866655555555444444444
                777777777777444444444447777777777777777777777777777777777          7777777776888888655555555555444444444
                 7777777777444444444477777777777777777777777777777777777777777777777777777488888655555555555555444444444
                  777777777444444477777777777777777777777777777777777777777777777777777775888864745555555555555444444444
                  777777774444447777777777777777777777777777777777777777777777777777777746888477745566655555555544444444
                   77777774447777777777777777777777777777777777777777777777777777777774444564444456666866655555554444444
                   77777744777777777777777777777777777777777777777777777777777777777774444554455666666666665555544444444
                    7777477777777777777777777777777777777777777777777777777777777777777744445555566666666665555554444444
                 7  7777777777777777777777777777777777777777777777777777777777777777777777444565465566666655555555444444
               77777 777777777777777777777777777777777777777777777777777777777777777777777744555555566666655555555444444
              7777777777777777777   7777777777777777777777 7777777777777777777777777777777744555565466666655555555544444
             77777777777777           7777777777777777     7777777777777777777777777777777774455565688886665555555554444
