77744777777777777777777774444444444777777777                                              77777    455555555555544444444
77777777777777777777777744444444444777777777777                                           77777    455555555555444444444
777777777777777777777777744444444444777777777777                                         777777    455555555555544444444
7777777777777777777777777444444444447777777777777                                        777777    455555555555444444444
7777777777777777777777774444444444447777777777777                                        777777    455555555555444444444
777777777777777777777777444444444444777777777777777                                     7777777    455555555555444444444
 7777777777777777777777744444444444477777777777777                                      7777777    455555555554444444444
 7777777777777777777777744444444444477777777777777                                       777777    455555555544444444444
  77777777777777777777774444444444444777777777777                                        77777     555555555544444444444
   7777777777777777777777444444444444777777777777                 7777777  77            77777     555555555544444444444
   7777777777777777777774444444444444777777777777                77777777777777        7777777     555555555544444444444
    7777777777777777777744444444444447777777774447             77777777777777777      777777777  77555555555444444444444
    777777777777777777774444444444444777777  744454              77777777                   7777774555555555544444444444
     77777777777777777774444444444444777     74554557           777777777777777   77777777777777746555555555544444444444
      7777777777777777774444444444444777 7    465555554         777777547       7445666555555554446666554555544444444444
      7777777777777777777444444444444777 7    76665555655445555777777747777745688888888888888888888886554555544444444444
       777777777777777777444444444444777 7     6556555545555555555444444445688888888888888888888888886544555544444444444
        77777777777777777744444444444777 7     7555665544455555455655444588888888888854445555554456665555555544444444444
        77777777777777777774444444444777 7      755666655555555446888888888888888885444444777777756555555555444444444444
         7777777777777777777444444444777         75668888855554448888888888888888644444444777777756555555555444444444444
         7777777777777777777444444447777            77688866555458888888888888865444444444777777756555555555444444444444
          777777777777777777744444447777  7            76864444446888888888888677777777774777777756555555555444444444444
           77777777777777777444444447777  7             44         58888888888864777777774777777766555555555444444444444
           77777777777777777744444447777  7                         788888888888867 777774777777765555555555544444444444
            7777777777777777444444447777  7                          768888888888884  7777 77777765555555555444444444444
            77777777777777774444444477777                              74455888888885         77765555555555544444444444
             7777777777777777444444477777                                    468888886          765555555555554444444444
              77777777777777744444447777777                                    75688885  7777  7745555555555554444444444
              777777777777774444444477777777777                                   68885         745555555555554444444444
               77777777777774444444477777777777777777                             58885777777    45555555555555444444444
                7777777777774444444444477777777777777777   77                     58888777777   745555555555555544444444
                77777777777744444444444777777777777777777777777777777777          58888477777   745555555555555544444444
                 7777777777444444444477777777777777777777777777777777777777777777748888577777777745555555555555544444444
                  777777777444444477777777777777777777777777777777777777777777777775888644444777745555555555555544444444
                  777777774444447777777777777777777777777777777777777777777777777777688874444777445655655555555554444444
                   77777774447777777777777777777777777777777777777777777777777777777488854444444456666666655555555444444
                   77777744777777777777777777777777777777777777777777777777777777777768864444455666666666665555555444444
                    7777477777777777777777777777777777777777777777777777777777777777745455554555566666666665555555444444
                    7777777777777777777777777777777777777777777777777777777777777777774444555564565566666665555555544444
                7777 777777777777777777777777777777777777777777777777777777777777777774455444555565566666665555555554444
               7777777777777777      77777777777777777777777777777777777777777777777777774444555565466666665555555554444
              77777777777              777777777777777     7777777777777777777777777777777744455566688886665555555554444
