777447777777777777777777444444444447777777777777                                         777777    455555555555555554444
7777777777777777777777774444444444447777777777777                                        777777    455555555555555544444
77777777777777777777777774444444444477777777777777                                       777777    455555555555555444444
77777777777777777777777744444444444477777777777777                                       777777    455555555555555544444
777777777777777777777777444444444444777777777777777                                     7777777    455555555555554544444
7777777777777777777777744444444444444777777777777777                                     777777    455555555555554554444
 777777777777777777777444444444444444777777777777777                                    7777777    455555555555554445444
 77777777777777777777774444444444444477777777777777777                                  7777777    455555555555555444444
  7777777777777777777777444444444444477777777777777777           7777777                7777777    555555555555554444444
   7777777777777777777774444444444444777777777777777777         77777777777777          777777     555555555555554444444
   77777777777777777777444444444444444777777777777777777   7   777777777777777777       777777     555555555555544444444
    777777777777777777774444444444444477777774447777777777777  77777777777777777777    77777777   7555555555555444444444
    7777777777777777777744444444444444777777774455557           77777777777                   77777555555555554444444444
     77777777777777777774444444444444477 7   445456664         777777777777777777777777777777777746555555555554444444444
      7777777777777777774444444444444477 7   7655556665        77777775477     77777777777777777746565554555554444444444
      7777777777777777774444444444444477 7    46655566655555557774777747777777444444555555566666668886554555544444444444
       777777777777777777444444444444477 7     4655555555555555554444444455688888888888888888888888888544555554444444444
       777777777777777777444444444444477 7     4566655444555554468886556888888888888888888888888668666555555544444444444
        77777777777777777744444444444777 7      756866554555544588888888888888888888654445555447756555555555444444444444
         7777777777777777774444444444777 7        7468886555544688888888888888888854444474777777756555555555444444444444
         7777777777777777774444444444777  7         68886665555688888888888888865444777774777777756555555555444444444444
          777777777777777777444444447777  7          7864      746888888888884777777777774777777755555555555444444444444
           77777777777777777444444447777  7                       5888888888884 7777777774777777755555555555444444444444
           777777777777777774444444477777 7                        6888888888884    777777777777755555555555544444444444
            77777777777777774444444477777 7                         4688888888884     7777 77777765555555555444444444444
            77777777777777774444444477777 7                            74688888885            77765555555555544444444444
             7777777777777774444444477777                                 768888887             765555555555544444444444
              77777777777777444444447777777                                 7688888      777    745555555555444444444444
              77777777777777444444447777777777777                             488884             75555555555544444444444
               77777777777774444444447777777777777777                          58885777777777    75555555555545444444444
                7777777777774444444444447777777777777777   777                 48888477777777    45555555555555444444444
                7777777777774444444444477777777777777777777777777777777777     78888877777777    45555555555554444444444
                 7777777777444444444477777777777777777777777777777777777777777775888867777777777745555555555555444444444
                  777777777444444477777777777777777777777777777777777777777777777588884444444777745555555555555444444444
                  777777774444447777777777777777777777777777777777777777777777777748886774444777745555555555555544444444
                   77777774447777777777777777777777777777777777777777777777777777774888674444444456666666555555544444444
                   77777744777777777777777777777777777777777777777777777777777777777588854444555666666666665555544444444
                    7777477777777777777777777777777777777777777777777777777777777777755455444455566666666665555554444444
                    7777777777777777777777777777777777777777777777777777777777777777774444555554555566666655555554444444
               77777 777777777777777777777777777777777777777777777777777777777777777774454444564555566666655555554444444
             7777777777777777777    777777777777777777777777777777777777777777777777777777774555555466666655555555444444
              7777777777777           7777777777777777777   777777777777777777777777777777777455565688886655555555554444
