777447777777777777777777444444444447777777777777                                         777777    455555555555555555445
7777777777777777777777774444444444447777777777777                                        777777    455555555555555555544
77777777777777777777777774444444444477777777777777                                       777777    455555555555555554444
77777777777777777777777744444444444477777777777777                                       777777    455555555555555554444
77777777777777777777777744444444444447777777777777                                       777777    455555555555555554444
777777777777777777777774444444444444477777777777777                                     7777777    455555555555555555444
 77777777777777777777774444444444444477777777777777                                     7777777    455555555555555555444
 77777777777777777777774444444444444477777777777777                                     7777777    555555555555555555444
  777777777777777777777744444444444447777777777777               77777777    7         77777777    555555555555555444444
   7777777777777777777774444444444444777777777777    7          7777777777777777      777777777    555555555555554444444
   7777777777777777777744444444444444777777777777  77          7777777777777777777777777777777     555555555555555444444
    777777777777777777774444444444444477777777745477777    7   77777777777777777777777777777777  77555555555555545444444
    7777777777777777777744444444444444777777 774445664          777777777777                7777777555555555555555444444
     77777777777777777774444444444444477      455555665        777777777777777777777777777777777746655555555555554444444
      7777777777777777774444444444444477 7     555556664  7777 777777754777777777777777777777777746665554555554444444444
      7777777777777777777444444444444477 7     7565556665555555774477747777774445555565556666666668886554555555444444444
       777777777777777777444444444444777 7     7456555455555555555544444455688888888888888888888888888544555555444444444
        77777777777777777744444444444777 7      456665544455554458886555888888888888888888888886668666555555554444444444
        77777777777777777774444444444777 7        4686655555554488888888888888888888654445554477756655555555555444444444
         7777777777777777774444444444777            58886655544588888888888888888854444444777777756555555555554444444444
         7777777777777777777444444447777            46888555555688888888888888865444444444777777756555555555544444444444
          777777777777777777744444447777              557       75888888888884777777777774777777756555555555554444444444
           77777777777777777744444447777  7                       7888888888884 7777777774777777755555555555554444444444
           77777777777777777744444447777  7                        5888888888885   7777774777777765555555555554444444444
            7777777777777777444444447777                            7688888888885     7777 77777765555555555555444444444
            77777777777777774444444477777                              74588888886           777765555555555554444444444
             7777777777777777444444477777                                  58888885            7765555555555555444444444
              77777777777777744444447777777                                  5888884    77777  7745555555555555544444444
              777777777777774444444477777777777                               768885    77      745555555555555544444444
               7777777777777444444447777777777777777                           78888777777777    75555555555555544444444
                777777777777444444444447777777777777777                         6888577777777    45555555555555544444444
                7777777777774444444444477777777777777777777777777777777777      5888847777777    45555555555555544444444
                 7777777777444444444477777777777777777777777777777777777777777774888867777777777745555555555555544444444
                  777777777444444477777777777777777777777777777777777777777777777468885444444777745555555555555544444444
                  777777777444447777777777777777777777777777777777777777777777777748888774444777745555555555555544444444
                   77777774447777777777777777777777777777777777777777777777777777774888674444444456666666555555554444444
                   77777744777777777777777777777777777777777777777777777777777777777488854444555666666666665555544444444
                    7777477777777777777777777777777777777777777777777777777777777777755455444555566666666665555554444444
                     777777777777777777777777777777777777777777777777777777777777777774444555554565566666655555554444444
               77777 777777777777777777777777777777777777777777777777777777777777777774454444564555566666655555555444444
              77777777777777777      777777777777777777777 7 77777777777777777777777777777774555565466666655555555544444
              777777777777             77777777777777777     77777777777777777777777777777777455565688886655555555554444
