77744777777777777777777444444444444477777777777777                                      7777777    455555555555555554444
777777777777777777777774444444444444777777777777777                                     7777777    455555555555555554444
777777777777777777777774444444444444477777777777777                                    77777777    455555555555555554444
7777777777777777777777444444444444444777777777777777                                   77777777    455555555555555554444
77777777777777777777777444444444444447777777777777777                                  77777777    455555555555555544444
7777777777777777777777444444444444444477777777777777777                                77777777    455555555555555554444
 7777777777777777777774444444444444444777777777777777777                               77777777    455555555555555455444
 77777777777777777777774444444444444447777777777777777777                              77777777    455555555555555444444
  7777777777777777777774444444444444447777777777777777777             777  77777777 77777777777    555555555555554444444
   7777777777777777777744444444444444447777777777777777777          777777777777777777777777777   7555555555555554444444
   77777777777777777777444444444444444477777777777777777777       777777777777777777777777777777 77555555555555544444444
    77777777777777777777444444444444444777777777777777777777     7777777777777777777777777777777777555555555555544444444
    777777777777777777774444444444444447777777            747                7777    44444777777774555555555555444444444
     77777777777777777774444444444444447 777              745557      77777777777777688888888654446566555555555444444444
      7777777777777777774444444444444447 7                4455567     54   777777776888888888888868666554555554444444444
      7777777777777777744444444444444447 7               455555665    77777777777768888866888888888886554555554444444444
       777777777777777774444444444444477 7               456555566544445547444444688888854455555568886544555554444444444
       777777777777777777444444444444477 7                45655556655555564444445888888864444444456555555555554444444444
        7777777777777777744444444444447777                74565555555555555654446888888884444444456555555555544444444444
         7777777777777777744444444444477777                4666655444555544588868888888885444444456555555555544444444444
         77777777777777777444444444447777 7                  46866555555544888888888888864444444466555555555444444444444
          7777777777777777444444444447777 7                    688865545445888888888888854744444466555555555444444444444
           777777777777777744444444447777 7                    588854555556888888888888854777744466655555555444444444444
           777777777777777744444444447777 7                     74       7 468888888888888864777766655555555544444444444
            77777777777777744444444447777 7                                  7688888888888888857765555555555554444444444
            77777777777777744444444447777 7                                    58888888888888888565555555555544444444444
             7777777777777474444444447777                                       7588888888888888886556555555554444444444
              777777777777744444444447777777                                        777745688888888855655555555444444444
              7777777777777444444444477777777777777777                                     74588888855655555554444444444
               777777777777444444444477777777777777777777  777                       77777774688888555555555555444444444
                77777777777444444444444477777777777777777777777                   77777777758888865555555555555544444444
                777777777774444444444444777777777777777777777777777777777777    7777777777488888645555555555555544444444
                 7777777777444444444477777777777777777777777777777777777777777777777777774888885745555555555555444444444
                 7777777774444444477777777777777777777777777777777777777777777777777777776888647745555555555555444444444
                  777777774444447777777777777777777777777777777777777777777777777777777758886477745556555555555544444444
                   77777744444777777777777777777777777777777777777777777777777777777777456884444456666866555555544444444
                   77777744777777777777777777777777777777777777777777777777777777777774445654555666666666665555544444444
                    7777477777777777777777777777777777777777777777777777777777777777774444554555566666666665555554444444
              7777  7774777777777777777777777777777777777777777777777777777777777777777444445564455566666655555554444444
             77777777777777777777777777777777777777777777777777777777777777777777777777777744565555566666655555554444444
          77777777777777777777777777777777777777777777777777777777777777777777777777777777744555555466666655555554444444
          7777777777777777777        77777777777777777777777777777777777777777777777777777774455565688886655555555544444
