7774477777777777777777774444444444477777777777                                            77777    455555555555444444444
777777777777777777777777444444444444777777777777                                         777777    455555555555444444444
7777777777777777777777777444444444447777777777777                                        777777    455555555555544444444
77777777777777777777777744444444444477777777777777                                       777777    455555555555444444444
77777777777777777777777744444444444477777777777777                                      7777777    455555555554444444444
777777777777777777777774444444444444477777777777777                                     7777777    455555555555444444444
 77777777777777777777774444444444444477777777777777                                     7777777    455555555554444444444
 77777777777777777777777444444444444477777777777777                                      777777    455555555544444444444
  7777777777777777777777444444444444477777777777777                777                   77777     555555555544444444444
   777777777777777777777444444444444477777777777777  7            77777777  7777         77777     555555555544444444444
   7777777777777777777774444444444444777777777777 7             777777777777777777     77777777    555555555544444444444
    7777777777777777777744444444444447777777777444777          77777777777777777777   777777777  77555555555444444444444
    777777777777777777777444444444444477777   7744547             7777777                    777774555555555544444444444
     77777777777777777777444444444444477       44545557          7777777777777777777747777777777746555555555544444444444
      7777777777777777777444444444444477 7     465555566          7777547       7456888888886655456666554455544444444444
      7777777777777777777444444444444477 7      566555565444444477777747777774588888888888888888888886554455544444444444
       777777777777777777444444444444777 7      456655555555555554444444444568888888886688888888888886544455544444444444
        77777777777777777774444444444777 7       75566554445555555654444456888888888854444444444456655555555544444444444
        77777777777777777774444444444777 7       74566665544555544688865688888888886444444777777756555555555444444444444
         7777777777777777777444444444777           466888865555444888888888888888854444444477777756555555555444444444444
         7777777777777777777444444447777             7768886555445888888888888886444444444447777756555555555444444444444
          777777777777777777744444447777               75865445555888888888888857777777774744447756555555555444444444444
           77777777777777777744444447777  7             757       756888888888885777777774777447766555555555444444444444
           77777777777777777744444447777  7                          688888888888857777774777777765555555555544444444444
            7777777777777777744444447777                              6888888888888857 777 77777765555555555444444444444
            77777777777777774444444477777                              7568888888888884      777765555555555544444444444
             7777777777777777444444477777                                    75888888885        765555555555554444444444
              77777777777777744444447777777                                     7468888847777777745555555555554444444444
              777777777777774444444477777777777                                    788884       745555555555554444444444
               777777777777744444444777777777777777                                7888847777    45555555555555444444444
                777777777777444444444447777777777777777                            4888847777   745555555555555544444444
                7777777777774444444444477777777777777777777777777777777            4888857777   745555555555555544444444
                 7777777777744444444477777777777777777777777777777777777777777777774888857777777745555555555555544444444
                  777777777444444477777777777777777777777777777777777777777777777777588854444777745555555555555554444444
                  777777774444447777777777777777777777777777777777777777777777777777488854444477445666655555555554444444
                   77777774447777777777777777777777777777777777777777777777777777777768864444444456666666655555555444444
                   77777744777777777777777777777777777777777777777777777777777777777758884444555666666666665555555444444
                    7777477777777777777777777777777777777777777777777777777777777777774555554565566666666665555555444444
                     777777777777777777777777777777777777777777777777777777777777777774445555564565566666665555555544444
                7777 777777777777777777777777777777777777777777777777777777777777777774455444555565566666665555555554444
               7777777777777777      77777777777777777777   777777777777777777777777777777444555565466666665555555554444
              77777777777                77777777777        777777777777777777777777777777744455566688886665555555555444
