777447777777777777777777444444444447777777777777                                          77777    455555555555555544444
7777777777777777777777774444444444447777777777777                                        777777    455555555555555444444
7777777777777777777777777444444444447777777777777                                         77777    455555555555554444444
77777777777777777777777744444444444477777777777777                                       777777    455555555555554444444
77777777777777777777777744444444444447777777777777                                      7777777    455555555555544444444
777777777777777777777774444444444444477777777777777                                     7777777    455555555555544444444
 77777777777777777777774444444444444477777777777777                                     7777777    455555555555544444444
 777777777777777777777744444444444444777777777777777                                    7777777    455555555555544444444
  77777777777777777777774444444444444777777777777777              77                    7777777    555555555555444444444
   7777777777777777777774444444444444777777777777777 7          777777777777777         777777     555555555554444444444
   777777777777777777774444444444444477777777777777777         777777777777777777  7 777777777     555555555554444444444
    777777777777777777774444444444444477777774447777777   77   77777777777777777777777777777777   7555555555554444444444
    77777777777777777777444444444444447777777444544             77777777777                    7777555555555544444444444
     77777777777777777774444444444444477    7455456677         777777777777777777777777777777777746555555555544444444444
      7777777777777777774444444444444477 7   565555666    777   7777 75777      7777777777777777746665554555544444444444
      7777777777777777774444444444444477 7    56655566655555554777777747777774445555666556666666668886554555544444444444
       777777777777777777444444444444477 7    45655555555555555554444444455688888888888888888888888886544555544444444444
        77777777777777777744444444444777 7     4556655444555554468865555888888888888888888888886668666555555544444444444
        77777777777777777744444444444777 7      466666655555544488888888888888888888654445444477756555555555544444444444
         7777777777777777774444444444777          4568886555544588888888888888888854444444777777756555555555444444444444
         7777777777777777777444444447777            78886665555688888888888888865444777774777777756555555555444444444444
          777777777777777777744444447777              585    77746888888888884777777777774777777756555555555444444444444
           77777777777777777744444447777  7                       4888888888867 7777777774777777755555555555444444444444
           77777777777777777744444447777                           5888888888884    777774777777765555555555544444444444
            7777777777777777444444447777                            4688888888884     7777 77777765555555555444444444444
            77777777777777774444444477777                              74688888884           777765555555555544444444444
             7777777777777777444444477777                                 768888887            7765555555555554444444444
              77777777777777744444447777777                                 4688886      777   7745555555555544444444444
              777777777777774444444477777777777                               488887            775555555555554444444444
               7777777777777744444447777777777777777                           58885777777777    75555555555555444444444
                7777777777774444444444447777777777777777                       48888477777777    45555555555555444444444
                777777777777444444444447777777777777777777777777777777777      78888677777777    45555555555555544444444
                 7777777777744444444477777777777777777777777777777777777777777775888857777777777745555555555555444444444
                  777777777444444477777777777777777777777777777777777777777777777588884444444777745555555555555544444444
                  777777774444477777777777777777777777777777777777777777777777777758886774444777445655555555555544444444
                   77777774447777777777777777777777777777777777777777777777777777775888574444444456666666655555554444444
                   77777744777777777777777777777777777777777777777777777777777777777688844444555666666666665555555444444
                    7777477777777777777777777777777777777777777777777777777777777777755455444555566666666665555554444444
                     777777777777777777777777777777777777777777777777777777777777777774444555564565566666655555555544444
               77777 777777777777777777777777777777777777777777777777777777777777777774455444554565566666655555555444444
               7777777777777777      777777777777777777777   77777777777777777777777777777744555565466666655555555544444
              777777777777             77777777777777        77777777777777777777777777777774455566688886665555555554444
