7774477777777777777777774444444444477777777777777                                       7777777    455555555555555544444
77777777777777777777777744444444444477777777777777                                      7777777    455555555555555444444
777777777777777777777777444444444444777777777777777                                     7777777    455555555555554444444
777777777777777777777777444444444444477777777777777                                     7777777    455555555555554444444
7777777777777777777777774444444444444777777777777777                                   77777777    455555555555544444444
777777777777777777777774444444444444447777777777777777                                 77777777    455555555555544444444
 777777777777777777777444444444444444477777777777777777                              7 77777777    455555555555544444444
 7777777777777777777777444444444444444777777777777777777                        777777777777777    455555555555444444444
  777777777777777777777444444444444444777777777777777777                      77777777777777777    555555555555444444444
   77777777777777777777744444444444444777777777777777777              7   777777777777777777777   7555555555554444444444
   777777777777777777774444444444444447777777777777777777          77777777777777777777777777777 77555555555554444444444
    777777777777777777774444444444444447777777777777777777        777777777777777777777777777777777555555555554444444444
    777777777777777777774444444444444447777777               7444              77777745555447777774555555555544444444444
     77777777777777777774444444444444477 77                  7745557  7    777777777688888888865446566555555544444444444
      7777777777777777777444444444444477 7                   44554554 57      777774888888888888888666554555544444444444
      7777777777777777774444444444444477 7                   655555664    7777777776888886688888888888554555544444444444
       777777777777777777444444444444477 7                   65655556644444444444448888888445555568686444555444444444444
       777777777777777777444444444444477 7                    5565555665555556444458888888644444456655555555444444444444
        77777777777777777744444444444777 7                   74456555445555555554458888888864444456655555555444444444444
         7777777777777777774444444444777 77                   7465865544455555558668888888864444466655555555444444444444
         7777777777777777777444444444777  7                     74686655455554468888888888884444466655555555444444444444
          777777777777777777444444444777  7                        68886554544588888888888884444466655555555444444444444
           777777777777777774444444477777 7                        58854555544688888888888887774466655555555444444444444
           777777777777777774444444447777 7                         4      777568888888888888654765565555555544444444444
            77777777777777774444444477777 7                                     7688888888888888665565555555454444444444
            77777777777777774444444447777 7                                       46888888888888888666655555544444444444
             7777777777777774444444447777                                          7588888888888888886665555554444444444
              777777777777774444444447777777                                          7444456888888888865555554444444444
              777777777777774444444447777777777777777                                        746688888886555554444444444
               777777777777744444444477777777777777777777  777                         777     4688888865555555444444444
                77777777777744444444444477777777777777777777777                      77777777488888886665555555444444444
                7777777777774444444444477777777777777777777777777777777777  777 7777777777775888888666555555555444444444
                 7777777777444444444477777777777777777777777777777777777777777777777777777768888866555555555555444444444
                 7777777777444444477777777777777777777777777777777777777777777777777777774888865445555555555555444444444
                  777777774444447777777777777777777777777777777777777777777777777777777745888577745566655555555544444444
                   77777774447777777777777777777777777777777777777777777777777777777774444564444456666866655555544444444
                   77777744777777777777777777777777777777777777777777777777777777777774444454555666666666665555544444444
                    7777477777777777777777777777777777777777777777777777777777777777777744446555566666666665555554444444
                 7  7777777777777777777777777777777777777777777777777777777777777777777777444565465566666655555554444444
              777777 777777777777777777777777777777777777777777777777777777777777777777777744555565566666655555555444444
            777777777777777777777777777777777777777777777777777777777777777777777777777777774555565466666655555555544444
            7777777777777777         77777777777777777777777777777777777777777777777777777774455565688886665555555554444
