77744777777777777777777444444444444477777777777777                                      7777777    455555555555555554444
777777777777777777777774444444444444777777777777777                                     7777777    455555555555555554444
777777777777777777777777444444444444477777777777777                                     7777777    455555555555555544444
7777777777777777777777774444444444444777777777777777                                    7777777    455555555555555544444
77777777777777777777777444444444444447777777777777777                                   7777777    455555555555555544444
7777777777777777777777744444444444444477777777777777777                                 7777777    455555555555555554444
 7777777777777777777774444444444444444777777777777777777                               77777777    455555555555555445444
 77777777777777777777774444444444444447777777777777777777                           77777777777    455555555555555444444
  7777777777777777777774444444444444447777777777777777777                       777777777777777    555555555555554444444
   7777777777777777777774444444444444477777777777777777777          77777   7777777777777777777  77555555555555554444444
   777777777777777777774444444444444444777777777777777777777       77777777777777777777777777777777555555555555545444444
    77777777777777777777444444444444444777777777777777777777      777777777777777777777777777777774555555555555544444444
    777777777777777777774444444444444447777777                 7                 777744444447777774555555555555444444444
     77777777777777777774444444444444447 77                   7454    7     77777777588888888665446566555555554444444444
      7777777777777777774444444444444477 7                   7745557  57       77774888888888888888666554555554444444444
      7777777777777777774444444444444477 7                  764555565     7777777776888888888888888888554555554444444444
       777777777777777777444444444444477 7                  465655556477744477744448888888445555568886544555554444444444
       777777777777777777444444444444477 7                   55665556665555555444458888888844444456655555555554444444444
        7777777777777777774444444444447777                   74565555555555556554458888888864444456655555555544444444444
         7777777777777777744444444444777777                  74566655445555555566568888888884444466655555555544444444444
         77777777777777777444444444447777 7                    766866544555554468888888888884444466655555555544444444444
          7777777777777777774444444447777 7                       588865555544588888888888884444466655555555544444444444
           777777777777777774444444447777 7                       788866655444688888888888884744466655555555544444444444
           777777777777777744444444447777 7                        5657 777444588888888888888654765665555555554444444444
            77777777777777744444444447777 7                                     4688888888888888665565555555554444444444
            77777777777777744444444447777 7                                       46888888888888888666655555554444444444
             7777777777777774444444447777                                           588888888888888886665555555444444444
              777777777777744444444447777777                                          7455556888888888865555555444444444
              777777777777744444444447777777777777777                                        756888888886555554444444444
               777777777777444444444477777777777777777777  777                       77777777   488888886555555444444444
                7777777777744444444444447777777777777777777777                      777777777 58888888665555555544444444
                777777777774444444444444777777777777777777777777777777777777    7777777777777688888866655555555444444444
                 7777777777444444444477777777777777777777777777777777777777777777777777777746888886655555555555444444444
                 7777777777444444477777777777777777777777777777777777777777777777777777777588888545555555555555444444444
                  777777774444447777777777777777777777777777777777777777777777777777777775888857745566655555555544444444
                   77777774444777777777777777777777777777777777777777777777777777777777444586444456666866655555544444444
                   77777744777777777777777777777777777777777777777777777777777777777774444564555666666666665555544444444
                    7777477777777777777777777777777777777777777777777777777777777777777444455555566666666665555544444444
              7777  7774777777777777777777777777777777777777777777777777777777777777777777445564455566666655555554444444
             77777777777777777777777777777777777777777777777777777777777777777777777777777744565455566666655555554444444
          7 777777777777777777777777777777777777777777777777777777777777777777777777777777744555555466666655555554444444
          7777777777777777777        77777777777777777777777777777777777777777777777777777777455565688886655555555544444
