7774477777777777777777777744444444477777777777                                             7777    455555555555555554444
777777777777777777777777774444444447777777777777                                          77777    455555555555555554444
7777777777777777777777777444444444447777777777777                                         77777    455555555555555544444
7777777777777777777777777444444444447777777777777                                        777777    455555555555555544444
7777777777777777777777774444444444447777777777777                                        777777    455555555555555544444
77777777777777777777777744444444444447777777777777                                       777777    455555555555555554444
 7777777777777777777777744444444444447777777777777                                     77777777    455555555555555445444
 777777777777777777777774444444444444777777777777                                   77777777777    555555555555555444444
  77777777777777777777774444444444444777777777777                    777777       7777777777777    555555555555554444444
   7777777777777777777777444444444444777777777777                  7777777777  7777777777777777    555555555555554444444
   7777777777777777777777444444444444777777777777                 77777777777777777777777777777  77555555555555544444444
    777777777777777777777444444444444777777777777  74447         7777777777777777777777777777777777555555555555544444444
    777777777777777777777744444444444777777        7745547           7777777              777777774555555555555444444444
     77777777777777777777744444444444777           74544564         7747777777777774566666555447746666555555555444444444
      7777777777777777777744444444444777 7          55555566        7754777777777468888888888888668666554555554444444444
      7777777777777777777744444444444777 7          55555566577744477744777777758888888888888888888886554555555444444444
       777777777777777777774444444444777 7          75655556655555564444444445888888886455666666668886544555555444444444
        77777777777777777774444444444777 7           4566554455555555665444458888888884444447777756655555555554444444444
        77777777777777777774444444447777 7           7566655444555544568865688888888854444444777756555555555544444444444
         7777777777777777777744444447777               75886655555544588888888888888644444444477756555555555544444444444
         7777777777777777777744444447777                 588865555444888888888888886444444444444456555555555544444444444
          777777777777777777744444447777                 468865555555888888888888867774444744444466555555555544444444444
           77777777777777777744444447777                   54     777468888888888865477774744444466555555555554444444444
           77777777777777777744444447777                               7688888888888865774777744466555555555554444444444
            7777777777777777744444447777                                 68888888888888647 77777766555555555554444444444
            7777777777777777744444447777                                  46888888888888864  777765555555555554444444444
             7777777777777777444444477777                                    7744568888888867 77765555555555555444444444
              77777777777777744444447777777                                        7456888885777745555555555555444444444
              77777777777777744444447777777777                                         488884    75555555555555544444444
               777777777777774444444777777777777777                                   7588887    75555555555555544444444
                77777777777774444444444777777777777777                                4888867    45555555555555544444444
                777777777777444444444447777777777777777777777777777777777           775888857    45555555555555544444444
                 7777777777744444444777777777777777777777777777777777777777777777777776888847777745555555555555544444444
                  777777777444444477777777777777777777777777777777777777777777777777775888644777745555555555555544444444
                  777777777444477777777777777777777777777777777777777777777777777777775888544777745565555555555544444444
                   77777774447777777777777777777777777777777777777777777777777777777775888444444456666666555555554444444
                   77777744777777777777777777777777777777777777777777777777777777777775888444555666666666665555544444444
                    7777477777777777777777777777777777777777777777777777777777777777774455544555566666666665555554444444
                     777777777777777777777777777777777777777777777777777777777777777774444555554565566666655555554444444
                7777 777777777777777777777777777777777777777777777777777777777777777774454444564555566666655555554444444
               7777777777777777       777777777777777777      7777777777777777777777777777774555555466666655555555544444
              777777777777             77  7  7777777         7777777777777777777777777777777455565688886665555555554444
