7774477777777777777777774444444444477777777777777                                       7777777    455555555555555554444
777777777777777777777774444444444444777777777777777                                      777777    455555555555555544444
777777777777777777777774444444444444777777777777777                                     7777777    455555555555555444444
777777777777777777777774444444444444477777777777777                                     7777777    455555555555555444444
7777777777777777777777744444444444444777777777777777                                   77777777    455555555555554444444
777777777777777777777744444444444444477777777777777777                                777777777    455555555555554444444
 777777777777777777777444444444444444477777777777777777                               777777777    455555555555554444444
 7777777777777777777774444444444444444777777777777777777               7777 777     77777777777    455555555555544444444
  777777777777777777777444444444444444777777777777777777             77777777777  7777777777777    555555555555544444444
   77777777777777777777444444444444444777777777777777777          77777777777777777777777777777    555555555555544444444
   777777777777777777774444444444444447777777777777777777         77777777777777777777777777777   7555555555555444444444
    77777777777777777774444444444444444777777777777777774477     7777777777777777777777777777777777555555555554444444444
    777777777777777777774444444444444447777777         7445447          77777777     77777777777774555555555544444444444
     77777777777777777774444444444444447 77            44545667      777777777777777688666665547746555555555544444444444
      7777777777777777774444444444444447 7             455555665     754777777777748888888888888666666554555544444444444
      7777777777777777744444444444444477 7             75655566677777747777777777688888888888888888886554555544444444444
       777777777777777774444444444444477 7              4655556665555555444444446888888545566666668886544555544444444444
       777777777777777774444444444444477 7              4565555555555556544444488888888444444447756555555555444444444444
        77777777777777777444444444444477 7              7466655444555555566444688888888444444444756555555555444444444444
         7777777777777777744444444444777777               75866544555544588886888888886444444444456555555555444444444444
         77777777777777777444444444447777 7                 488865555544688888888888885444444444466555555555444444444444
          7777777777777777744444444447777 7                 488866655445888888888888867774744444466555555555444444444444
           777777777777777774444444447777 7                   547 777445688888888888864774777444466555555555444444444444
           777777777777777744444444447777 7                              46888888888888865777777466555555555544444444444
            77777777777777744444444447777 7                                588888888888888854777765555555555444444444444
            77777777777777744444444447777 7                                 46888888888888888647765555555555544444444444
             7777777777777444444444447777                                     468888888888888886765555555555554444444444
              777777777777744444444447777777                                         74568888888645555555555554444444444
              7777777777777444444444477777777777777777                                    768888575555555555554444444444
               777777777777444444444477777777777777777777  7777                       7777688885 75555555555555444444444
                77777777777444444444444477777777777777777777777                  777777776888867 45555555555555444444444
                7777777777744444444444447777777777777777777777777777777777777777777777774888887  45555555555555444444444
                 7777777777444444444477777777777777777777777777777777777777777777777777758888477745555555555555444444444
                 7777777774444444447777777777777777777777777777777777777777777777777777488885777745555555555555444444444
                  777777774444447777777777777777777777777777777777777777777777777777777488864777745565655555555544444444
                   77777744444777777777777777777777777777777777777777777777777777777777688844444456666666655555544444444
                   77777744777777777777777777777777777777777777777777777777777777777774456644555666666666665555544444444
                    7777477777777777777777777777777777777777777777777777777777777777774445554555566666666665555554444444
               777  7774777777777777777777777777777777777777777777777777777777777777774455445564465566666655555554444444
              7777777777777777777777777777777777777777777777777777777777777777777777777777444565555566666655555554444444
            777777777777777777777777777777777777777777777777777777777777777777777777777777444555565466666655555555444444
          7 77777777777777777        77777777777777777777777777777777777777777777777777777774455565688886665555555554444
