77744777777777777777777744444444444777777777777                                          777777    455555555555555544444
7777777777777777777777774444444444447777777777777                                        777777    455555555555554444444
7777777777777777777777744444444444447777777777777                                        777777    455555555555554444444
77777777777777777777777744444444444447777777777777                                      7777777    455555555555554444444
777777777777777777777777444444444444477777777777777                                     7777777    455555555555444444444
777777777777777777777774444444444444477777777777777                                     7777777    455555555555544444444
 777777777777777777777444444444444444777777777777777                                    7777777    455555555555544444444
 777777777777777777777744444444444444777777777777777                                    7777777    555555555555444444444
  77777777777777777777744444444444444777777777777777             77777777               7777777    555555555554444444444
   7777777777777777777774444444444444477777777777777 7          777777777777777         777777     555555555554444444444
   777777777777777777774444444444444447777777777777777         777777777777777777 777777777777     555555555554444444444
    777777777777777777774444444444444477777774447777777   777  77777777777777777777777777777777  77555555555554444444444
    777777777777777777774444444444444477777774445554           777777777777                 7777774555555555544444444444
     77777777777777777774444444444444477    7455555654         777777777777777777777777777777777746655555555544444444444
      7777777777777777774444444444444477 7   7655555664    77  777777754777777777777777777747777746665554555544444444444
      7777777777777777774444444444444477 7    45655556555555555744777747777745666688888888888888888886554555544444444444
       777777777777777777444444444444477 7     4565555445555555565444444466888888888888888888888888886544555554444444444
        77777777777777777744444444444777 7     7456655444455554468888656888888888888886668888865566665555555554444444444
        77777777777777777744444444444777 7      756686665555544488888888888888888886544444777777756555555555544444444444
         7777777777777777774444444444777           458888655544588888888888888888644444444777777756555555555444444444444
         7777777777777777777444444447777             6888655555588888888888888654744777744777777756555555555444444444444
          777777777777777777444444447777              785        4688888888886777777777774777777756555555555444444444444
           77777777777777777444444447777  7                        6888888888884 777777774777777755555555555444444444444
           77777777777777777744444447777  7                        76888888888885    77777777777765555555555544444444444
            77777777777777774444444477777 7                          4568888888885    7777 77777765555555555454444444444
            77777777777777774444444477777                                 488888885           77765555555555544444444444
             7777777777777777444444477777                                   58888884            765555555555554444444444
              77777777777777444444447777777                                   488888     777   7745555555555554444444444
              7777777777777744444444777777777777                               788887            75555555555554444444444
               77777777777774444444447777777777777777                           6888577777777    75555555555555444444444
                7777777777774444444444447777777777777777   77                   4888847777777    45555555555555444444444
                7777777777774444444444477777777777777777777777777777777777      7888867777777    45555555555555544444444
                 7777777777444444444477777777777777777777777777777777777777777777588884777777777745555555555555444444444
                  777777777444444477777777777777777777777777777777777777777777777758886444444777745555555555555544444444
                  777777774444447777777777777777777777777777777777777777777777777775888574444777445665655555555544444444
                   77777774447777777777777777777777777777777777777777777777777777777688844444444456666666655555554444444
                   77777744777777777777777777777777777777777777777777777777777777777466654444455666666666665555555444444
                    7777477777777777777777777777777777777777777777777777777777777777744455554555566666666665555555444444
                     777777777777777777777777777777777777777777777777777777777777777774445555564565566666655555555544444
                7777 777777777777777777777777777777777777777777777777777777777777777777444444555565566666655555555544444
              77777777777777777     777777777777777777777777777777777777777777777777777777444555565466666655555555544444
              777777777777             777777777777777     7777777777777777777777777777777744455566688886665555555554444
