77744777777777777777777744444444444777777777777                                           77777    455555555555555554444
7777777777777777777777774444444444447777777777777                                        777777    455555555555555544444
7777777777777777777777774444444444447777777777777                                         77777    455555555555555444444
77777777777777777777777744444444444477777777777777                                       777777    455555555555554444444
77777777777777777777777744444444444477777777777777                                       777777    455555555555554444444
777777777777777777777774444444444444477777777777777                                     7777777    455555555555544444444
 7777777777777777777777444444444444447777777777777                                      7777777    455555555555554444444
 7777777777777777777777444444444444447777777777777                                      7777777    555555555555544444444
  777777777777777777777744444444444447777777777777               77777777    7          7777777    555555555555544444444
   77777777777777777777744444444444447777777777777   7          7777777777777777        777777     555555555555544444444
   77777777777777777777444444444444447777777777777 77          7777777777777777777777777777777     555555555554444444444
    777777777777777777774444444444444477777777745477777    7   77777777777777777777777777777777   7555555555554444444444
    7777777777777777777744444444444444777777 745446657          777777777777                 777777555555555544444444444
     77777777777777777774444444444444477     7555555665        777777747777777777777777777777777746555555555554444444444
      7777777777777777774444444444444477 7    7655556667  7777  77777754777777777777777777777777746665554555544444444444
      7777777777777777777444444444444477 7     4565556665555555774477747777774455556666666668886668886554555544444444444
       777777777777777777444444444444777 7     7556555445555555554444444455688888888888888888888888888544555554444444444
        77777777777777777774444444444777 7      456665544455554458866556888888888888888888888886668666555555554444444444
        77777777777777777774444444444777 7        5688665555554488888888888888888888654444444477756555555555544444444444
         7777777777777777777444444447777            48888655544588888888888888888654444444777777756555555555444444444444
         7777777777777777777444444447777            76688555555688888888888888864477777774777777756555555555444444444444
          777777777777777777744444447777              457       75888888888864777777777774777777756555555555444444444444
           77777777777777777744444447777  7                       488888888884  7777777774777777755555555555444444444444
           77777777777777777744444447777  7                        688888888884     777777777777755555555555544444444444
            7777777777777777444444447777                            468888888887     77777 77777765555555555554444444444
            77777777777777774444444477777                              468888886             777765555555555544444444444
             7777777777777777444444477777                                68888884             77765555555555554444444444
              77777777777777744444447777777                               4888886        777  77745555555555554444444444
              777777777777774444444477777777777                            7688887     7        775555555555554444444444
               7777777777777444444447777777777777777                         6888577777777777    75555555555555444444444
                7777777777774444444444447777777777777777                     7888877777777777    45555555555555444444444
                777777777777444444444447777777777777777777777777777777777     688867777777777    45555555555555544444444
                 7777777777744444444477777777777777777777777777777777777777777488886477777777777745555555555555444444444
                  777777777444444477777777777777777777777777777777777777777777758888674444444777745555555555555444444444
                  777777777444447777777777777777777777777777777777777777777777775888857774444477745555555555555544444444
                   77777774447777777777777777777777777777777777777777777777777777468885774444444456666666555555554444444
                   77777744777777777777777777777777777777777777777777777777777777776888574444555666666666665555544444444
                    7777477777777777777777777777777777777777777777777777777777777777586654444455566666666665555554444444
                     777777777777777777777777777777777777777777777777777777777777777744445555564565566666655555555444444
               77777 777777777777777777777777777777777777777777777777777777777777777774445554564555566666655555555444444
               7777777777777777      777777777777777777777   77777777777777777777777777444444555565466666655555555544444
              777777777777             77777777777777        77777777777777777777777777777777455565688886665555555554444
