777447777777777777777777444444444447777777777777                                         777777    455555555555444444444
77777777777777777777777744444444444477777777777777                                      7777777    455555555555444444444
77777777777777777777777744444444444477777777777777                                      7777777    455555555555544444444
777777777777777777777777444444444444477777777777777                                     7777777    455555555555444444444
7777777777777777777777774444444444444777777777777777                                   77777777    455555555554444444444
77777777777777777777777444444444444447777777777777777                                  77777777    455555555544444444444
 77777777777777777777744444444444444477777777777777777                                  7777777    455555555554444444444
 77777777777777777777777444444444444477777777777777777                                  7777777    455555555544444444444
  77777777777777777777774444444444444777777777777777777                        7777777777777777    555555555544444444444
   7777777777777777777774444444444444777777777777777777                      777777777777777777   7555555555544444444444
   7777777777777777777744444444444444477777777777777777                7777777777777777777777777 77555555555444444444444
    777777777777777777774444444444444477777777777777777            77777777777777777777777777777777555555555444444444444
    77777777777777777777444444444444447777777                777                    768886654477774555555555444444444444
     77777777777777777774444444444444477 7                  774557    7      7777777688888888886546566555555444444444444
      7777777777777777777444444444444477 7                   745557   57        7774888888888888888666554455444444444444
      7777777777777777777444444444444477 7                  54555555         7777775888888668888888888554455444444444444
       777777777777777777444444444444477 7                 7865655555777777477777446888888644444566685444455444444444444
       777777777777777777774444444444777 7                  685564555666555555444446888888864444456655555554444444444444
        77777777777777777774444444444777 7                   65566555545555555554446888888885444456655555554444444444444
         7777777777777777774444444444777 7                   44456655544455555556656888888886444466655555555444444444444
         7777777777777777777444444444777  7                   4566666655455554448888888888888444466655555555444444444444
          777777777777777777444444447777  7                     45566888655554458888888888888444466655555555444444444444
           77777777777777777444444447777  7                        75886665544468888888888888544466665555555444444444444
           777777777777777777444444477777 7                          664777744456888888888888886565565555555444444444444
            77777777777777774444444477777 7                          7           756888888888888886666555555444444444444
            77777777777777774444444477777 7                                        7688888888888888866655555544444444444
             7777777777777774444444477777                                            46888888888888888665555554444444444
              777777777777774444444447777777                                            77777468888888886555554444444444
              77777777777777444444444777777777777777                                           7568888886555554444444444
               777777777777744444444477777777777777777     77                                 75888888866555555444444444
                7777777777774444444444447777777777777777777777                      777777777488888886655555555444444444
                777777777777444444444447777777777777777777777777777777777         77777777776888888665555555555444444444
                 7777777777444444444477777777777777777777777777777777777777777777777777777588888655555555555555544444444
                 7777777777444444477777777777777777777777777777777777777777777777777777745888857745555555555555544444444
                  777777774444447777777777777777777777777777777777777777777777777777777444586477745566655555555554444444
                   77777774447777777777777777777777777777777777777777777777777777777774444564444556666866655555554444444
                   77777744777777777777777777777777777777777777777777777777777777777777444455555666666666665555555444444
                    7777477777777777777777777777777777777777777777777777777777777777777774445665566666666665555555444444
                 7  7777777777777777777777777777777777777777777777777777777777777777777777444555465566666665555555444444
               77777 777777777777777777777777777777777777777777777777777777777777777777777744555565566666655555555444444
             77777777777777777777   777777777777777777777777777777777777777777777777777777444555565466666665555555544444
             77777777777777           7777777777777777777777777777777777777777777777777777744455566688886665555555554444
