7774477777777777777777774444444444477777777777777                                        777777    455555555555544444444
77777777777777777777777444444444444477777777777777                                       777777    455555555555544444444
777777777777777777777774444444444444477777777777777                                     7777777    455555555555544444444
777777777777777777777774444444444444477777777777777                                     7777777    455555555555444444444
7777777777777777777777744444444444444777777777777777                                   77777777    455555555555444444444
777777777777777777777774444444444444477777777777777777                                 77777777    455555555555444444444
 777777777777777777777444444444444444477777777777777777               77               77777777    455555555554444444444
 7777777777777777777774444444444444444777777777777777777            77777       77 77  77777777    455555555554444444444
  777777777777777777777444444444444444777777777777777777          77777777    7777777  7777777     555555555544444444444
   777777777777777777777444444444444447777777777777777777        77777777777777777777777777777     555555555544444444444
   777777777777777777774444444444444447777777777777777777777    7777777777777777777777777777777   7555555555544444444444
    77777777777777777777444444444444447777777777774477777777   777777777777777777777777777777777777555555555444444444444
    77777777777777777777444444444444447777777   7744547            7777777777               7777774555555555444444444444
     77777777777777777774444444444444477 77      44545557         777747777777777774686666555447746555555555444444444444
      7777777777777777774444444444444477 7       755555566        777754777777774588888888888888666666554555444444444444
      7777777777777777774444444444444477 7        5665556654445555777747777777588888888888888888888886554555444444444444
       777777777777777777444444444444477 7        4565555555555555554444444458888888885445666666668886444555444444444444
        77777777777777777444444444444477 7         756665544555555555655444688888888854444777777756555555554444444444444
        77777777777777777744444444444777 7         745666555455555446888868888888888544444477777756555555554444444444444
         7777777777777777744444444444777 77          4668888655554448888888888888885444444444777756555555554444444444444
         7777777777777777774444444444777  7             4888865554458888888888888857744444744444456555555554444444444444
          777777777777777777444444444777  7              468644455568888888888888577777774744444466555555544444444444444
           77777777777777777444444447777  7               44         468888888888886477774777744466555555554444444444444
           777777777777777774444444447777 7                            5888888888888884777 77777765555555554444444444444
            77777777777777774444444477777 7                             588888888888888847   777765555555554444444444444
            77777777777777774444444477777 7                               45666688888888867   77755555555554444444444444
             7777777777777774444444477777                                        45688888887    765555555555444444444444
              777777777777774444444477777777                                         7588887    745555555555444444444444
              77777777777777444444444777777777777777                                  58886      75555555555444444444444
               7777777777777444444444777777777777777777 7  777                       48888577    75555555555544444444444
                7777777777774444444444447777777777777777777777                      758888577    45555555555544444444444
                7777777777774444444444447777777777777777777777777777777777    777777758888477    45555555555554444444444
                 7777777777444444444477777777777777777777777777777777777777777777777758888777777745555555555554444444444
                 7777777777444444447777777777777777777777777777777777777777777777777748886444777745555555555555444444444
                  777777774444447777777777777777777777777777777777777777777777777777778886444777745555555555555544444444
                   77777774447777777777777777777777777777777777777777777777777777777776886444444456666666555555554444444
                   77777744777777777777777777777777777777777777777777777777777777777774556444455666666666665555554444444
                    7777477777777777777777777777777777777777777777777777777777777777774445555555566666666665555554444444
                 7  7777777777777777777777777777777777777777777777777777777777777777774455544564465566666655555555444444
               77777 777777777777777777777777777777777777777777777777777777777777777777444444555555566666655555555444444
              7777777777777777777777777777777777777777777777777777777777777777777777777777444555565466666655555555544444
             777777777777777          7777777777777777777777777777777777777777777777777777744455565688886665555555554444
