7774477777777777777777777444444444477777777777777                                        777777    455555555555555544444
7777777777777777777777774444444444447777777777777                                        777777    455555555555555444444
77777777777777777777777774444444444477777777777777                                      7777777    455555555555554444444
777777777777777777777777444444444444777777777777777                                     7777777    455555555555554444444
777777777777777777777777444444444444477777777777777                                     7777777    455555555555544444444
7777777777777777777777744444444444444777777777777777                                    7777777    455555555555544444444
 7777777777777777777777444444444444447777777777777777                                  77777777    455555555555544444444
 7777777777777777777777744444444444447777777777777777                            7 777777777777    455555555555444444444
  7777777777777777777777444444444444447777777777777777                        77777777777777777    555555555555444444444
   777777777777777777777444444444444447777777777777777                     77777777777777777777   7555555555554444444444
   7777777777777777777777444444444444477777777777777777             7777777777777777777777777777 77555555555554444444444
    777777777777777777774444444444444477777777777777777            77777777777777777777777777777777555555555554444444444
    77777777777777777777744444444444447777777                7454              77777755555544777774555555555544444444444
     77777777777777777777444444444444477                     445554   7    777777777688888888865446566555555544444444444
      7777777777777777777444444444444477 7                  744554557 57      777775888888888888888666554555544444444444
      7777777777777777777744444444444477 7                  4665555667    7777777746888886688888888888554555544444444444
       777777777777777777744444444444477 7                  765655556544444447444458888888445555568686544555544444444444
        77777777777777777774444444444777 7                   44565555565555555444458888888644444456665555555544444444444
        77777777777777777774444444444777 7                   74456555445555555554458888888854444456655555555444444444444
         7777777777777777777444444444777                      7565665444455555566568888888864444466655555555444444444444
         7777777777777777777444444447777  7                     74686655555544488888888888884444466655555555444444444444
          777777777777777777744444447777  7                       768886554544588888888888884444466655555555444444444444
           77777777777777777744444447777  7                        68854555444888888888888867774466655555555444444444444
           777777777777777777444444477777 7                         7      777568888888888888654765665555555544444444444
            77777777777777774444444477777 7                                     7588888888888888665566555555554444444444
            77777777777777774444444477777 7                                       76888888888888888666655555544444444444
             7777777777777777444444477777                                           588888888888888886665555554444444444
              777777777777777444444477777777                                          7444445888888888865555554444444444
              777777777777774444444477777777777777                                            45688888886555554444444444
               77777777777774444444447777777777777777                                          4688888865555555444444444
                7777777777774444444444447777777777777777   77                         7777777488888886665555555444444444
                777777777777444444444447777777777777777777777777777777777          7777777775888888665555555555444444444
                 7777777777744444444477777777777777777777777777777777777777777777777777777768888866555555555555444444444
                  777777777444444477777777777777777777777777777777777777777777777777777774888865745555555555555444444444
                  777777777444477777777777777777777777777777777777777777777777777777777745888577745566655555555544444444
                   77777774447777777777777777777777777777777777777777777777777777777774444564444456666866655555544444444
                   77777744777777777777777777777777777777777777777777777777777777777774444454555666666666665555544444444
                    7777477777777777777777777777777777777777777777777777777777777777777744445555566666666665555554444444
                 7  7777777777777777777777777777777777777777777777777777777777777777777777444565465566666665555554444444
               77777 777777777777777777777777777777777777777777777777777777777777777777777774555565566666655555555444444
              7777777777777777777   7777777777777777777777 7777777777777777777777777777777774555565466666655555555544444
              7777777777777            777777777777777  7   777777777777777777777777777777777455565688886665555555554444
