7774477777777777777777744444444444477777777777777                                       7777777    455555555555555544444
77777777777777777777777444444444444477777777777777                                      7777777    455555555555555444444
777777777777777777777774444444444444477777777777777                                     7777777    455555555555554444444
7777777777777777777777744444444444444777777777777777                                   77777777    455555555555554444444
77777777777777777777777444444444444447777777777777777                                  77777777    455555555555544444444
7777777777777777777777744444444444444477777777777777777                                77777777    455555555555544444444
 777777777777777777777444444444444444477777777777777777                               777777777    455555555555544444444
 7777777777777777777777444444444444444777777777777777777                     777777777777777777    455555555555544444444
  777777777777777777777444444444444444777777777777777777              777  77777777777777777777    555555555555444444444
   777777777777777777774444444444444447777777777777777777           777777777777777777777777777    555555555554444444444
   777777777777777777774444444444444447777777777777777777         77777777777777777777777777777  77555555555554444444444
    7777777777777777777744444444444444477777777777777777777747    777777777777777777777777777777777555555555554444444444
    777777777777777777774444444444444447777777            774547            7777777 744447777777774555555555544444444444
     77777777777777777774444444444444447 77               7754565     77777777777777688888886654746555555555544444444444
      7777777777777777774444444444444447 7                755555654   547 7777777776888888888888868666554555544444444444
      7777777777777777774444444444444447 7                456555566   77777777777768888866888888888886554555544444444444
       777777777777777777444444444444447 7                 5565556665555554444444588888854455555568886444555444444444444
       777777777777777777444444444444447 7                 7566555555555556544444888888884444444456655555555444444444444
        7777777777777777744444444444447777                 7456655444555555565445888888885444444456555555555444444444444
         7777777777777777744444444444777777                  56666544455554458866888888886444444456555555555444444444444
         77777777777777777444444444447777 7                    468885555544488888888888885444444466555555555444444444444
          7777777777777777774444444447777 7                     68886654444688888888888884744444466555555555444444444444
           777777777777777774444444447777 7                     78647744555888888888888864777744466655555555444444444444
           777777777777777774444444447777 7                                756888888888888864777766555555555544444444444
            77777777777777744444444447777 7                                   588888888888888864765565555555444444444444
            77777777777777744444444447777 7                                    48888888888888888665556555555544444444444
             7777777777777774444444447777                                       7588888888888888888656655555554444444444
              777777777777774444444447777777                                       7777744688888888866655555554444444444
              777777777777774444444447777777777777777                                      74468888865655555554444444444
               777777777777744444444477777777777777777777 77777                      77777774688888656555555555444444444
                77777777777444444444444477777777777777777777777                    7777777748888886555555555555444444444
                77777777777744444444444477777777777777777777777777777777777777777777777777488888645555555555555444444444
                 7777777777444444444477777777777777777777777777777777777777777777777777774688885745555555555555444444444
                 7777777777444444477777777777777777777777777777777777777777777777777777746888677745555555555555444444444
                  777777774444447777777777777777777777777777777777777777777777777777777768886777745566655555555544444444
                   77777744444777777777777777777777777777777777777777777777777777777777446864444456666866655555544444444
                   77777744777777777777777777777777777777777777777777777777777777777774445554555666666666665555544444444
                    7777477777777777777777777777777777777777777777777777777777777777774444455555566666666665555554444444
               777  7774777777777777777777777777777777777777777777777777777777777777777774444565465566666665555554444444
              7777777777777777777777777777777777777777777777777777777777777777777777777777444555565566666655555555444444
            777777777777777777777777777777777777777777777777777777777777777777777777777777444555565466666655555555544444
            77777777777777777        77777777777777777777777777777777777777777777777777777774455565688886665555555554444
