7774477777777777777777774444444444477777777777777                                        777777    455555555555555444444
7777777777777777777777774444444444447777777777777                                        777777    455555555555554444444
77777777777777777777777444444444444477777777777777                                      7777777    455555555555554444444
777777777777777777777777444444444444477777777777777                                     7777777    455555555555554444444
7777777777777777777777744444444444444777777777777777                                    7777777    455555555555444444444
77777777777777777777777444444444444447777777777777777                                   7777777    455555555555444444444
 77777777777777777777744444444444444477777777777777777                                  7777777    455555555555544444444
 777777777777777777777744444444444444777777777777777777                                 7777777    455555555555444444444
  777777777777777777777444444444444444777777777777777777         77777777    77          777777    555555555554444444444
   77777777777777777777444444444444444777777777777777777         777777777777777         77777     555555555554444444444
   777777777777777777774444444444444447777777777777777777777    7777777777777777777   77777777     555555555544444444444
    777777777777777777774444444444444477777777444777777777777  77777777777777777777   777777777  77555555555544444444444
    77777777777777777777444444444444444777777774454              777777777                   777777555555555544444444444
     77777777777777777774444444444444477 77   44545554          77777777777777777777777777777777746555555555544444444444
      7777777777777777774444444444444477 7    7555555657         777775477       774555444554444746555554555444444444444
      7777777777777777774444444444444477 7     4665555664445555777777747777774566888888888888888888886554555444444444444
       777777777777777777444444444444477 7     7566555555555555554444444444588888888888888888888888886544555444444444444
       777777777777777777444444444444477 7      755665544555555555655444568888888888865455666555456665555555444444444444
        77777777777777777744444444444477 7       45666655455555446888888888888888886444474777777756555555555444444444444
         7777777777777777744444444444777 7        7668888655554448888888888888888854444444777777756555555554444444444444
         7777777777777777774444444444777  7          4888866555458888888888888885444444474777777756555555554444444444444
          777777777777777777444444444777  7           458854444556888888888888677777777774777777756555555554444444444444
           777777777777777774444444447777 7            757        758888888888864777777774777777755555555554444444444444
           777777777777777774444444447777 7                         588888888888867  77774777777765555555554444444444444
            77777777777777774444444477777 7                          488888888888884    77 77777765555555554444444444444
            77777777777777774444444477777 7                            455668888888867        77765555555555444444444444
             7777777777777774444444477777                                    5688888867          65555555555544444444444
              777777777777774444444477777777                                   75688886  777    745555555555444444444444
              7777777777777744444444777777777777777                               58886          75555555555544444444444
               777777777777744444444477777777777777777     77                     58886777777    75555555555544444444444
                7777777777774444444444447777777777777777777777                    58888777777    45555555555554444444444
                7777777777774444444444477777777777777777777777777777777777        58888477777    45555555555554444444444
                 7777777777444444444477777777777777777777777777777777777777777777748888577777777745555555555555444444444
                 7777777777444444477777777777777777777777777777777777777777777777775888644444777745555555555555444444444
                  777777774444447777777777777777777777777777777777777777777777777777688874444777745555555555555544444444
                   77777774447777777777777777777777777777777777777777777777777777777488854444444456666666555555544444444
                   77777744777777777777777777777777777777777777777777777777777777777768884444555666666666665555544444444
                    7777477777777777777777777777777777777777777777777777777777777777744455544555566666666665555554444444
                 7  7777777777777777777777777777777777777777777777777777777777777777774444555564465566666655555555444444
               77777 777777777777777777777777777777777777777777777777777777777777777774455444555555566666655555555444444
             777777777777777777777 7777777777777777777777777777777777777777777777777777777444555565466666655555555544444
             77777777777777           7777777777777777777777777777777777777777777777777777774455566688886665555555554444
