7774477777777777777777774444444444477777777777777                                         77777    455555555555555544444
7777777777777777777777774444444444447777777777777                                        777777    455555555555555444444
77777777777777777777777744444444444477777777777777                                      7777777    455555555555554444444
77777777777777777777777744444444444447777777777777                                      7777777    455555555555554444444
777777777777777777777774444444444444477777777777777                                     7777777    455555555555544444444
7777777777777777777777744444444444444777777777777777                                   77777777    455555555555544444444
 7777777777777777777774444444444444447777777777777777                 7                77777777    455555555555544444444
 77777777777777777777777444444444444477777777777777777              77777       777777777777777    455555555555544444444
  77777777777777777777774444444444444477777777777777777            77777777   77777777777777777    555555555555444444444
   7777777777777777777774444444444444477777777777777777          77777777777777777777777777777     555555555554444444444
   777777777777777777774444444444444447777777777777777777       7777777777777777777777777777777   7555555555554444444444
    77777777777777777777444444444444447777777777774547777777   777777777777777777777777777777777777555555555554444444444
    77777777777777777777444444444444447777777   77445555           777777777777            77777774555555555544444444444
     77777777777777777774444444444444477 77      455456654        777747777777777777454474777777746555555555544444444444
      7777777777777777774444444444444477 7       7655556667       777454777777777458888888888665556666554555544444444444
      7777777777777777774444444444444477 7        4665556665555555777747777777568888888888888888888886554555444444444444
       777777777777777777444444444444477 7         565555555555555554444444458888888886568888888888886544555444444444444
       777777777777777777744444444444477 7         456655544555555556654445888888888854444444477756555555555444444444444
        77777777777777777744444444444777 7          46686554455554458888668888888888544444777777756555555554444444444444
         7777777777777777774444444444777 77           458886555544488888888888888885444444777777756555555554444444444444
         7777777777777777777444444444777  7            78886665554588888888888888647444474747777756555555554444444444444
          777777777777777777444444447777  7             7685777744568888888888885777777774777777756555555554444444444444
           77777777777777777444444447777  7                         7688888888886577777774777777765555555554444444444444
           777777777777777774444444477777 7                           68888888888884  7774777777765555555554444444444444
            77777777777777774444444477777 7                            688888888888867   7 77777765555555554444444444444
            77777777777777774444444477777 7                             458888888888884      777765555555555444444444444
             7777777777777777444444477777                                    75888888885        765555555555444444444444
              777777777777777444444477777777                                    4688888857777   745555555555444444444444
              7777777777777744444444777777777777777                               7488886        75555555555444444444444
               777777777777744444444477777777777777777     77                       688857777    75555555555544444444444
                7777777777774444444444447777777777777777777777                     7888857777    45555555555554444444444
                7777777777774444444444477777777777777777777777777777777777        74888857777    45555555555554444444444
                 7777777777444444444477777777777777777777777777777777777777777777774888867777777745555555555554444444444
                  777777777444444477777777777777777777777777777777777777777777777777688864444777745555555555555444444444
                  777777774444447777777777777777777777777777777777777777777777777777588854444777745555555555555444444444
                   77777774447777777777777777777777777777777777777777777777777777777488864444444456666666555555544444444
                   77777744777777777777777777777777777777777777777777777777777777777768884444555666666666665555544444444
                    7777477777777777777777777777777777777777777777777777777777777777748885444455566666666665555554444444
                 7  7777777777777777777777777777777777777777777777777777777777777777774455555564565566666655555554444444
               77777 777777777777777777777777777777777777777777777777777777777777777774445554564555566666655555555444444
              7777777777777777777   777777777777777777777777777777777777777777777777777454444555565466666655555555544444
             77777777777777           7777777777777777777777777777777777777777777777777777744455565688886665555555554444
