777447777777777777777777744444444447777777777777                                          77777    455555555555544444444
7777777777777777777777774444444444447777777777777                                        777777    455555555555544444444
7777777777777777777777777444444444447777777777777                                        777777    455555555555544444444
 7777777777777777777777744444444444477777777777777                                       777777    455555555555444444444
77777777777777777777777744444444444447777777777777                                      7777777    455555555555444444444
777777777777777777777777444444444444477777777777777                                      777777    455555555555444444444
 77777777777777777777777444444444444477777777777777                                     7777777    455555555554444444444
 77777777777777777777777444444444444477777777777777                 77                   777777    455555555554444444444
  77777777777777777777774444444444444777777777777                  777777    7777        77777     555555555544444444444
   77777777777777777777774444444444447777777777777   7            7777777777777777       77777     555555555554444444444
   77777777777777777777774444444444447777777777777               77777777777777777777777777777     555555555544444444444
    7777777777777777777744444444444444777777777745477           7777777777777777777777777777777  77555555555544444444444
    7777777777777777777774444444444444777777   744454             777777777                  777774555555555544444444444
     77777777777777777777444444444444477       755545677         7777777777777777777777777777777746555555555544444444444
      7777777777777777777444444444444477 7      565555667        777775477   77 7756888666665554446666554555544444444444
      7777777777777777777744444444444777 7      656555566555555577777747777777568888888888888888888886554555544444444444
       777777777777777777774444444444777 7      455655555555555565444444444468888888888888888888888886544555544444444444
        77777777777777777774444444444777 7       74566554445555555664444456888888888854445555544456665555555544444444444
        77777777777777777774444444444777 7        4666665544555544688865588888888886444444777777756555555555444444444444
         7777777777777777777444444447777           756688865555444888888888888888864444444477777756555555555444444444444
         7777777777777777777744444447777              788886555445888888888888888544444444447777756555555555444444444444
          777777777777777777744444447777               76867444556888888888888867777774474744447756555555555444444444444
           77777777777777777744444447777                77        756888888888886477777774774447766555555555444444444444
           77777777777777777744444447777                             688888888888864777774777777765555555555444444444444
            7777777777777777744444447777                              6888888888888867 777 77777765555555555444444444444
             777777777777777744444447777                               7566888888888885      777765555555555544444444444
             7777777777777777444444477777                                    746888888867       765555555555544444444444
              77777777777777744444447777777                                     7456888847777  7745555555555544444444444
              777777777777777444444477777777777                                     68884        75555555555554444444444
               777777777777774444444777777777777                                   7888847777    75555555555555444444444
                777777777777744444444447777777777777777                            4888857777    45555555555555444444444
                7777777777774444444444477777777777777777777777777777777            4888857777    45555555555555444444444
                 7777777777744444444777777777777777777777777777777777777777777777774888857777777745555555555555444444444
                  777777777444444777777777777777777777777777777777777777777777777777588854444777745555555555555544444444
                  777777777444477777777777777777777777777777777777777777777777777777488854444777445565655555555554444444
                   77777774447777777777777777777777777777777777777777777777777777777768864444444456666666655555554444444
                   77777744777777777777777777777777777777777777777777777777777777777758884444455666666666665555555444444
                    7777477777777777777777777777777777777777777777777777777777777777774455554555566666666665555555444444
                     777777777777777777777777777777777777777777777777777777777777777774445555564565566666665555555544444
                 777 77777777777777 777777777777777777777777777777777777777777777777777454444555565566666655555555544444
               777777777777777        7777777777777777        7777777777777777777777777777444555565466666655555555544444
               7777777777                                     7777777777777777777777777777744455566688886665555555554444
