77744777777777777777777774444444444777777777777                                            7777    455555555555555554444
777777777777777777777777444444444444777777777777                                         777777    455555555555555554444
7777777777777777777777777444444444447777777777777                                         77777    455555555555555544444
77777777777777777777777744444444444477777777777777                                       777777    455555555555555544444
77777777777777777777777744444444444477777777777777                                       777777    455555555555555544444
777777777777777777777774444444444444477777777777777                                      777777    455555555555555554444
 77777777777777777777774444444444444477777777777777                                     7777777    455555555555555445444
 77777777777777777777777444444444444477777777777777                                     7777777    555555555555555444444
  777777777777777777777744444444444447777777777777                777777                7777777    555555555555554444444
   77777777777777777777744444444444447777777777777   7           777777777777777        777777     555555555555554444444
   77777777777777777777444444444444447777777777777              777777777777777777777777777777     555555555555544444444
    77777777777777777777444444444444447777777774447777         77777777777777777777777777777777  77555555555555544444444
    7777777777777777777744444444444444777777  74445557           7777777777                 7777777555555555555544444444
     77777777777777777774444444444444477      745545664         77777777777777777777777777777777746655555555555444444444
      7777777777777777777444444444444477 7     555555665        7777775477   7777777777777777777746666554555554444444444
      7777777777777777777444444444444477 7     7565556665555555777777747777777455668888888888888888886554555555444444444
       777777777777777777444444444444777 7      455555555555555555444444444568888888888888888888888886544555555444444444
        77777777777777777774444444444777 7      746665544455555455886544568888888888886668888866566666555555554444444444
        77777777777777777774444444444777 7       75686654455554448888888888888888888544444447777756555555555544444444444
         7777777777777777774444444444777            48886555554458888888888888888864444444777777756555555555554444444444
         7777777777777777777444444447777            78888665555468888888888888886444444444777777756555555555544444444444
          777777777777777777744444447777              4867  774456888888888888577774444444777777756555555555544444444444
           77777777777777777444444447777  7                       768888888888647777777774777777765555555555554444444444
           77777777777777777744444447777  7                        768888888888867 7777774777777765555555555554444444444
            7777777777777777744444447777                            768888888888867  77777777777765555555555554444444444
            77777777777777774444444477777                             74556888888884       77777765555555555554444444444
             7777777777777777444444477777                                  7588888884     7    7765555555555555444444444
              77777777777777744444447777777                                   46888887  77777  7745555555555555544444444
              777777777777774444444477777777777                                 488884   77     745555555555554544444444
               7777777777777444444447777777777777777                             588857777777    75555555555555544444444
                777777777777444444444447777777777777777                          588887777777    45555555555555544444444
                777777777777444444444447777777777777777777777777777777777        488885777777    45555555555555544444444
                 7777777777744444444477777777777777777777777777777777777777777777488886777777777745555555555555544444444
                  777777777444444477777777777777777777777777777777777777777777777748888444444777745555555555555544444444
                  777777777444477777777777777777777777777777777777777777777777777775888574444777745555555555555544444444
                   77777774447777777777777777777777777777777777777777777777777777777688844444444456666666555555554444444
                   77777744777777777777777777777777777777777777777777777777777777777488864444555666666666665555544444444
                    7777477777777777777777777777777777777777777777777777777777777777755555444455566666666665555554444444
                     777777777777777777777777777777777777777777777777777777777777777774444555554565566666655555554444444
               77777 777777777777777777777777777777777777777777777777777777777777777774455544564555566666655555555444444
               7777777777777777      777777777777777777777   77777777777777777777777777447444555565466666655555555544444
              777777777777              77777777777777       77777777777777777777777777777777455565688886665555555554444
