777447777777777777777777444444444447777777777777                                         777777    455555555555444444444
77777777777777777777777444444444444477777777777777                                      7777777    455555555555444444444
777777777777777777777777444444444444777777777777777                                     7777777    455555555555444444444
777777777777777777777774444444444444477777777777777                                    77777777    455555555555444444444
7777777777777777777777744444444444444777777777777777                                   77777777    455555555554444444444
777777777777777777777774444444444444477777777777777777                                 77777777    455555555554444444444
 777777777777777777777444444444444444777777777777777777                              7777777777    455555555554444444444
 777777777777777777777744444444444444477777777777777777              7777          777777777777    455555555544444444444
  777777777777777777777444444444444444777777777777777777            77777777      7777777777777    555555555544444444444
   77777777777777777777444444444444444777777777777777777           7777777777 77777777777777777    555555555444444444444
   777777777777777777774444444444444447777777777777777777        777777777777777777777777777777  77555555555444444444444
    77777777777777777774444444444444447777777777777777777777     7777777777777777777777777777777777555555555444444444444
    77777777777777777777444444444444444777777      74447               777          466655447777777555555555444444444444
     77777777777777777774444444444444477 77        774554            777777777777746888888888865446555555555444444444444
      7777777777777777774444444444444477 7          4555554          7547777   77588888888888888888666554455444444444444
      7777777777777777774444444444444477 7          465555565     777777777777746888888645688888888886554454444444444444
       777777777777777777444444444444477 7          46665555665555555474444444488888888444474444456665444454444444444444
       777777777777777777444444444444477 7           6566555555555555555444444888888886444477777756555555554444444444444
        7777777777777777744444444444447777            456665544455555555665546888888885444444477756555555554444444444444
         7777777777777777444444444444777777           456666655555555446888888888888884444444444456555555554444444444444
         77777777777777777444444444447777 7             5666888655554448888888888888844444744444466555555554444444444444
          7777777777777777744444444447777 7                7888866555458888888888888677774744444466555555544444444444444
           777777777777777744444444447777 7                 758677744446888888888888886474777744466555555554444444444444
           777777777777777744444444447777 7                  74          46888888888888885777777765555555554444444444444
            77777777777777744444444447777 7                                688888888888888857777765555555554444444444444
            77777777777777744444444447777 7                                 46888888888888888577765555555555444444444444
             7777777777777744444444447777                                          7458888888867765555555555544444444444
              777777777777744444444447777777                                           745888867745555555555444444444444
              777777777777744444444447777777777777777       7                            588887  75555555555544444444444
               77777777777744444444447777777777777777777777777                      7777688885   75555555555544444444444
                7777777777744444444444447777777777777777777777                    777774888887   45555555555555444444444
                7777777777744444444444447777777777777777777777777777777777  77777777777588885    45555555555555444444444
                 7777777777444444444477777777777777777777777777777777777777777777777777688867777745555555555555444444444
                 7777777777444444477777777777777777777777777777777777777777777777777777688844777745555555555555544444444
                  777777774444447777777777777777777777777777777777777777777777777777777888644777745565655555555554444444
                   77777744444777777777777777777777777777777777777777777777777777777774668544444456666666655555554444444
                   77777744777777777777777777777777777777777777777777777777777777777774445544555666666666665555555444444
                    7777477777777777777777777777777777777777777777777777777777777777774445555565566666666665555555444444
                77  7777777777777777777777777777777777777777777777777777777777777777774444444565465566666665555555444444
              777777 777777777777777777777777777777777777777777777777777777777777777777774444555565566666655555555444444
             77777777777777777777 77777777777777777777777777777777777777777777777777777777444555565466666655555555544444
            7777777777777777         77777777777777777777777777777777777777777777777777777744455566688886665555555554444
