77744777777777777777777444444444444477777777777777                                      7777777    455555555555544444444
777777777777777777777774444444444444777777777777777                                    77777777    455555555555444444444
777777777777777777777774444444444444477777777777777                                    77777777    455555555555544444444
7777777777777777777777744444444444444777777777777777                                   77777777    455555555555444444444
77777777777777777777777444444444444447777777777777777                                  77777777    455555555555444444444
7777777777777777777777744444444444444477777777777777777                               777777777    455555555555444444444
 7777777777777777777774444444444444444777777777777777777                              777777777    455555555554444444444
 7777777777777777777777444444444444444777777777777777777                        77 777777777777    455555555544444444444
  777777777777777777777444444444444444777777777777777777                     777777777777777777    555555555544444444444
   777777777777777777777444444444444447777777777777777777            777    7777777777777777777   7555555555544444444444
   777777777777777777774444444444444447777777777777777777          77777777777777777777777777777 77555555555544444444444
    7777777777777777777744444444444444477777777777777777777       777777777777777777777777777777777555555555444444444444
    777777777777777777774444444444444447777777              7447                    768886665477774555555555444444444444
     77777777777777777774444444444444477 77                 745557    7  7  77777777688888888886546566555555444444444444
      7777777777777777774444444444444477 7                  7455557   57       77774888888888888888666554555544444444444
      7777777777777777774444444444444477 7                 565555557       777777776888886568888888888554555444444444444
       777777777777777777444444444444477 7                78856555554444444477744448888888544444566685444455444444444444
       777777777777777777444444444444477 7                 6865654556665555554444458888888854444456655555554444444444444
        77777777777777777744444444444477 7                  554566555455555555544458888888864444456655555554444444444444
         7777777777777777744444444444777777                 754566655444555555566568888888884444466655555555444444444444
         77777777777777777444444444447777 7                  75686866655555544588888888888884444466655555555444444444444
          7777777777777777744444444447777 7                     74568886555444688888888888884444466655555555444444444444
           777777777777777774444444477777 7                        58866655544888888888888885474466655555555444444444444
           777777777777777774444444447777 7                        765   77744568888888888888885465555555555544444444444
            77777777777777774444444447777 7                                     7588888888888888886566555555444444444444
            77777777777777774444444447777 7                                       76888888888888888866655555544444444444
             7777777777777774444444447777                                           468888888888888888665555554444444444
              777777777777774444444447777777                                             7777568888888865555554444444444
              777777777777774444444447777777777777777                                          4688888865555554444444444
               777777777777744444444477777777777777777777 7777                       7777 777758888888665555555444444444
                7777777777774444444444447777777777777777777777                     7777777774888888866555555555444444444
                7777777777774444444444447777777777777777777777777777777777   7777777777777748888886555555555555444444444
                 7777777777444444444477777777777777777777777777777777777777777777777777777588886545555555555555444444444
                 7777777777444444477777777777777777777777777777777777777777777777777777746888647745555555555555544444444
                  777777774444447777777777777777777777777777777777777777777777777777777444686777745566655555555544444444
                   77777744444777777777777777777777777777777777777777777777777777777774444554444556666866655555554444444
                   77777744777777777777777777777777777777777777777777777777777777777777444455555666666666665555554444444
                    7777477777777777777777777777777777777777777777777777777777777777777774445665566666666665555554444444
                77  7777777777777777777777777777777777777777777777777777777777777777777777444555465566666665555555444444
              777777 777777777777777777777777777777777777777777777777777777777777777777774444555565566666655555555444444
            777777777777777777777777777777777777777777777777777777777777777777777777777777444555565466666655555555544444
            77777777777777777        77777777777777777777777777777777777777777777777777777744455566688886665555555554444
