77744777777777777777777774444444444777777777                                               7777    455555555555544444444
7777777777777777777777777444444444477777777777                                            77777    455555555555444444444
777777777777777777777777744444444444777777777777                                          77777    455555555555544444444
7777777777777777777777777444444444447777777777777                                        777777    455555555555444444444
7777777777777777777777774444444444447777777777777                                        777777    455555555555444444444
77777777777777777777777744444444444477777777777777                                      7777777    455555555555444444444
 7777777777777777777777744444444444477777777777777                                      7777777    455555555554444444444
 7777777777777777777777744444444444477777777777777                                      7777777    455555555544444444444
  77777777777777777777774444444444444777777777777                                        77777     555555555544444444444
   7777777777777777777777444444444444777777777777                 7777777  777           77777     555555555544444444444
   7777777777777777777774444444444444777777777777                77777777777777        7777777     555555555544444444444
    7777777777777777777744444444444447777777774447             777777777777777777     777777777  77555555555444444444444
    777777777777777777774444444444444777777  774454              77777777                   7777774555555555544444444444
     77777777777777777777444444444444777      4455557           777777777777777   77777777777777746555555555544444444444
      7777777777777777777444444444444777 7     55555555          77777547       7455886666666555456666554555544444444444
      7777777777777777777444444444444777 7     6565555655445555477777747777775688888888888888888888886554555544444444444
       777777777777777777444444444444777 7     5656555555555555555444444444688888888888888888888888886544555544444444444
        77777777777777777744444444444777 7      445665554445555555654444468888888888854445555544456665555555544444444444
        77777777777777777774444444444777 7       44666655545555445888886888888888886444444777777756555555555444444444444
         7777777777777777777444444444777          4686888865555446888888888888888854444444777777756555555555444444444444
         7777777777777777777444444447777  7         74588886555448888888888888885444444444747777756555555555444444444444
          777777777777777777744444447777  7            75864444556888888888888877777777774744477756555555555444444444444
           77777777777777777744444447777  7             757        46888888888885777777774777777766555555555444444444444
           77777777777777777744444447777  7                          688888888888847777774777777765555555555544444444444
            7777777777777777444444447777  7                           688888888888867  777 77777765555555555444444444444
            77777777777777774444444477777                               45556888888884        77765555555555544444444444
             7777777777777777444444477777                                    7588888885         765555555555554444444444
              77777777777777744444447777777                                     45888884 7777  7745555555555554444444444
              7777777777777744444444777777777777                                  788884        745555555555554444444444
               77777777777774444444477777777777777777                             78888477777    45555555555555444444444
                7777777777774444444444477777777777777777   77                     78888577777    45555555555555544444444
                77777777777744444444444777777777777777777777777777777777          78888677777   745555555555555544444444
                 7777777777444444444477777777777777777777777777777777777777777777776888877777777745555555555555544444444
                  777777777444444477777777777777777777777777777777777777777777777774888844444777745555555555555544444444
                  777777777444447777777777777777777777777777777777777777777777777777588844444777445655655555555554444444
                   77777774447777777777777777777777777777777777777777777777777777777488854444444456666666655555555444444
                   77777744777777777777777777777777777777777777777777777777777777777758884444455666666666665555555444444
                    7777477777777777777777777777777777777777777777777777777777777777744455554555566666666665555555444444
                     777777777777777777777777777777777777777777777777777777777777777774444555564565566666665555555544444
                7777 777777777777777777777777777777777777777777777777777777777777777774455444555565566666665555555554444
               7777777777777777      777777777777777777777 7777777777777777777777777777777444555565466666665555555554444
              77777777777              777777777777777     7777777777777777777777777777777744455566688886665555555554444
