777447777777777777777777444444444447777777777777                                          77777    455555555555554444444
7777777777777777777777774444444444447777777777777                                        777777    455555555555554444444
77777777777777777777777744444444444477777777777777                                       777777    455555555555544444444
77777777777777777777777744444444444447777777777777                                       777777    455555555555544444444
777777777777777777777777444444444444477777777777777                                     7777777    455555555555444444444
7777777777777777777777774444444444444777777777777777                                    7777777    455555555555444444444
 777777777777777777777744444444444444777777777777777                                    7777777    455555555555544444444
 7777777777777777777777744444444444447777777777777777                                   7777777    455555555555444444444
  777777777777777777777744444444444447777777777777777                          777    777777777    555555555554444444444
   777777777777777777777744444444444477777777777777777                      7777777777777777777   7555555555554444444444
   777777777777777777777744444444444447777777777777777              7777777777777777777777777777 77555555555544444444444
    77777777777777777777444444444444447777777777777777             77777777777777777777777777777777555555555544444444444
    7777777777777777777774444444444444777777               7447                 7   755555544777774555555555544444444444
     77777777777777777777444444444444477                   774557     7  7 777777777688888888865446566555555544444444444
      7777777777777777777444444444444477 7                 7455454    57      777775888888888888888666554555544444444444
      7777777777777777777444444444444777 7                 655555564  7  77777777748888886688888888888554555544444444444
       777777777777777777744444444444777 7                 6566555664444454474444468888885444555568686444555444444444444
        77777777777777777774444444444777 7                 7656545565655555554444488888888444444456655555555544444444444
        77777777777777777774444444444777 7                  445665554555555556654488888888644444456655555555444444444444
         7777777777777777777444444444777                    745666554445555545686688888888844444466655555555444444444444
         7777777777777777777444444447777                      7558866555555445888888888888844444466655555555444444444444
          777777777777777777744444447777  7                      7688865554446888888888888844444466655555555444444444444
           77777777777777777744444447777  7                       588655555448888888888888847744466655555555444444444444
           77777777777777777744444447777                           57     7774688888888888888654766665555555544444444444
            77777777777777774444444477777 7                                     5888888888888888665566555555444444444444
            77777777777777774444444477777                                        768888888888888888666655555544444444444
             7777777777777777444444477777                                          4688888888888888886665555554444444444
              777777777777777444444477777777                                          7777746888888888665555554444444444
              7777777777777744444444777777777777                                             745888888865555554444444444
               77777777777774444444447777777777777777                                         46888888665555555444444444
                7777777777774444444444447777777777777777   77                        77777774688888866655555555444444444
                777777777777444444444447777777777777777777777777777777777          7777777748888886555555555555444444444
                 7777777777744444444477777777777777777777777777777777777777777777777777777488888655555555555555444444444
                  777777777444444477777777777777777777777777777777777777777777777777777775888854745555555555555444444444
                  777777777444447777777777777777777777777777777777777777777777777777777746886477745566655555555544444444
                   77777774447777777777777777777777777777777777777777777777777777777774444664444456666866655555554444444
                   77777744777777777777777777777777777777777777777777777777777777777774444554455666666666665555544444444
                    7777477777777777777777777777777777777777777777777777777777777777777444445555566666666665555554444444
                    7777777777777777777777777777777777777777777777777777777777777777777777444565465566666655555554444444
               77777 777777777777777777777777777777777777777777777777777777777777777777777744555555566666655555555444444
              7777777777777777777    777777777777777777777 7777777777777777777777777777777774555555466666655555555544444
              7777777777777            77777777777777       777777777777777777777777777777774455565688886665555555554444
