77744777777777777777777774444444444777777777777                                           77777    455555555555554444444
7777777777777777777777774444444444447777777777777                                        777777    455555555555554444444
7777777777777777777777777444444444447777777777777                                        777777    455555555555554444444
7777777777777777777777774444444444447777777777777                                        777777    455555555555544444444
77777777777777777777777744444444444477777777777777                                       777777    455555555555444444444
777777777777777777777777444444444444477777777777777                                      777777    455555555555444444444
 7777777777777777777777744444444444447777777777777                                      7777777    455555555555544444444
 7777777777777777777777744444444444447777777777777                     7           777 77777777    455555555555444444444
  77777777777777777777774444444444444777777777777                    77777      77777777777777     555555555554444444444
   7777777777777777777777444444444444777777777777                  777777777777777777777777777     555555555554444444444
   7777777777777777777777444444444444777777777777                 77777777777777777777777777777   7555555555554444444444
    777777777777777777774444444444444477777777777 77447          7777777777777777777777777777777777555555555544444444444
    7777777777777777777774444444444444777777       744547            777777                 7777774555555555544444444444
     77777777777777777777444444444444777           4454565          7777777777777777565555444777746555555555544444444444
      7777777777777777777444444444444777 7         755555665        77547777  777758888888888886556666554555544444444444
      7777777777777777777744444444444777 7         756555566477774477747777777746888888888888888888886554555544444444444
       777777777777777777774444444444777 7          55654455555555554444444444688888888556688886688886544555544444444444
        77777777777777777777444444444777 7           4566554455555555654444458888888884444474777756655555555544444444444
        77777777777777777777444444447777 7           4566655444555554568654588888888854444444777756555555555444444444444
         7777777777777777777444444447777               46886655555544588888888888888644444444477756555555555444444444444
         7777777777777777777744444447777                 788886555444888888888888888444444444444456555555555444444444444
          777777777777777777744444447777                  56866555545888888888888884777444744444466555555555444444444444
           77777777777777777744444447777                   757    777568888888888865477774774444466555555555444444444444
           77777777777777777744444447777  7                            4888888888888865774777744466555555555544444444444
            7777777777777777744444447777                                768888888888888857 77777766555555555444444444444
            7777777777777777744444447777                                  688888888888888857 777765555555555544444444444
             7777777777777777444444477777                                  745555688888888884 77765555555555554444444444
              77777777777777744444447777777                                        7566888888777745555555555554444444444
              777777777777777444444477777777777                                        768886    75555555555554444444444
               777777777777744444444777777777777777                                    488884    75555555555555444444444
                77777777777744444444444777777777777777                               77888887    45555555555555444444444
                77777777777744444444444777777777777777777777777777777777           7774888867    45555555555555444444444
                 7777777777744444444477777777777777777777777777777777777777777777777775888847777745555555555555444444444
                  777777777444444477777777777777777777777777777777777777777777777777775888644777745555555555555544444444
                  777777777444477777777777777777777777777777777777777777777777777777775888444777745565655555555544444444
                   77777774447777777777777777777777777777777777777777777777777777777775888444444456666666655555554444444
                   77777744777777777777777777777777777777777777777777777777777777777775888444555666666666665555554444444
                    7777477777777777777777777777777777777777777777777777777777777777774455554555566666666665555555444444
                     777777777777777777777777777777777777777777777777777777777777777774445555564465566666655555555544444
                 777 777777777777777777777777777777777777777777777777777777777777777774444444554555566666655555555444444
               777777777777777        777777777777777777     77777777777777777777777777777444555565466666655555555544444
              77777777777                 777  77777          7777777777777777777777777777774455565688886665555555554444
