777447777777777777777774444444444444777777777777777                                     7777777    455555555555555554444
777777777777777777777774444444444444777777777777777                                    77777777    455555555555555554444
777777777777777777777774444444444444477777777777777                                    77777777    455555555555555554444
7777777777777777777777744444444444444777777777777777                                   77777777    455555555555555554444
77777777777777777777777444444444444447777777777777777                                  77777777    455555555555555554444
7777777777777777777777744444444444444477777777777777777                                 7777777    455555555555555554444
 7777777777777777777774444444444444444777777777777777777                               77777777    455555555555555455444
 77777777777777777777774444444444444447777777777777777777                           7 777777777    455555555555555444444
  77777777777777777777744444444444444477777777777777777777            77     777777777777777777    555555555555554444444
   77777777777777777777444444444444444477777777777777777777         777777777777777777777777777  77555555555555554444444
   777777777777777777774444444444444444777777777777777777777      777777777777777777777777777777 77555555555555545444444
    77777777777777777777444444444444444777777777777777777777      777777777777777777777777777777777555555555555544444444
    7777777777777777777744444444444444477777777             777                7777 744444477777774555555555555544444444
     77777777777777777774444444444444447 777                74554     7  77777777777688888888665446566555555554444444444
      7777777777777777774444444444444447 7                  445565    57     7777775888888888888868666554555554444444444
      7777777777777777744444444444444447 7                 555555665  7  77777777748888886888888888888554555554444444444
       777777777777777777444444444444477 7                 5565555667744444777444468888885445555568886544555554444444444
       777777777777777774444444444444477 7                  556555566555555544444488888888444444456655555555554444444444
        7777777777777777744444444444447777                  445655555555555555444588888888544444456555555555544444444444
         7777777777777777444444444444477777                 746665554455555555866688888888644444466555555555544444444444
         77777777777777777444444444447777 7                   4568655445555446888888888888644444466655555555444444444444
          7777777777777777444444444447777 7                      6888655554448888888888888544444466655555555544444444444
           777777777777777744444444447777 7                      6888666555458888888888888477744466655555555554444444444
           777777777777777744444444447777 7                       557    77745688888888888886577766655555555554444444444
            77777777777777744444444447777 7                                    46888888888888886465565555555554444444444
            77777777777777744444444447777 7                                      688888888888888886556555555554444444444
             7777777777777444444444447777                                         46888888888888888866655555555444444444
              777777777777744444444447777777                                        774444568888888886665555555444444444
              7777777777777444444444477777777777777777                                      7456888888665555554444444444
               77777777777744444444447777777777777777777777777                        7777777 46888886665555555444444444
                77777777777444444444444477777777777777777777777                    7777777777688888866655555555544444444
                777777777774444444444444777777777777777777777777777777777777 7777777777777776888886555555555555544444444
                 7777777777444444444477777777777777777777777777777777777777777777777777777468888855555555555555444444444
                 7777777777444444477777777777777777777777777777777777777777777777777777774688885745555555555555444444444
                  777777774444447777777777777777777777777777777777777777777777777777777746888677745556655555555544444444
                   77777744444777777777777777777777777777777777777777777777777777777777445685444456666866555555544444444
                   77777744777777777777777777777777777777777777777777777777777777777774444554555666666666665555544444444
                    7777477777777777777777777777777777777777777777777777777777777777777444455555566666666665555544444444
              7777  7774777777777777777777777777777777777777777777777777777777777777777774445564455566666655555554444444
             77777777777777777777777777777777777777777777777777777777777777777777777777777744565555566666655555554444444
          77777777777777777777777777777777777777777777777777777777777777777777777777777777774555555466666655555554444444
          77777777777777777777      777777777777777777777777777777777777777777777777777777774455565688886655555555544444
