7774477777777777777777777444444444477777777777                                           777777    455555555555544444444
777777777777777777777777744444444444777777777777                                         777777    455555555555444444444
7777777777777777777777777444444444447777777777777                                        777777    455555555555544444444
7777777777777777777777777444444444447777777777777                                       7777777    455555555555444444444
77777777777777777777777744444444444477777777777777                                     77777777    455555555555444444444
777777777777777777777777444444444444477777777777777                                    77777777    455555555555444444444
 77777777777777777777777444444444444477777777777777                                  7777777777    455555555554444444444
 77777777777777777777777444444444444477777777777777                                 77777777777    455555555554444444444
  7777777777777777777777444444444444477777777777777                    77777777    777777777777    555555555544444444444
   777777777777777777777744444444444477777777777777                   7777777777777777777777777   7555555555544444444444
   777777777777777777777744444444444477777777777777                7777777777777777777777777777  77555555555544444444444
    7777777777777777777774444444444447777777777777     7777       777777777777777777777777777777777555555555544444444444
    7777777777777777777774444444444447777777           77454                        766655547777774555555555544444444444
     77777777777777777777444444444444777               775555         77777777777775888888888865446566555555544444444444
      7777777777777777777444444444444777 7              555555       754777777777758888888888888888666554555544444444444
      7777777777777777777774444444444777 7             656555564      77777777777688888855688888888886554555444444444444
       777777777777777777774444444444777 7             66565445665555555444444445888888844444444568686544455444444444444
        77777777777777777774444444444777 7             48556555555555555644444448888888854444444456655555555444444444444
        77777777777777777777444444447777 7               445665544455555566444468888888854444444456555555555444444444444
         7777777777777777777444444447777                 556666555445555456866588888888845444444456655555555444444444444
         7777777777777777777744444447777                  75668888655554748888888888888644444444466655555555444444444444
          777777777777777777744444447777                      4888665544458888888888888574744444466655555555444444444444
           77777777777777777744444447777  7                    766555555468888888888888655777444466655555555444444444444
           77777777777777777744444447777  7                     57      774568888888888888864777466655555555544444444444
            7777777777777777744444447777                                     5888888888888888657765565555555444444444444
            77777777777777777444444477777                                     768888888888888888665555555555544444444444
             7777777777777777444444477777                                       7566655688888888886556555555554444444444
              77777777777777744444447777777                                              4566888888555555555554444444444
              777777777777774444444477777777777                                             4688886555555555554444444444
               7777777777777444444447777777777777777                                      768888855555555555555444444444
                7777777777774444444444477777777777777777                             77777688888445555555555555444444444
                7777777777774444444444477777777777777777777777777777777            7777774888884 45555555555555444444444
                 7777777777744444444477777777777777777777777777777777777777777777777777776888677745555555555555444444444
                  777777777444444477777777777777777777777777777777777777777777777777777758886777745555555555555544444444
                  777777777444447777777777777777777777777777777777777777777777777777777488864777745565655555555544444444
                   77777774447777777777777777777777777777777777777777777777777777777777446644444456666666655555554444444
                   77777744777777777777777777777777777777777777777777777777777777777774445554455666666666665555555444444
                    7777477777777777777777777777777777777777777777777777777777777777774444455565566666666665555555444444
                     777777777777777777777777777777777777777777777777777777777777777777777444565465566666665555555544444
                7777 777777777777777777777777777777777777777777777777777777777777777777777744555555566666655555555444444
               7777777777777777      77777777777777777777   777777777777777777777777777777744555565466666655555555544444
              777777777777                77777777777       777777777777777777777777777777774455566688886665555555554444
