77744777777777777777777774444444444777777777777                                           77777    455555555555555554444
777777777777777777777777774444444447777777777777                                         777777    455555555555555554444
7777777777777777777777777444444444447777777777777                                        777777    455555555555555554444
7777777777777777777777777444444444447777777777777                                         77777    455555555555555544444
77777777777777777777777744444444444477777777777777                                       777777    455555555555555554444
777777777777777777777777444444444444477777777777777                                     7777777    455555555555555555444
 77777777777777777777777444444444444477777777777777                                   777777777    455555555555555455444
 7777777777777777777777744444444444447777777777777                                   7777777777    555555555555555444444
  777777777777777777777774444444444447777777777777                      7   7777    77777777777    555555555555555444444
   77777777777777777777777444444444447777777777777                   77777777777777777777777777   7555555555555554444444
   7777777777777777777777444444444444777777777777                  7777777777777777777777777777  77555555555555555444444
    7777777777777777777774444444444447777777777777     77         777777777777777777777777777777777555555555555545444444
    7777777777777777777777444444444447777777           74547             777777     744477777777774565555555555554444444
     77777777777777777777744444444444777               7445664       777777777777774688888886654746666555555555554444444
      7777777777777777777744444444444777 7             44545665      754777777777768888888888888868666554555554444444444
      7777777777777777777744444444444777 7             565555665    7777777777774688888868888888888886554555555444444444
       777777777777777777774444444444777 7             75655556665555554444444458888888544455555568886544555555444444444
        77777777777777777774444444444777 7              4565555555555556544444488888888544444444756655555555554444444444
        77777777777777777777444444447777 7              7466655445555555566544688888888544444444456655555555544444444444
         7777777777777777777744444447777                  55865544555554568888888888888444444444456555555555554444444444
         7777777777777777777744444447777                    488865555544688888888888886444444444466555555555544444444444
          777777777777777777744444447777                    788866655444888888888888884744744444466555555555554444444444
           77777777777777777744444447777                     7664 777444688888888888864774777444466555555555554444444444
           77777777777777777774444447777                                 74688888888888865777774466555555555554444444444
            7777777777777777744444447777                                    68888888888888647777766655555555554444444444
            77777777777777777444444477777                                    5888888888888888577765555555555554444444444
             7777777777777777444444477777                                     746666888888888884765555555555555444444444
              77777777777777744444447777777                                           4688888888545555555555555544444444
              777777777777777444444477777777777                                          7468888675555555555555544444444
               7777777777777744444447777777777777                                       77768888775555555555555544444444
                77777777777774444444444777777777777777                                7774888884 45555555555555544444444
                777777777777444444444447777777777777777777777777777777777            7777888885  45555555555555544444444
                 7777777777744444444477777777777777777777777777777777777777777777777777758888677745555555555555444444444
                  777777777444444777777777777777777777777777777777777777777777777777777768886777745555555555555544444444
                  777777777444477777777777777777777777777777777777777777777777777777777488884777745565555555555544444444
                   77777774447777777777777777777777777777777777777777777777777777777777588854444456666666555555554444444
                   77777744777777777777777777777777777777777777777777777777777777777777568644555666666666665555544444444
                    7777477777777777777777777777777777777777777777777777777777777777774445544555566666666665555554444444
                     777777777777777777777777777777777777777777777777777777777777777774444555554555566666655555554444444
               77777 777777777777777777777777777777777777777777777777777777777777777777444444564555566666655555554444444
               7777777777777777       777777777777777777       777777777777777777777777777777555555466666655555555444444
              777777777777                    777777          7777777777777777777777777777777455565688886655555555544444
