777447777777777777777777744444444447777777777777                                          77777    455555555555554444444
7777777777777777777777774444444444447777777777777                                        777777    455555555555554444444
7777777777777777777777777444444444447777777777777                                        777777    455555555555554444444
77777777777777777777777744444444444477777777777777                                       777777    455555555555544444444
77777777777777777777777744444444444447777777777777                                      7777777    455555555555444444444
777777777777777777777777444444444444477777777777777                                     7777777    455555555555444444444
 77777777777777777777777444444444444477777777777777                                    77777777    455555555555544444444
 777777777777777777777774444444444444777777777777777                                   77777777    455555555555444444444
  77777777777777777777774444444444444777777777777777                         7777    7777777777    555555555554444444444
   7777777777777777777777444444444444777777777777777 7                  7 777777777777777777777   7555555555554444444444
   7777777777777777777777444444444444777777777777777                777777777777777777777777777  77555555555554444444444
    777777777777777777777444444444444477777777777777               77777777777777777777777777777777555555555554444444444
    7777777777777777777777444444444444777777              7447               777    745554447777774555555555544444444444
     77777777777777777777444444444444777                  74454       77777777777774688888888865446566555555544444444444
      7777777777777777777444444444444777 7                4454564     54    77777776888888888888888666554555544444444444
      7777777777777777777744444444444777 7               456555566    77777777777768888866888888888888554555544444444444
       777777777777777777774444444444777 7               765655556655555554444444588888864445555568686544555544444444444
        77777777777777777774444444444777 7                75565555555555556544444888888885444444456655555555544444444444
        77777777777777777777444444444777 7                 4456555445555555565445888888886444444456655555555444444444444
         7777777777777777777444444447777                   7465665544455554558866888888886444444466655555555444444444444
         7777777777777777777744444447777                     74688665555547468888888888886444444466655555555444444444444
          777777777777777777744444447777                        58886554444588888888888885744444466655555555444444444444
           77777777777777777744444447777  7                     76864455544688888888888885777744466655555555444444444444
           77777777777777777744444447777                         74      7 756888888888888885477466655555555544444444444
            7777777777777777744444447777                                      768888888888888865765665555555454444444444
            77777777777777777444444477777                                       5888888888888888865566555555544444444444
             7777777777777777444444477777                                        758888888888888888656655555554444444444
              77777777777777744444447777777                                          77777568888888886655555554444444444
              7777777777777744444444777777777777                                            7458888886655555554444444444
               7777777777777744444447777777777777777                                        7588888866555555555444444444
                777777777777444444444447777777777777777                              77777748888886555555555555444444444
                777777777777444444444447777777777777777777777777777777777          7777777788888855555555555554444444444
                 7777777777744444444477777777777777777777777777777777777777777777777777777688886745555555555555444444444
                  777777777444444477777777777777777777777777777777777777777777777777777746888647745555555555555444444444
                  777777777444477777777777777777777777777777777777777777777777777777777768886777745565655555555544444444
                   77777774447777777777777777777777777777777777777777777777777777777777445664444456666666655555554444444
                   77777744777777777777777777777777777777777777777777777777777777777774444554455666666666665555544444444
                    7777477777777777777777777777777777777777777777777777777777777777774444455555566666666665555554444444
                    7777777777777777777777777777777777777777777777777777777777777777777777444564465566666655555554444444
                7777 777777777777777777777777777777777777777777777777777777777777777777777744555555566666655555555444444
               77777777777777777     777777777777777777 7  7777777777777777777777777777777774555555466666655555555544444
              777777777777              7 77777777777       777777777777777777777777777777777455565688886665555555554444
