777447777777777777777777444444444447777777777777                                          77777    455555555555555554444
7777777777777777777777774444444444447777777777777                                        777777    455555555555555444444
77777777777777777777777744444444444477777777777777                                       777777    455555555555555444444
77777777777777777777777744444444444477777777777777                                      7777777    455555555555554444444
777777777777777777777777444444444444477777777777777                                     7777777    455555555555544444444
7777777777777777777777744444444444444777777777777777                                    7777777    455555555555544444444
 777777777777777777777444444444444444777777777777777                                   77777777    455555555555544444444
 77777777777777777777774444444444444477777777777777777            77777                77777777    455555555555544444444
  77777777777777777777774444444444444777777777777777777          777777777 77777        7777777    555555555555444444444
   7777777777777777777774444444444444477777777777777777         77777777777777777       777777     555555555554444444444
   77777777777777777777444444444444444777777777777777777  7    7777777777777777777777777777777     555555555554444444444
    777777777777777777774444444444444477777777744547777777777  77777777777777777777777777777777  77555555555554444444444
    7777777777777777777744444444444444777777  74545565          7777777777777              77777774555555555544444444444
     77777777777777777774444444444444477 7    7555556654        77777747777777777777777777777777746555555555544444444444
      7777777777777777774444444444444477 7     4655556667 77777 77777754777777777744555445555444446565554555544444444444
      7777777777777777774444444444444477 7      565555666555555577447747777775568888888888888888888886554555544444444444
       777777777777777777444444444444477 7      756655545555555555544444445688888888888888888888888886544555444444444444
        77777777777777777744444444444477 7      745666554455555445886654688888888888864455666555456665555555444444444444
        77777777777777777744444444444777 7        7668665555554448888888888888888886444474777777756555555555444444444444
         7777777777777777774444444444777 7          76888655554458888888888888888644777474777777756555555555444444444444
         7777777777777777777444444444777  7          4888665555568888888888888864777777774777777756555555554444444444444
          777777777777777777444444447777  7            667      74688888888886777777777774777777755555555554444444444444
           77777777777777777444444447777  7                        588888888885  777777774777777755555555555444444444444
           777777777777777774444444477777 7                        7688888888885     77777777777755555555555444444444444
            77777777777777774444444477777 7                          588888888885     7777 77777765555555554444444444444
            77777777777777774444444477777 7                            74688888884            77765555555555444444444444
             7777777777777777444444477777                                 488888887            7765555555555444444444444
              77777777777777744444447777777                                 5888885      777    745555555555444444444444
              77777777777777444444447777777777777                            4688887             75555555555444444444444
               77777777777774444444447777777777777777                         768884777777777    75555555555544444444444
                77777777777744444444444477777777777777777  777                 58886777777777    45555555555544444444444
                777777777777444444444447777777777777777777777777777777777      48888577777777    45555555555554444444444
                 7777777777444444444477777777777777777777777777777777777777777776888847777777777745555555555554444444444
                  777777777444444477777777777777777777777777777777777777777777774888864444444777745555555555555444444444
                  777777774444447777777777777777777777777777777777777777777777777588884774444777745555555555555444444444
                   77777774447777777777777777777777777777777777777777777777777777748886774444444456666666555555544444444
                   77777744777777777777777777777777777777777777777777777777777777775888674444555666666666665555544444444
                    7777477777777777777777777777777777777777777777777777777777777777588854444455566666666665555554444444
                    7777777777777777777777777777777777777777777777777777777777777777754455555564555566666655555554444444
               77777 777777777777777777777777777777777777777777777777777777777777777774444554564555566666655555555444444
              7777777777777777777   777777777777777777777777777777777777777777777777777454444555555466666655555555544444
              777777777777            77777777777777777777  777777777777777777777777777777777455566688886665555555554444
