77744777777777777777777744444444444777777777777                                           77777    455555555555555554445
7777777777777777777777774444444444447777777777777                                        777777    455555555555555554444
7777777777777777777777774444444444447777777777777                                         77777    455555555555555544444
77777777777777777777777744444444444477777777777777                                       777777    455555555555555544444
777777777777777777777777444444444444477777777777777                                     7777777    455555555555555544444
777777777777777777777774444444444444477777777777777                                     7777777    455555555555555554444
 77777777777777777777744444444444444477777777777777                                     7777777    455555555555555445444
 777777777777777777777744444444444444777777777777777                                    7777777    555555555555555444444
  77777777777777777777774444444444444777777777777777             7777777                7777777    555555555555554444444
   7777777777777777777774444444444444777777777777777 7          777777777777777         777777     555555555555554444444
   777777777777777777774444444444444477777777777777777     7   7777777777777777777777777777777     555555555555544444444
    7777777777777777777744444444444444777777744477777777  777  77777777777777777777777777777777   7555555555555544444444
    7777777777777777777744444444444444777777774455557           77777777777                  777777555555555555444444444
     77777777777777777774444444444444477     445455664         777777777777777777777777777777777746555555555555444444444
      7777777777777777774444444444444477 7   7655556665        777777754777 77777777777777777777746665554555554444444444
      7777777777777777774444444444444477 7    75655566655555554774777747777777444444555555566666668886554555554444444444
       777777777777777777444444444444477 7     4655555555555555555444444455688888888888888888888888888544555555444444444
       777777777777777777444444444444777 7     4566655444555554468886556888888888888888888888888668666555555554444444444
        77777777777777777744444444444777 7      756866554555544588888888888888888888655455555447756555555555544444444444
         7777777777777777774444444444777           488886555544688888888888888888854444444777777756555555555544444444444
         7777777777777777774444444447777           788886665555688888888888888865444444444777777756555555555544444444444
          777777777777777777444444447777  7          7867      746888888888884777777777774777777756555555555544444444444
           77777777777777777444444447777  7                       588888888888477777777774777777755555555555544444444444
           77777777777777777744444447777  7                        6888888888884   7777774777777765555555555554444444444
            77777777777777774444444477777                           4688888888885     7777 77777765555555555554444444444
            77777777777777774444444477777                              74588888885           777765555555555544444444444
             7777777777777777444444477777                                 768888887            7765555555555554444444444
              77777777777777744444447777777                                 7588888      7777  7745555555555555444444444
              7777777777777744444444777777777777                              788884    7       775555555555554444444444
               7777777777777444444447777777777777777                           58886777777777    75555555555555444444444
                7777777777774444444444447777777777777777   7                   78888477777777    45555555555555544444444
                777777777777444444444447777777777777777777777777777777777      76888877777777    45555555555555544444444
                 7777777777744444444477777777777777777777777777777777777777777774888867777777777745555555555555544444444
                  777777777444444477777777777777777777777777777777777777777777777488885444444777745555555555555544444444
                  777777777444447777777777777777777777777777777777777777777777777748888774444777745555555555555544444444
                   77777774447777777777777777777777777777777777777777777777777777774888674444444456666666555555554444444
                   77777744777777777777777777777777777777777777777777777777777777777488854444555666666666665555544444444
                    7777477777777777777777777777777777777777777777777777777777777777744455544455566666666665555554444444
                    7777777777777777777777777777777777777777777777777777777777777777774444555564565566666655555554444444
               77777 777777777777777777777777777777777777777777777777777777777777777774454444564555566666655555554444444
              77777777777777777      77777777777777777777777777777777777777777777777777777774555565466666655555555544444
              7777777777777            7777777777777777777   77777777777777777777777777777777455566688886665555555554444
