77744777777777777777777774444444444777777777777                                           77777    455555555555544444444
7777777777777777777777774444444444447777777777777                                        777777    455555555555544444444
7777777777777777777777777444444444447777777777777                                        777777    455555555555544444444
77777777777777777777777744444444444477777777777777                                       777777    455555555555444444444
777777777777777777777777444444444444777777777777777                                     7777777    455555555555444444444
7777777777777777777777774444444444444777777777777777                                    7777777    455555555555444444444
 777777777777777777777774444444444444777777777777777                                    7777777    455555555554444444444
 777777777777777777777774444444444444777777777777777                                   77777777    455555555554444444444
  77777777777777777777774444444444444777777777777777                         77777    777777777    555555555544444444444
   7777777777777777777777444444444444777777777777777 7                    777777777777777777777    555555555544444444444
   7777777777777777777777444444444444777777777777777                777777777777777777777777777  77555555555544444444444
    7777777777777777777774444444444444777777777777777      7      777777777777777777777777777777777555555555544444444444
    7777777777777777777774444444444444777777              7454                77    755555547777774555555555544444444444
     77777777777777777777444444444444777                  774457      77777777777777688888888865446566555555544444444444
      7777777777777777777444444444444777 7                44554547    57    77777776888888888888888666554555544444444444
      7777777777777777777744444444444777 7                655555567   77777777777758888866688888888888554555544444444444
       777777777777777777774444444444777 7                85565555655444554744444488888884445555568686444555544444444444
        77777777777777777774444444444777 7                76565445555555556544444688888886444444456655555555444444444444
        77777777777777777777444444444777 7                 4456655544555555565444688888888444444456655555555444444444444
         7777777777777777777444444447777                   7456666544455555456855888888888444444466655555555444444444444
         7777777777777777777744444447777                     75568666555554458888888888888444444466655555555444444444444
          777777777777777777744444447777  7                     76888655544468888888888888744444466655555555444444444444
           77777777777777777744444447777  7                      4885555554488888888888888477744466655555555444444444444
           77777777777777777744444447777  7                       47     77746888888888888886547766655555555544444444444
            77777777777777777444444477777                                      58888888888888886465565555555444444444444
            77777777777777774444444477777                                       7688888888888888886566555555544444444444
             7777777777777777444444477777                                         46888888888888888866655555544444444444
              77777777777777744444447777777                                          77777458888888886655555554444444444
              7777777777777774444444777777777777                                             758888886655555554444444444
               7777777777777444444447777777777777777                                        7588888866655555555444444444
                777777777777444444444447777777777777777    7                         77777776888888555555555555444444444
                77777777777744444444444777777777777777777777777777777777           7777777768888865555555555554444444444
                 7777777777744444444477777777777777777777777777777777777777777777777777777688886745555555555555444444444
                  777777777444444477777777777777777777777777777777777777777777777777777746888647745555555555555444444444
                  777777777444477777777777777777777777777777777777777777777777777777777758885777745566655555555544444444
                   77777774447777777777777777777777777777777777777777777777777777777774445654444456666666655555554444444
                   77777744777777777777777777777777777777777777777777777777777777777774444554455666666666665555554444444
                    7777477777777777777777777777777777777777777777777777777777777777777444445565566666666665555554444444
                     777777777777777777777777777777777777777777777777777777777777777777777444565465566666665555555444444
               77777 777777777777777777777777777777777777777777777777777777777777777777777744555555566666655555555444444
               7777777777777777      7777777777777777777    777777777777777777777777777777774555565466666655555555544444
              777777777777              7777777777777       777777777777777777777777777777777455565688886665555555554444
