777447777777777777777777744444444447777777777                                              7777    455555555555544444444
77777777777777777777777744444444444777777777777                                          777777    455555555555444444444
777777777777777777777777744444444444777777777777                                         777777    455555555555544444444
7777777777777777777777774444444444447777777777777                                       7777777    455555555555444444444
77777777777777777777777744444444444477777777777777                                      7777777    455555555554444444444
777777777777777777777774444444444444777777777777777                                     7777777    455555555555444444444
 77777777777777777777774444444444444777777777777777                                     7777777    455555555554444444444
 77777777777777777777777444444444444477777777777777                                      777777    455555555544444444444
  7777777777777777777777444444444444477777777777777            7    77777                77777     555555555544444444444
   7777777777777777777774444444444444777777777777777 7         777777777777              77777     555555555544444444444
   77777777777777777777444444444444447777777777777777      7   77777777777777            77777     555555555444444444444
    777777777777777777774444444444444777777445547777777   7777777777777777777777       7777777    7555555555444444444444
    7777777777777777777744444444444444777777455557            777777777777                    77777555555555444444444444
     77777777777777777774444444444444477   7555555577         7777777777777777777777777777777777746555555555444444444444
      7777777777777777774444444444444477 7  75655556647 77447 7777777754777   777777777777777777746555554555444444444444
      7777777777777777774444444444444477 7   456554555555555554477777747777445566666666666668886668886554555444444444444
       777777777777777777444444444444477 7   755665554445555555565544444568888888888888888888888888886544555444444444444
        77777777777777777744444444444777 7     4566655544555544588888888888888888888888888888886666665555555444444444444
        77777777777777777744444444444777 7     4566886865555544688888888888888888886544444444477756555555555444444444444
         7777777777777777774444444444777         46688886655544888888888888888886544444474777777756555555554444444444444
         7777777777777777777444444444777  7         75686655555688888888888886547777777774777777756555555554444444444444
          777777777777777777444444447777  7           486       75888888888857777777777774777777755555555554444444444444
           77777777777777777444444447777  7                       5888888888867  777777774777777755555555554444444444444
           777777777777777774444444477777 7                        5888888888867    777777 77777755555555555444444444444
            77777777777777774444444477777 7                          456888888867        7   777 55555555554444444444444
            77777777777777774444444477777 7                              58888886                55555555555444444444444
             7777777777777777444444477777                                 76888884               65555555555544444444444
              77777777777777444444447777777                                 768888       777   7745555555555444444444444
              7777777777777744444444777777777777                              68884              75555555555544444444444
               77777777777774444444447777777777777777                         488887777777777    45555555555544444444444
                7777777777774444444444477777777777777777   77                 788886777777777    45555555555555444444444
                777777777777444444444444777777777777777777777777777777777      58888677777777    45555555555554444444444
                 7777777777444444444477777777777777777777777777777777777777777775888857777777777745555555555555444444444
                  777777777444444477777777777777777777777777777777777777777777777588884444444777745555555555555544444444
                  777777774444447777777777777777777777777777777777777777777777777748886474444477445555555555555554444444
                   77777774447777777777777777777777777777777777777777777777777777774688644444444456666666655555554444444
                   77777744777777777777777777777777777777777777777777777777777777777466554444455666666666665555555444444
                    7777477777777777777777777777777777777777777777777777777777777777744444555555566666666665555555444444
                    7777777777777777777777777777777777777777777777777777777777777777774455544564565566666665555555544444
               77777 777777777777777777777777777777777777777777777777777777777777777777447444555565566666655555555544444
              777777777777777777     77777777777777777777777777777777777777777777777777777444555565466666665555555544444
              777777777777             777777777777777 77  7777777777777777777777777777777744455566688886665555555554444
