7774477777777777777777774444444444477777777777777                                        777777    455555555555555544444
77777777777777777777777744444444444477777777777777                                       777777    455555555555555444444
77777777777777777777777744444444444477777777777777                                      7777777    455555555555554444444
777777777777777777777777444444444444477777777777777                                     7777777    455555555555554444444
7777777777777777777777744444444444444777777777777777                                   77777777    455555555555544444444
77777777777777777777777444444444444447777777777777777                                 777777777    455555555555544444444
 77777777777777777777744444444444444447777777777777777                 7           777777777777    455555555555544444444
 777777777777777777777744444444444444477777777777777777              7777777       777777777777    455555555555444444444
  77777777777777777777744444444444444477777777777777777             777777777777 77777777777777    555555555555444444444
   77777777777777777777444444444444444777777777777777777          77777777777777777777777777777    555555555554444444444
   777777777777777777774444444444444447777777777777777777        777777777777777777777777777777   7555555555554444444444
    77777777777777777777444444444444444777777777777774447777     7777777777777777777777777777777777555555555554444444444
    77777777777777777777444444444444444777777       77445547         77777777777           77777774555555555544444444444
     77777777777777777774444444444444477 77          45545667       7777777777777774688666665447746555555555544444444444
      7777777777777777774444444444444447 7           465555665       754777777777468888888888888666666554555544444444444
      7777777777777777774444444444444477 7           7565555664444444744777777746888888888888888888886554555444444444444
       777777777777777777444444444444477 7            456555556555555544444444588888888445566666668886444555444444444444
       777777777777777777444444444444477 7            445655544555555566544445888888885444444777756555555555444444444444
        77777777777777777444444444444477 7             46686554455555456865568888888884444444777756555555554444444444444
         7777777777777777744444444444777 77              468866555554458888888888888854444444447756555555554444444444444
         77777777777777777744444444447777 7                8888655544488888888888888644444744444456555555554444444444444
          7777777777777777774444444447777 7                4886555555588888888888886777774744444466555555554444444444444
           777777777777777774444444447777 7                 44     77746888888888886547774777444466555555554444444444444
           777777777777777774444444477777 7                             468888888888886577 77777466555555555444444444444
            77777777777777744444444477777 7                              768888888888888857 7777765555555554444444444444
            77777777777777744444444477777 7                                588888888888888857 77765555555555444444444444
             7777777777777774444444477777                                    45555588888888884 7765555555555544444444444
              777777777777774444444477777777                                        756688888877745555555555444444444444
              77777777777777444444444777777777777777                                    7688867  75555555555544444444444
               777777777777744444444477777777777777777     777                         7588887   75555555555544444444444
                77777777777744444444444477777777777777777777777                     777488886    45555555555555444444444
                7777777777774444444444477777777777777777777777777777777777     77777777688884    45555555555554444444444
                 7777777777444444444477777777777777777777777777777777777777777777777777888867777745555555555555444444444
                 7777777777444444477777777777777777777777777777777777777777777777777774888844777745555555555555444444444
                  777777774444447777777777777777777777777777777777777777777777777777774888644777745565655555555544444444
                   77777774447777777777777777777777777777777777777777777777777777777775888544444456666666655555544444444
                   77777744777777777777777777777777777777777777777777777777777777777775688444555666666666665555544444444
                    7777477777777777777777777777777777777777777777777777777777777777774455554555566666666665555554444444
                 7  7777777777777777777777777777777777777777777777777777777777777777774445555564465566666655555554444444
              777777 777777777777777777777777777777777777777777777777777777777777777774444444555555566666655555555444444
             77777777777777777777777777777777777777777777777777777777777777777777777777777444555565466666655555555544444
            7777777777777777         77777777777777777777777777777777777777777777777777777774455565688886665555555554444
