77744777777777777777777774444444444777777777777                                            7777    455555555555555554444
7777777777777777777777774444444444447777777777777                                         77777    455555555555555544444
7777777777777777777777777444444444447777777777777                                         77777    455555555555555444444
7777777777777777777777774444444444447777777777777                                         77777    455555555555555444444
77777777777777777777777744444444444477777777777777                                       777777    455555555555554444444
777777777777777777777777444444444444477777777777777                                     7777777    455555555555554444444
 77777777777777777777777444444444444477777777777777                                     7777777    455555555555554444444
 777777777777777777777774444444444444777777777777777                                    7777777    455555555555544444444
  7777777777777777777777444444444444477777777777777                                     7777777    555555555555544444444
   7777777777777777777774444444444444777777777777777 7          777777777777            777777     555555555555544444444
   77777777777777777777744444444444447777777777777777           7777777777777777      77777777     555555555555444444444
    777777777777777777774444444444444477777777447777777    7   777777777777777777        77777    7555555555554444444444
    7777777777777777777744444444444444777777774454447           77777777                        777555555555554444444444
     77777777777777777777444444444444477     445456667          7777777777777777  77777777777777746555555555554444444444
      7777777777777777774444444444444477 7   7555556665         7777 7577         77777777777777746665554555554444444444
      7777777777777777777444444444444477 7    76655566647444547777777777777777777744444455556666668886554555544444444444
       777777777777777777444444444444477 7     4655555555555555544444444444566888888888888888888888888544555554444444444
        77777777777777777744444444444777 7     7456555445555555556655444688888888888888888888888668666555555554444444444
        77777777777777777774444444444777 7      756666544455554468888888888888888888865555555547756555555555544444444444
         7777777777777777774444444444777          4588865555544588888888888888888865444444777777756555555555544444444444
         7777777777777777777444444447777            68886665555688888888888888886444444444777777756555555555444444444444
          777777777777777777744444447777            74686777744468888888888886477777777774777777756555555555544444444444
           77777777777777777744444447777  7           77         7588888888885777777777774777777755555555555554444444444
           77777777777777777744444447777  7                        6888888888867  77777774777777765555555555544444444444
            7777777777777777744444447777                            6888888888867    77777777777765555555555554444444444
            77777777777777774444444477777                            7456888888867          7777765555555555544444444444
             7777777777777777444444477777                                 58888886            77765555555555554444444444
              77777777777777744444447777777                                75888885      7777 77745555555555554444444444
              777777777777777444444477777777777                              7688887   777      775555555555554444444444
               777777777777774444444777777777777777                            68884777777777    75555555555555444444444
                7777777777774444444444477777777777777777                       48886777777777    45555555555555444444444
                777777777777444444444447777777777777777777777777777777777      78888577777777    45555555555555544444444
                 7777777777744444444477777777777777777777777777777777777777777776888847777777777745555555555555444444444
                  777777777444444477777777777777777777777777777777777777777777774688864444444777745555555555555544444444
                  777777777444477777777777777777777777777777777777777777777777777468885774444777745555555555555544444444
                   77777774447777777777777777777777777777777777777777777777777777746888474444444456666666555555554444444
                   77777744777777777777777777777777777777777777777777777777777777774688844444555666666666665555544444444
                    7777477777777777777777777777777777777777777777777777777777777777486554444455566666666665555554444444
                     777777777777777777777777777777777777777777777777777777777777777774444555564565566666655555554444444
               77777 777777777777777777777777777777777777777777777777777777777777777774445544564555566666655555555444444
               7777777777777777      7777777777777777777777  77777777777777777777777777444444555565466666655555555544444
              777777777777             777777777777777       77777777777777777777777777777777455565688886665555555554444
