77744777777777777777777774444444444777777777777                                            7777    455555555555555554444
7777777777777777777777774444444444447777777777777                                         77777    455555555555555554444
7777777777777777777777777444444444447777777777777                                         77777    455555555555555444444
77777777777777777777777744444444444477777777777777                                        77777    455555555555555544444
77777777777777777777777744444444444447777777777777                                       777777    455555555555555544444
777777777777777777777774444444444444477777777777777                                      777777    455555555555555554444
 77777777777777777777774444444444444477777777777777                                     7777777    455555555555555445444
 77777777777777777777774444444444444477777777777777                                     7777777    555555555555555444444
  7777777777777777777777444444444444477777777777777               77777                 7777777    555555555555554444444
   777777777777777777777444444444444477777777777777  7          777777777777777         777777     555555555555554444444
   77777777777777777777444444444444447777777777777777          7777777777777777777 77777777777     555555555555545444444
    777777777777777777774444444444444477777777444777777    7   77777777777777777777777777777777   7555555555555544444444
    7777777777777777777744444444444444777777 74445557           77777777777                  777777555555555555444444444
     77777777777777777774444444444444477     7455456647        777777777777777777777777777777777746555555555555444444444
      7777777777777777774444444444444477 7    555555666         7777775477  77777777777777777777746665554555554444444444
      7777777777777777777444444444444477 7     5655556655555554774777747777777444555555555666666668886554555555444444444
       777777777777777777444444444444477 7     4565555555555555555444444445688888888888888888888888888544555555444444444
        77777777777777777744444444444777 7     7466655444555554458886545688888888888888888888888668666555555554444444444
        77777777777777777774444444444777 7      756866554555544488888888888888888888654445555447756555555555544444444444
         7777777777777777774444444444777           468886555544588888888888888888854444444777777756555555555544444444444
         7777777777777777777444444447777            68886665555688888888888888865444444444777777756555555555544444444444
          777777777777777777744444447777             7864    77756888888888885777777777774777777756555555555544444444444
           77777777777777777444444447777  7                       488888888888477777777774777777755555555555554444444444
           77777777777777777744444447777  7                        5888888888885   7777774777777765555555555554444444444
            7777777777777777444444447777                            46888888888867   77777 77777765555555555554444444444
            77777777777777774444444477777                             7745888888867          777765555555555554444444444
             7777777777777777444444477777                                  58888886            7765555555555555444444444
              77777777777777744444447777777                                  5888885    77777  7745555555555555444444444
              777777777777774444444477777777777                               768886    77      775555555555554444444444
               777777777777744444444777777777777777                            78888777777777    75555555555555444444444
                7777777777774444444444477777777777777777                        6888677777777    45555555555555544444444
                777777777777444444444447777777777777777777777777777777777       5888847777777    45555555555555544444444
                 7777777777744444444477777777777777777777777777777777777777777774688887777777777745555555555555544444444
                  777777777444444477777777777777777777777777777777777777777777777488885444444777745555555555555544444444
                  777777774444477777777777777777777777777777777777777777777777777748888774444777745555555555555544444444
                   77777774447777777777777777777777777777777777777777777777777777774888674444444456666666555555554444444
                   77777744777777777777777777777777777777777777777777777777777777777588854444555666666666665555544444444
                    7777477777777777777777777777777777777777777777777777777777777777755455444455566666666665555554444444
                     777777777777777777777777777777777777777777777777777777777777777774444555564565566666655555554444444
               77777 777777777777777777777777777777777777777777777777777777777777777774455444564555566666655555555444444
               7777777777777777      77777777777777777777777 77777777777777777777777777777774555565466666655555555544444
              777777777777             777777777777777  7    77777777777777777777777777777777455565688886665555555554444
