777447777777777777777777744444444447777777777                                             77777    455555555555544444444
777777777777777777777777774444444447777777777777                                         777777    455555555555444444444
7777777777777777777777777444444444447777777777777                                        777777    455555555555544444444
7777777777777777777777777444444444447777777777777                                       7777777    455555555555444444444
77777777777777777777777774444444444477777777777777                                      7777777    455555555555444444444
777777777777777777777777444444444444777777777777777                                    77777777    455555555555444444444
 77777777777777777777777444444444444777777777777777                                  7 77777777    455555555554444444444
 7777777777777777777777744444444444447777777777777                                7777777777777    455555555544444444444
  77777777777777777777777444444444444777777777777                    77777      777777777777777    555555555544444444444
   7777777777777777777777444444444444777777777777                   77777777   7777777777777777    555555555544444444444
   7777777777777777777777444444444444777777777777                  7777777777777777777777777777   7555555555544444444444
    777777777777777777777444444444444777777777777  77447          777777777777777777777777777777777555555555544444444444
    777777777777777777777444444444444777777         74454             7777          744777   777774555555555544444444444
     77777777777777777777444444444444777            745455           777777777777775888888886654746565555555544444444444
      7777777777777777777744444444444777 7          75555557         754777   777468888888888888868666554555544444444444
      7777777777777777777744444444444777 7          5665555557   7777747777777746888888868888888888886554555544444444444
       777777777777777777774444444444777 7          56565445556555555474444444588888888444555555568886544555444444444444
        77777777777777777774444444444777 7           6556655544555555554444445888888885444444777756655555555444444444444
        77777777777777777774444444444777 7            445665544455555556644448888888885444444477756555555555444444444444
         7777777777777777777444444447777              456666665555554446888668888888864444444444456555555555444444444444
         7777777777777777777744444447777                7566888655554458888888888888844444444444466555555555444444444444
          777777777777777777744444447777                   7688666554468888888888888577774744444466555555555444444444444
           77777777777777777744444447777  7                  68577444458888888888888654774774444466555555555444444444444
           77777777777777777744444447777  7                  77         468888888888888854 77774466555555555444444444444
            7777777777777777744444447777                                  4888888888888888647777765555555555444444444444
            77777777777777777444444477777                                  768888888888888886477765555555555544444444444
             7777777777777777444444477777                                    7445545688888888867765555555555544444444444
              77777777777777744444447777777                                           7456888884745555555555544444444444
              777777777777777444444477777777777                                          768886  75555555555554444444444
               7777777777777744444447777777777777777                                    7888887  75555555555555444444444
                777777777777444444444447777777777777777                              777688885   45555555555555444444444
                7777777777774444444444477777777777777777777777777777777            77774888887   45555555555555544444444
                 7777777777744444444477777777777777777777777777777777777777777777777777588884777745555555555555444444444
                  777777777444444477777777777777777777777777777777777777777777777777777688854777745555555555555544444444
                  777777777444447777777777777777777777777777777777777777777777777777777688644777745565655555555554444444
                   77777774447777777777777777777777777777777777777777777777777777777774888544444456666666655555554444444
                   77777744777777777777777777777777777777777777777777777777777777777774456544455666666666665555555444444
                    7777477777777777777777777777777777777777777777777777777777777777774445555555566666666665555555444444
                     777777777777777777777777777777777777777777777777777777777777777774444444564465566666665555555544444
                7777 777777777777777777777777777777777777777777777777777777777777777777777744555555566666655555555544444
               777777777777777       777777777777777777     777777777777777777777777777777744555565466666655555555544444
              77777777777                 777 777 7         777777777777777777777777777777774455565688886665555555554444
