777447777777777777777777744444444447777777777                                            777777    455555555555444444444
777777777777777777777777744444444444777777777777                                         777777    455555555555444444444
7777777777777777777777777744444444447777777777777                                        777777    455555555555544444444
77777777777777777777777774444444444477777777777777                                       777777    455555555555444444444
77777777777777777777777744444444444477777777777777                                      7777777    455555555554444444444
777777777777777777777777444444444444477777777777777                                    77777777    455555555554444444444
 77777777777777777777777444444444444477777777777777                                 77777777777    455555555554444444444
 77777777777777777777777444444444444477777777777777                                777777777777    455555555544444444444
  7777777777777777777777444444444444477777777777777                   777777      7777777777777    555555555544444444444
   777777777777777777777744444444444477777777777777                 77777777777 777777777777777    555555555544444444444
   77777777777777777777774444444444447777777777777                 7777777777777777777777777777  77555555555544444444444
    77777777777777777777744444444444477777777777777  7777         777777777777777777777777777777777555555555444444444444
    7777777777777777777777444444444447777777         77454               77         756554447777777555555555544444444444
     77777777777777777777744444444444777              745457         777777777777775888888888865446566555555444444444444
      7777777777777777777744444444444777 7            45555547       754777777777468888888888888888666554455544444444444
      7777777777777777777744444444444777 7            656555564     7777777777774888888856888888888886554455444444444444
       777777777777777777774444444444777 7            655654456655555554444444458888888544444545568686544455444444444444
        77777777777777777774444444444777 7             55665555455555565544444488888888544444447756655555555444444444444
        77777777777777777777444444447777 7             74456655444555555565444688888888544444444756555555555444444444444
         7777777777777777777444444447777                4566666554555544588886888888888444444444456555555555444444444444
         7777777777777777777744444447777                  45668886555544588888888888885444444444466555555555444444444444
          777777777777777777744444447777                     48886655444688888888888884774744444466555555555444444444444
           77777777777777777744444447777                      7864744444688888888888885474777444466555555555444444444444
           77777777777777777744444447777  7                    7         74688888888888886477777466555555555444444444444
            7777777777777777744444447777                                    68888888888888885777765555555555444444444444
            77777777777777777444444477777                                    4888888888888888857765555555555544444444444
             7777777777777777444444477777                                      45555568888888888465555555555554444444444
              77777777777777744444447777777                                            756688888855555555555544444444444
              777777777777777444444477777777777                                            58888575555555555554444444444
               7777777777777744444447777777777777777                                     7688886775555555555555444444444
                777777777777444444444447777777777777777                              77776888867 45555555555555444444444
                7777777777774444444444477777777777777777777777777777777             77774888887  45555555555555544444444
                 7777777777744444444477777777777777777777777777777777777777777777777777758888777745555555555555544444444
                  777777777444444477777777777777777777777777777777777777777777777777777488884777745555555555555544444444
                  777777777444477777777777777777777777777777777777777777777777777777777588854777745565655555555554444444
                   77777774447777777777777777777777777777777777777777777777777777777777568644444456666666655555554444444
                   77777744777777777777777777777777777777777777777777777777777777777774445544555666666666665555555444444
                    7777477777777777777777777777777777777777777777777777777777777777774444455565566666666665555555444444
                     777777777777777777777777777777777777777777777777777777777777777777444444564565566666665555555544444
                7777 777777777777777777777777777777777777777777777777777777777777777777777744554555566666655555555544444
               777777777777777        7777777777777777      777777777777777777777777777777744555565466666655555555544444
              77777777777                      77  7        777777777777777777777777777777774455566688886665555555554444
