77744777777777777777777444444444444477777777777777                                      7777777    455555555555555554444
777777777777777777777774444444444444777777777777777                                     7777777    455555555555555554444
777777777777777777777774444444444444477777777777777                                    77777777    455555555555555444444
7777777777777777777777744444444444444777777777777777                                   77777777    455555555555555544444
77777777777777777777777444444444444447777777777777777                                  77777777    455555555555555544444
7777777777777777777777744444444444444477777777777777777                                77777777    455555555555555554444
 7777777777777777777774444444444444444777777777777777777                             7777777777    455555555555555444444
 77777777777777777777744444444444444447777777777777777777                       777777777777777    455555555555555444444
  7777777777777777777774444444444444447777777777777777777                    777777777777777777    555555555555554444444
   7777777777777777777744444444444444477777777777777777777           7777 777777777777777777777  77555555555555544444444
   77777777777777777777444444444444444777777777777777777777        77777777777777777777777777777777555555555555544444444
    77777777777777777777444444444444444777777777777777777777  77  777777777777777777777777777777774555555555555444444444
    777777777777777777774444444444444447777777               74557            777777745555544777774555555555555444444444
     77777777777777777774444444444444447 77                  745557   7  77777777777688888888866446566555555554444444444
      7777777777777777774444444444444447 7                   4455454  57     7777774888888888888888666554555554444444444
      7777777777777777774444444444444477 7                  466555566    77777777776888886688888888888554555554444444444
       777777777777777777444444444444477 7                  765655556544444447444448888888444555568686444555554444444444
       777777777777777777444444444444477 7                   74655556665555555444458888888644444456655555555554444444444
        77777777777777777444444444444477 7                   74566555455555555654458888888854444456655555555544444444444
         7777777777777777744444444444477777                   7666655444555554568888888888864444466655555555544444444444
         77777777777777777444444444447777 7                     45886654555544588888888888864444466655555555444444444444
          7777777777777777444444444447777 7                       688865545444688888888888864444466655555555544444444444
           777777777777777744444444447777 7                       468855555545888888888888864774466655555555544444444444
           777777777777777744444444447777 7                        447      77466888888888888654765555555555554444444444
            77777777777777744444444447777 7                                     7588888888888888665565555555554444444444
            77777777777777744444444447777 7                                       46888888888888888656655555554444444444
             7777777777777744444444447777                                           568888888888888886665555555444444444
              777777777777744444444447777777                                          7777446888888888665555555444444444
              7777777777777444444444477777777777777777                                       745888888865555554444444444
               777777777777744444444477777777777777777777 77777                      7777777   4688888865555555444444444
                77777777777444444444444477777777777777777777777                    7777777777488888886655555555544444444
                7777777777744444444444447777777777777777777777777777777777777 777777777777775888888656555555555444444444
                 7777777777444444444477777777777777777777777777777777777777777777777777777758888866555555555555444444444
                 7777777777444444477777777777777777777777777777777777777777777777777777774688886445555555555555444444444
                  777777774444447777777777777777777777777777777777777777777777777777777776888647745566655555555544444444
                   77777744444777777777777777777777777777777777777777777777777777777777444685444456666866655555544444444
                   77777444777777777777777777777777777777777777777777777777777777777774444564555666666666665555544444444
                    7777477777777777777777777777777777777777777777777777777777777777777444455555566666666665555554444444
              7777  7774777777777777777777777777777777777777777777777777777777777777777777445565465566666655555554444444
             77777777777777777777777777777777777777777777777777777777777777777777777777777744555455566666655555554444444
          77777777777777777777777777777777777777777777777777777777777777777777777777777777744555555466666655555554444444
          7777777777777777777       777777777777777777777777777777777777777777777777777777774455565688886655555555544444
