7774477777777777777777774444444444477777777777777                                        777777    455555555555555444444
7777777777777777777777744444444444447777777777777                                        777777    455555555555554444444
77777777777777777777777444444444444477777777777777                                      7777777    455555555555554444444
777777777777777777777777444444444444477777777777777                                     7777777    455555555555554444444
7777777777777777777777744444444444444777777777777777                                    7777777    455555555555444444444
7777777777777777777777744444444444444777777777777777                                   77777777    455555555555444444444
 77777777777777777777744444444444444477777777777777777                                  7777777    455555555555544444444
 777777777777777777777744444444444444477777777777777777           77                    7777777    455555555555444444444
  777777777777777777777444444444444444777777777777777777         77777777    7          7777777    555555555554444444444
   77777777777777777777444444444444444777777777777777777        7777777777777777        777777     555555555554444444444
   777777777777777777774444444444444447777777777777777777777    77777777777777777     77777777     555555555554444444444
    777777777777777777774444444444444477777777444777777777777  77777777777777777777    77777777  77555555555544444444444
    777777777777777777774444444444444477777777445577            77777777777                   77777555555555544444444444
     77777777777777777774444444444444477 77  745545657          77777777777777777777777777777777746555555555544444444444
      7777777777777777774444444444444477 7    465555665         7777775477       777444777444477746555554555544444444444
      7777777777777777774444444444444477 7     5665556654455554777777747777774456688888888888888888886554555444444444444
       777777777777777777444444444444477 7     4565555555555555554444444444688888888888888888888888886544555444444444444
        77777777777777777444444444444477 7      456655544555555556655444588888888888885566686665566665555555444444444444
        77777777777777777744444444444777 7      756686555455554458888888888888888886544474777777756555555555444444444444
         7777777777777777744444444444777 7        4668888655554468888888888888888854444474777777756555555554444444444444
         7777777777777777774444444444777  7          5888866555568888888888888865444477774777777756555555554444444444444
          777777777777777777444444444777  7           468647444456888888888888477777777774777777756555555554444444444444
           77777777777777777444444444777  7            44         768888888888857777777774777777755555555554444444444444
           777777777777777774444444447777 7                        768888888888864   77774777777765555555554444444444444
            77777777777777774444444447777 7                          68888888888885    777 77777765555555554444444444444
            77777777777777774444444477777 7                           745568888888867          7765555555554444444444444
             7777777777777774444444477777                                   4688888867          765555555555444444444444
              777777777777774444444477777777                                  75688886   777    745555555555444444444444
              7777777777777744444444777777777777777                              58886           75555555555544444444444
               777777777777744444444477777777777777777     77                    788887777777    75555555555544444444444
                7777777777774444444444447777777777777777777777                   788884777777    45555555555554444444444
                777777777777444444444447777777777777777777777777777777777        788886777777    45555555555554444444444
                 7777777777444444444477777777777777777777777777777777777777777777768888477777777745555555555555444444444
                 7777777777444444477777777777777777777777777777777777777777777777746888544444777745555555555555444444444
                  777777774444447777777777777777777777777777777777777777777777777774888674444777745555555555555544444444
                   77777774447777777777777777777777777777777777777777777777777777777588844444444456666666555555544444444
                   77777744777777777777777777777777777777777777777777777777777777777768864444555666666666665555544444444
                    7777477777777777777777777777777777777777777777777777777777777777745455544555566666666665555554444444
                 7  7777777777777777777777777777777777777777777777777777777777777777774444555564465566666655555555444444
               77777 777777777777777777777777777777777777777777777777777777777777777774455444555565566666655555555444444
             777777777777777777777 7777777777777777777777777777777777777777777777777777777444555565466666655555555544444
             777777777777777         77777777777777777777777777777777777777777777777777777774455566688886665555555554444
