77744777777777777777777744444444444777777777777                                          777777    455555555555444444444
7777777777777777777777774444444444447777777777777                                        777777    455555555555444444444
77777777777777777777777774444444444477777777777777                                      7777777    455555555555544444444
77777777777777777777777744444444444477777777777777                                      7777777    455555555555444444444
777777777777777777777777444444444444477777777777777                                     7777777    455555555554444444444
7777777777777777777777744444444444444777777777777777                                    7777777    455555555555444444444
 777777777777777777777774444444444444777777777777777                                   77777777    455555555554444444444
 7777777777777777777777744444444444447777777777777777                                  77777777    455555555544444444444
  777777777777777777777744444444444447777777777777777                        77777777 777777777    555555555544444444444
   777777777777777777777744444444444477777777777777777                     77777777777777777777   7555555555544444444444
   77777777777777777777744444444444447777777777777777               777777777777777777777777777  77555555555444444444444
    77777777777777777777444444444444447777777777777777             77777777777777777777777777777777555555555444444444444
    7777777777777777777774444444444444777777               744                      768888665477774555555555444444444444
     77777777777777777777444444444444777                   74554      7    777777777688888888886546566555555544444444444
      7777777777777777777444444444444777 7                 745555     57      777775888888888888888666554455544444444444
      7777777777777777777444444444444777 7                 55555555        777777748888886568888888888554455444444444444
       777777777777777777744444444444777 7                48566555554774444477444458888888444444456665444455444444444444
        77777777777777777774444444444777 7                 6656544555655555554444468888888644444456655555555444444444444
        77777777777777777774444444444777 7                  645665554455555556544468888888854444456655555555444444444444
         7777777777777777777444444444777                    544666555444555545686688888888854444466655555555444444444444
         7777777777777777777444444447777  7                  75666866655555544688888888888854444466655555555444444444444
          777777777777777777744444447777  7                    744688885555444888888888888854444466655555555444444444444
           77777777777777777744444447777  7                        68866655545888888888888864474466655555555444444444444
           77777777777777777744444447777  7                        764    7777568888888888888865465665555555544444444444
            77777777777777774444444477777 7                                     7588888888888888886566555555444444444444
            77777777777777774444444477777 7                                       46888888888888888666655555544444444444
             7777777777777777444444477777                                           468888888888888888665555554444444444
              777777777777777444444477777777                                              774688888888865555554444444444
              77777777777777444444447777777777777                                              4688888865555554444444444
               777777777777744444444477777777777777777                                       768888888665555555444444444
                777777777777444444444444777777777777777777777                       777777774888888866555555555444444444
                77777777777744444444444777777777777777777777777777777777           7777777758888886555555555555544444444
                 7777777777444444444477777777777777777777777777777777777777777777777777777588886545555555555555544444444
                  777777777444444477777777777777777777777777777777777777777777777777777746888647745555555555555544444444
                  777777774444447777777777777777777777777777777777777777777777777777777445685777745566655555555554444444
                   77777774447777777777777777777777777777777777777777777777777777777774444554444556666666655555554444444
                   77777744777777777777777777777777777777777777777777777777777777777777444455555666666666665555555444444
                    7777477777777777777777777777777777777777777777777777777777777777777774445665566666666665555555444444
                 7  7777777777777777777777777777777777777777777777777777777777777777777777444555465566666665555555544444
               77777 777777777777777777777777777777777777777777777777777777777777777777777444555565566666665555555444444
              777777777777777777     77777777777777777777777777777777777777777777777777777444555565466666665555555544444
              7777777777777            77777777777777   7  7777777777777777777777777777777774455566688886665555555554444
