77744777777777777777777444444444444477777777777777                                      7777777    455555555555555554444
777777777777777777777774444444444444777777777777777                                    77777777    455555555555555554444
777777777777777777777774444444444444477777777777777                                    77777777    455555555555555544444
7777777777777777777777744444444444444777777777777777                                   77777777    455555555555555544444
77777777777777777777777444444444444447777777777777777                                  77777777    455555555555555544444
7777777777777777777777744444444444444477777777777777777                                77777777    455555555555555554444
 7777777777777777777774444444444444444777777777777777777                               77777777    455555555555555455444
 77777777777777777777774444444444444447777777777777777777                           77777777777    455555555555555444444
  77777777777777777777744444444444444477777777777777777777            77      77777777777777777    555555555555554444444
   77777777777777777777444444444444444477777777777777777777         777777777777777777777777777  77555555555555554444444
   777777777777777777774444444444444444777777777777777777777      777777777777777777777777777777777555555555555545444444
    77777777777777777777444444444444444777777777777777777777      777777777777777777777777777777774555555555555544444444
    7777777777777777777744444444444444477777777              77                77777744444447777774555555555555444444444
     77777777777777777774444444444444447 777                774547    7  77777777777688888888665446566555555555444444444
      7777777777777777774444444444444447 7                  7755564   57      777775888888888888888666554555554444444444
      7777777777777777774444444444444477 7                 755555566  7  77777777748888886888888888888554555554444444444
       777777777777777777444444444444477 7                 7656555665774444477444458888886445555568886544555554444444444
       777777777777777777444444444444477 7                  456655566655555554444468888888544444456655555555554444444444
        7777777777777777744444444444447777                  745655555555555555544488888888644444456555555555544444444444
         7777777777777777444444444444477777                  45666554455555555666688888888844444466655555555544444444444
         77777777777777777444444444447777 7                   7568665545555544888888888888854444466655555555444444444444
          7777777777777777474444444447777 7                      4888655555445888888888888844444466655555555544444444444
           777777777777777744444444447777 7                      7888666555446888888888888877744466655555555544444444444
           777777777777777744444444447777 7                       464    77445688888888888886547765655555555554444444444
            77777777777777744444444447777 7                                    76888888888888886565565555555554444444444
            77777777777777744444444447777 7                                      468888888888888886556655555554444444444
             7777777777777444444444447777                                         75888888888888888866655555555444444444
              777777777777744444444447777777                                         74444568888888888665555555444444444
              7777777777777444444444477777777777777777                                      7456888888865555554444444444
               777777777777444444444477777777777777777777 77777                      77777777  4688888665555555444444444
                77777777777444444444444477777777777777777777777                    7777777777488888886655555555544444444
                777777777774444444444444777777777777777777777777777777777777   77777777777775888888655555555555544444444
                 7777777777444444444477777777777777777777777777777777777777777777777777777758888865555555555555444444444
                 7777777777444444477777777777777777777777777777777777777777777777777777774688886445555555555555444444444
                  777777774444447777777777777777777777777777777777777777777777777777777776888647745566655555555544444444
                   77777744444777777777777777777777777777777777777777777777777777777777444686444456666866555555544444444
                   77777744777777777777777777777777777777777777777777777777777777777774444564555666666666665555544444444
                    7777477777777777777777777777777777777777777777777777777777777777777444455555566666666665555544444444
              7777  7774777777777777777777777777777777777777777777777777777777777777777774445564455566666655555554444444
             77777777777777777777777777777777777777777777777777777777777777777777777777777744565455566666655555554444444
          77777777777777777777777777777777777777777777777777777777777777777777777777777777744555555466666655555554444444
          7777777777777777777       777777777777777777777777777777777777777777777777777777774455565688886655555555544444
