77744777777777777777777744444444444777777777777                                          777777    455555555555444444444
7777777777777777777777774444444444447777777777777                                        777777    455555555555444444444
77777777777777777777777744444444444477777777777777                                      7777777    455555555555444444444
777777777777777777777777444444444444777777777777777                                     7777777    455555555555444444444
7777777777777777777777774444444444444777777777777777                                    7777777    455555555554444444444
77777777777777777777777444444444444447777777777777777                                  77777777    455555555544444444444
 77777777777777777777744444444444444477777777777777777                                  7777777    455555555544444444444
 777777777777777777777744444444444444777777777777777777             7777                7777777    455555555544444444444
  77777777777777777777744444444444444777777777777777777           77777777      77777   777777     555555555544444444444
   77777777777777777777744444444444444777777777777777777          77777777777777777777  7777777    555555555444444444444
   777777777777777777774444444444444447777777777777777777        777777777777777777777777777777   7555555555444444444444
    77777777777777777777444444444444447777777777777777777777    77777777777777777777777777777777777555555555444444444444
    77777777777777777777444444444444447777777   74454               777777          74477    777777555555555444444444444
     77777777777777777774444444444444477 77     7445554            77777777777777746888888866544746555555554444444444444
      7777777777777777774444444444444477 7       455555647          775477   7775688888888888888668666554455444444444444
      7777777777777777774444444444444477 7       7565555664  77747777747777777588888888668888888888886554454444444444444
       777777777777777777444444444444477 7        5565555656555555544444444446888888884444455555568885444454444444444444
       777777777777777777444444444444477 7        7556555544555555556544444588888888854444777777756555555554444444444444
        7777777777777777774444444444447777         745665554445555445688666888888888644444477777756555555554444444444444
         7777777777777777744444444444777777         45868666555555445888888888888886444444444777756555555544444444444444
         77777777777777777744444444447777 7          7566888865554446888888888888864444444744444456555555554444444444444
          7777777777777777774444444447777 7              588666655558888888888888847777774744444466555555544444444444444
           777777777777777774444444447777 7                664   7774568888888888886577774777744466555555554444444444444
           777777777777777744444444447777 7                7           4888888888888885777 77777765555555554444444444444
            77777777777777744444444447777 7                             768888888888888867   777765555555554444444444444
            77777777777777744444444447777 7                               45666668888888885   77755555555554444444444444
             7777777777777744444444477777                                        74688888885    765555555555444444444444
              777777777777774444444447777777                                         7488885   7745555555555444444444444
              777777777777744444444447777777777777777       7                         488887     75555555555544444444444
               77777777777744444444447777777777777777777777777                       76888677    75555555555544444444444
                77777777777444444444444477777777777777777777777                    7748888677    45555555555554444444444
                777777777774444444444447777777777777777777777777777777777    7777777748888577    45555555555554444444444
                 7777777777444444444477777777777777777777777777777777777777777777777748888477777745555555555555444444444
                 7777777777444444477777777777777777777777777777777777777777777777777748886444777745555555555555544444444
                  777777774444447777777777777777777777777777777777777777777777777777776886444777745565555555555554444444
                   77777774447777777777777777777777777777777777777777777777777777777776886444444456666666655555554444444
                   77777744777777777777777777777777777777777777777777777777777777777774456444455666666666665555555444444
                    7777477777777777777777777777777777777777777777777777777777777777774445555565566666666665555555444444
                 7  7777777777777777777777777777777777777777777777777777777777777777774555544565465566666665555555444444
              777777 777777777777777777777777777777777777777777777777777777777777777777774444555565566666655555555444444
            777777777777777777777  7777777777777777777777777777777777777777777777777777777444555565466666655555555544444
            7777777777777777         77777777777777777777777777777777777777777777777777777744455566688886665555555554444
