77744777777777777777777774444444444777777777777                                           77777    455555555555544444444
777777777777777777777777474444444444777777777777                                         777777    455555555555544444444
7777777777777777777777777444444444447777777777777                                        777777    455555555555544444444
77777777777777777777777774444444444477777777777777                                       777777    455555555555444444444
77777777777777777777777744444444444477777777777777                                      7777777    455555555555444444444
777777777777777777777777444444444444477777777777777                                    77777777    455555555555444444444
 77777777777777777777777444444444444477777777777777                                  7777777777    455555555554444444444
 7777777777777777777777744444444444447777777777777                     7           777777777777    455555555554444444444
  77777777777777777777774444444444444777777777777                     777777     77777777777777    555555555544444444444
   7777777777777777777777444444444444777777777777                   777777777777777777777777777    555555555554444444444
   7777777777777777777777444444444444777777777777                 77777777777777777777777777777   7555555555544444444444
    777777777777777777777444444444444777777777777   7447          777777777777777777777777777777777555555555544444444444
    7777777777777777777777444444444444777777        774557            7777777        77     7777774555555555544444444444
     77777777777777777777744444444444777            7455454          777777777777774688666665547746565555555544444444444
      7777777777777777777744444444444777 7          755555564        75477777  77468888888888888666666554555544444444444
      7777777777777777777744444444444777 7          46565555647777777747777777775888888888888888888886554555444444444444
       777777777777777777774444444444777 7           6565445556555555544444444468888888445566666668886544555544444444444
        77777777777777777777444444447777 7            456655544555555555444444888888885444444777756655555555444444444444
        77777777777777777777444444447777 7            446665544455555556657448888888884444444477756555555555444444444444
         7777777777777777777744444447777               75668665455554446888668888888864444444447756555555555444444444444
         7777777777777777777744444447777                  76888655554458888888888888844444444444456555555555444444444444
          777777777777777777744444447777                   4886665544468888888888888577744744444466555555555444444444444
           77777777777777777744444447777                    764  7744468888888888888547774774444466555555555444444444444
           77777777777777777774444447777                                468888888888888644 77744466555555555444444444444
            7777777777777777744444447777                                  6888888888888886477777765555555555444444444444
             777777777777777744444447777                                   588888888888888885777765555555555544444444444
             7777777777777777444444477777                                    4566556888888888877765555555555544444444444
              77777777777777744444447777777                                          45668888867745555555555444444444444
              77777777777777744444447777777777                                           488884  75555555555554444444444
               777777777777774444444777777777777777                                     488886   75555555555554444444444
                77777777777774444444444777777777777777                                77888884   45555555555555444444444
                7777777777774444444444477777777777777777777777777777777            7777588886    45555555555554444444444
                 7777777777744444444777777777777777777777777777777777777777777777777777588884777745555555555555444444444
                  777777777444444777777777777777777777777777777777777777777777777777777688854777745555555555555444444444
                  777777777444477777777777777777777777777777777777777777777777777777777888644777745565655555555544444444
                   77777774447777777777777777777777777777777777777777777777777777777774888544444456666666655555554444444
                   77777744777777777777777777777777777777777777777777777777777777777774456544455666666666665555554444444
                    7777477777777777777777777777777777777777777777777777777777777777774445555555566666666665555554444444
                     777777777777777777777777777777777777777777777777777777777777777774555544564465566666655555555444444
                 777 777777777777777777777777777777777777777777777777777777777777777777777744554555566666655555555444444
               777777777777777        7777777777777777       77777777777777777777777777777744555565466666655555555544444
              77777777777                                    77777777777777777777777777777774455565688866665555555554444
