77744777777777777777777444444444444777777777777777                                      7777777    455555555555555554444
77777777777777777777777444444444444477777777777777                                      7777777    455555555555555544444
777777777777777777777774444444444444477777777777777                                     7777777    455555555555555444444
7777777777777777777777744444444444444777777777777777                                    7777777    455555555555555444444
7777777777777777777777744444444444444777777777777777                                   77777777    455555555555554444444
7777777777777777777777744444444444444477777777777777777                                77777777    455555555555544444444
 777777777777777777777444444444444444477777777777777777                                77777777    455555555555554444444
 7777777777777777777777444444444444444777777777777777777                         77777777777777    455555555555544444444
  777777777777777777777444444444444444777777777777777777                       7777777777777777    555555555555544444444
   777777777777777777777444444444444447777777777777777777             7   777777777777777777777  77555555555555544444444
   777777777777777777774444444444444447777777777777777777          77777777777777777777777777777777555555555554444444444
    7777777777777777777744444444444444477777777777777777777       777777777777777777777777777777774555555555554444444444
    777777777777777777774444444444444447777777                7447              7777756665554777774555555555554444444444
     77777777777777777774444444444444477 77                   745557  7    777777777688888888866546566555555554444444444
      7777777777777777774444444444444477 7                   44454564757      777774888888888888888666554555544444444444
      7777777777777777774444444444444477 7                   655555565    7777777776888888688888888888554555544444444444
       777777777777777777444444444444477 7                   55665556644444444444446888888544555568686544555544444444444
       777777777777777777444444444444477 7                    5565555666555555544448888888854444456655555555544444444444
        77777777777777777444444444444477 7                    4456555545555555565448888888884444456655555555444444444444
         7777777777777777744444444444777777                    466866544455555556868888888885444466655555555444444444444
         77777777777777777444444444447777 7                     74686655455554458888888888886444466655555555444444444444
          7777777777777777774444444447777 7                        58886555544468888888888886444466655555555444444444444
           777777777777777774444444447777 7                        58865555554488888888888885774466655555555444444444444
           777777777777777744444444447777 7                         47      77756888888888888865765565555555544444444444
            77777777777777744444444447777 7                                      768888888888888886566555555554444444444
            77777777777777744444444447777 7                                        4888888888888888666655555554444444444
             7777777777777774444444447777                                           758888888888888886665555554444444444
              777777777777774444444447777777                                           777445688888888865555555444444444
              777777777777744444444447777777777777777                                         75688888886555554444444444
               777777777777444444444477777777777777777777  777                         777     7568888886555555444444444
                77777777777444444444444477777777777777777777777                      77777777768888888665555555444444444
                77777777777444444444444477777777777777777777777777777777777  7 77777777777774888888866655555555444444444
                 7777777777444444444477777777777777777777777777777777777777777777777777777758888886555555555555444444444
                 7777777774444444477777777777777777777777777777777777777777777777777777774688886445555555555555444444444
                  777777774444447777777777777777777777777777777777777777777777777777777745888647745566655555555544444444
                   77777774444777777777777777777777777777777777777777777777777777777777444565444456666866655555544444444
                   77777744777777777777777777777777777777777777777777777777777777777774444454555666666666665555544444444
                    7777477777777777777777777777777777777777777777777777777777777777777744446555566666666665555554444444
               777  7774777777777777777777777777777777777777777777777777777777777777777777444665465566666665555554444444
              7777777777777777777777777777777777777777777777777777777777777777777777777777744555555566666655555554444444
            777777777777777777777777777777777777777777777777777777777777777777777777777777744555565466666655555555444444
          7 777777777777777777       77777777777777777777777777777777777777777777777777777774455565688886665555555554444
