7774477777777777777777774444444444477777777777777                                        777777    455555555555555544444
77777777777777777777777744444444444477777777777777                                      7777777    455555555555555444444
77777777777777777777777744444444444477777777777777                                      7777777    455555555555554444444
777777777777777777777777444444444444777777777777777                                     7777777    455555555555554444444
7777777777777777777777774444444444444777777777777777                                    7777777    455555555555544444444
777777777777777777777774444444444444477777777777777777                                 77777777    455555555555544444444
 777777777777777777777444444444444444477777777777777777                               777777777    455555555555544444444
 7777777777777777777777444444444444444777777777777777777                         77777777777777    455555555555444444444
  777777777777777777777744444444444444777777777777777777                       7777777777777777    555555555555444444444
   77777777777777777777744444444444444777777777777777777                   77777777777777777777  77555555555554444444444
   777777777777777777774444444444444447777777777777777777          77777777777777777777777777777 77555555555554444444444
    77777777777777777777444444444444447777777777777777777         777777777777777777777777777777777555555555554444444444
    777777777777777777774444444444444447777777                7447              7777745555547777774555555555544444444444
     77777777777777777774444444444444477 77                   744557  7    777777777688888888865446566555555544444444444
      7777777777777777777444444444444477 7                   44455564757       77774888888888888888666554555544444444444
      7777777777777777774444444444444477 7                   656555566    7777777776888888688888888888554555544444444444
       777777777777777777444444444444477 7                   56565555654444444744446888888545555568686544555444444444444
       777777777777777777744444444444477 7                    5565555666555555544448888888854444456655555555444444444444
        77777777777777777774444444444777 7                    4456655545555555655448888888884444456655555555444444444444
         7777777777777777774444444444777 77                    756665544455555556658888888885444466655555555444444444444
         7777777777777777774444444444777  7                     74588665455554458888888888886444466655555555444444444444
          777777777777777777444444444777  7                        48888555544468888888888886444466655555555444444444444
           777777777777777774444444477777 7                        76865555544488888888888885774466655555555444444444444
           777777777777777774444444477777 7                         77      77468888888888888865765565555555544444444444
            77777777777777774444444477777 7                                      468888888888888886566555555554444444444
            77777777777777774444444447777 7                                        5888888888888888666655555544444444444
             7777777777777774444444477777                                           768888888888888888665555554444444444
              777777777777774444444477777777                                          7444445688888888866555554444444444
              777777777777774444444447777777777777777                                         75688888886555554444444444
               777777777777744444444477777777777777777     77                          7       7568888886555555444444444
                77777777777744444444444477777777777777777 7777                       77777777768888888665555555444444444
                7777777777774444444444477777777777777777777777777777777777       777777777774688888866655555555444444444
                 7777777777444444444477777777777777777777777777777777777777777777777777777758888886555555555555444444444
                 7777777777444444477777777777777777777777777777777777777777777777777777774688885445555555555555444444444
                  777777774444447777777777777777777777777777777777777777777777777777777745688577745566655555555544444444
                   77777774447777777777777777777777777777777777777777777777777777777774444565444456666866655555544444444
                   77777744777777777777777777777777777777777777777777777777777777777777444454555666666666665555544444444
                    7777477777777777777777777777777777777777777777777777777777777777777774446555566666666665555554444444
                 7  7777777777777777777777777777777777777777777777777777777777777777777777444565465566666655555554444444
              777777 777777777777777777777777777777777777777777777777777777777777777777777744555565566666655555555444444
            7777777777777777777777 7777777777777777777777777777777777777777777777777777777774555565466666655555555544444
            7777777777777777          7777777777777777777  7777777777777777777777777777777774455565688886665555555554444
