7774477777777777777777774444444444477777777777                                            77777    455555555555555554444
7777777777777777777777774444444444447777777777777                                        777777    455555555555555544444
7777777777777777777777777444444444447777777777777                                        777777    455555555555555444444
77777777777777777777777744444444444477777777777777                                       777777    455555555555555544444
77777777777777777777777744444444444477777777777777                                       777777    455555555555554544444
777777777777777777777774444444444444477777777777777                                     7777777    455555555555554554444
 777777777777777777777774444444444444777777777777777                                    7777777    455555555555555445444
 777777777777777777777774444444444444777777777777777                                    7777777    555555555555555444444
  77777777777777777777774444444444444777777777777777               7777                 7777777    555555555555554444444
   7777777777777777777774444444444444777777777777777 7           777777777777777      77777777     555555555555544444444
   77777777777777777777444444444444447777777777777777           777777777777777777777777777777     555555555555544444444
    777777777777777777774444444444444477777777774777777        77777777777777777777777777777777  77555555555555444444444
    7777777777777777777774444444444444777777  77455447            7777777                    777777555555555554444444444
     77777777777777777777444444444444477       445456657         7777777777777777777777777777777746655555555554444444444
      7777777777777777774444444444444477 7     4555556667        77777547        777444744444444746666554555554444444444
      7777777777777777777444444444444477 7      465555665444555477777747777777455688888888888888888886554555554444444444
       777777777777777777444444444444777 7       56555555555555655444444444468888888888888888888888886544555555444444444
        77777777777777777744444444444777 7       45665544555555555654444456888888888886566666665566665555555554444444444
        77777777777777777774444444444777 7        4666655445555445888865688888888888544444777777756555555555554444444444
         7777777777777777774444444444777            46886655555446888888888888888864444444777777756555555555544444444444
         7777777777777777777444444447777             7888866554448888888888888888544444444777777756555555555544444444444
          777777777777777777744444447777              458857444546888888888888857774447474777777756555555555544444444444
           77777777777777777744444447777  7             7         758888888888847777777774777777766555555555554444444444
           77777777777777777744444447777  7                         48888888888867 7777774777777765555555555554444444444
            7777777777777777744444447777                             58888888888887  77777777777765555555555554444444444
            77777777777777774444444477777                             75688888888884    77777777765555555555554444444444
             7777777777777777444444477777                                  7688888884     77   7765555555555555444444444
              77777777777777744444447777777                                  768888884  77777  7755555555555555444444444
              777777777777777444444477777777777                                7588886   77     745555555555554444444444
               7777777777777444444447777777777777777                             488867777777    45555555555555444444444
                777777777777444444444447777777777777777                          788887777777    45555555555555544444444
                777777777777444444444447777777777777777777777777777777777        788885777777    45555555555555544444444
                 7777777777744444444477777777777777777777777777777777777777777777788888777777777745555555555555544444444
                  777777777444444477777777777777777777777777777777777777777777777758888444444777745555555555555544444444
                  777777774444477777777777777777777777777777777777777777777777777746888574444777745555555555555544444444
                   77777774447777777777777777777777777777777777777777777777777777774888674444444456666666555555554444444
                   77777744777777777777777777777777777777777777777777777777777777777588844444555666666666665555554444444
                    7777477777777777777777777777777777777777777777777777777777777777768864444455566666666665555554444444
                     777777777777777777777777777777777777777777777777777777777777777745455555564565566666655555554444444
               77777 777777777777777777777777777777777777777777777777777777777777777774444555564555566666655555555444444
              77777777777777777      777777777777777777777 7 77777777777777777777777777455444555565466666655555555544444
              777777777777             777777777777777       77777777777777777777777777777774455565688886665555555554444
