7774477777777777777777744444444444447777777777777                                       7777777    455555555555444444444
77777777777777777777777444444444444477777777777777                                      7777777    455555555555444444444
777777777777777777777774444444444444777777777777777                                    77777777    455555555555444444444
7777777777777777777777744444444444444777777777777777                                   77777777    455555555555444444444
7777777777777777777777744444444444444777777777777777                                   77777777    455555555554444444444
777777777777777777777774444444444444477777777777777777                                 77777777    455555555554444444444
 777777777777777777777444444444444444477777777777777777                                77777777    455555555544444444444
 7777777777777777777777444444444444444777777777777777777                            7 777777777    455555555544444444444
  777777777777777777777444444444444444777777777777777777                     777777777777777777    555555555544444444444
   77777777777777777777744444444444444777777777777777777              7     7777777777777777777   7555555555544444444444
   777777777777777777774444444444444447777777777777777777          77777777777777777777777777777 77555555555444444444444
    777777777777777777774444444444444477777777777777777777        777777777777777777777777777777777555555555444444444444
    777777777777777777774444444444444477777777              77                      768866654777774555555555444444444444
     77777777777777777774444444444444477 77                77454      7     77777777688888888885446556555555444444444444
      7777777777777777774444444444444477 7                  745557    57       77775888888888888888666554455444444444444
      7777777777777777774444444444444477 7                 54555555         77777776888886668888888888554455444444444444
       777777777777777777444444444444477 7                78566555557 77744777774448888888444444566685444455444444444444
       777777777777777777444444444444477 7                 6656555566655555554444458888888844444456555555554444444444444
        7777777777777777744444444444447777                  655655555555555565544458888888854444456555555554444444444444
         7777777777777777744444444444777777                 444566555444555555565568888888864444466555555554444444444444
         77777777777777777444444444447777 7                  45666665554555544588888888888864444466655555555444444444444
          7777777777777777774444444447777 7                    745688885555444688888888888864444466655555555444444444444
           777777777777777774444444447777 7                       768866655444888888888888865474466655555555444444444444
           777777777777777744444444447777 7                        4857 777444668888888888888865465565555555444444444444
            77777777777777744444444447777 7                                     4688888888888888886566555555444444444444
            77777777777777744444444447777 7                                       48888888888888888866655555544444444444
             7777777777777744444444447777                                          7568888888888888888665555554444444444
              777777777777744444444447777777                                             7774588888888865555554444444444
              7777777777777444444444477777777777777777     7                                   4688888865555554444444444
               77777777777744444444447777777777777777777777777                      777777777768888886655555555444444444
                77777777777444444444444477777777777777777777777                   77777777774888888866555555555444444444
                77777777777444444444444477777777777777777777777777777777777777777777777777758888886555555555555444444444
                 7777777777444444444477777777777777777777777777777777777777777777777777777688886445555555555555544444444
                 7777777777444444447777777777777777777777777777777777777777777777777777746888647745555555555555544444444
                  777777774444447777777777777777777777777777777777777777777777777777777445685777745566655555555554444444
                   77777744444777777777777777777777777777777777777777777777777777777774444554444556666866655555554444444
                   77777444777777777777777777777777777777777777777777777777777777777777444455555666666666665555555444444
                    7777477777777777777777777777777777777777777777777777777777777777777774445665566666666665555555444444
               777  7774777777777777777777777777777777777777777777777777777777777777777774444555465566666665555555444444
              7777777777777777777777777777777777777777777777777777777777777777777777777777444555565566666665555555444444
            777777777777777777777777777777777777777777777777777777777777777777777777777777444555565466666665555555544444
            77777777777777777        77777777777777777777777777777777777777777777777777777744455566688886665555555554444
