7774477777777777777777774444444444477777777777777                                        777777    455555555555544444444
77777777777777777777777744444444444477777777777777                                       777777    455555555555444444444
77777777777777777777777774444444444477777777777777                                      7777777    455555555555544444444
777777777777777777777777444444444444477777777777777                                     7777777    455555555555444444444
7777777777777777777777774444444444444777777777777777                                    7777777    455555555555444444444
77777777777777777777777444444444444447777777777777777                                    777777    455555555555444444444
 77777777777777777777774444444444444477777777777777777                                  7777777    455555555554444444444
 77777777777777777777774444444444444447777777777777777                                  7777777    455555555544444444444
  7777777777777777777777444444444444447777777777777777                        77777777777777777    555555555544444444444
   7777777777777777777774444444444444477777777777777777                      777777777777777777   7555555555544444444444
   7777777777777777777744444444444444477777777777777777              7 7777777777777777777777777 77555555555544444444444
    777777777777777777774444444444444477777777777777777            77777777777777777777777777777777555555555444444444444
    77777777777777777777444444444444447777777                7447                   756666654477774555555555544444444444
     77777777777777777777444444444444477                     74554    7      7777777688888888886546566555555444444444444
      7777777777777777777444444444444477 7                   445555   57       77774888888888888888666554555444444444444
      7777777777777777777444444444444477 7                  55555555        77777775888888668888888888554555444444444444
       777777777777777777444444444444777 7                 4865655555477744447744446888888644445568685444455444444444444
        77777777777777777744444444444777 7                  885564455665555555444448888888864444456655555554444444444444
        77777777777777777774444444444777 7                  765566555545555556554446888888885444456655555555444444444444
         7777777777777777777444444444777                     44456655544455555566556888888885444466655555555444444444444
         7777777777777777777444444447777  7                   4566686665455554458888888888886444466655555555444444444444
          777777777777777777744444447777  7                     74568888555544468888888888886444466655555555444444444444
           77777777777777777744444447777  7                        76886665544488888888888886444466655555555444444444444
           777777777777777777444444477777 7                         7857 77744468888888888888886565565555555544444444444
            77777777777777777444444477777 7                                      468888888888888886666555555444444444444
            77777777777777774444444477777 7                                        4688888888888888866655555544444444444
             7777777777777777444444477777                                            46888888888888888665555554444444444
              77777777777777744444447777777                                             77777468888888886555554444444444
              7777777777777744444444777777777777777                                            7588888886555554444444444
               77777777777774444444447777777777777777                                         75888888865555555444444444
                7777777777774444444444447777777777777777   77                        77777777488888886655555555444444444
                77777777777744444444444777777777777777777777777777777777          77777777776888888665555555555444444444
                 7777777777744444444477777777777777777777777777777777777777777777777777777488888655555555555555444444444
                  777777777444444477777777777777777777777777777777777777777777777777777745888854745555555555555544444444
                  777777774444447777777777777777777777777777777777777777777777777777777444586477745566655555555544444444
                   77777774447777777777777777777777777777777777777777777777777777777774444564444556666666655555554444444
                   77777744777777777777777777777777777777777777777777777777777777777777444455555666666666665555555444444
                    7777477777777777777777777777777777777777777777777777777777777777777774445665566666666665555554444444
                 7  7777777777777777777777777777777777777777777777777777777777777777777777444555465566666665555555444444
               77777 777777777777777777777777777777777777777777777777777777777777777777777744555555566666655555555444444
              7777777777777777777   777777777777777777777777777777777777777777777777777777744555565466666665555555544444
              7777777777777           7777777777777777 77  7777777777777777777777777777777774455566688886665555555554444
