77744777777777777777777744444444444777777777777                                           77777    455555555555555554444
777777777777777777777777444444444444777777777777                                         777777    455555555555555544444
7777777777777777777777777444444444447777777777777                                         77777    455555555555555444444
77777777777777777777777744444444444477777777777777                                       777777    455555555555554444444
77777777777777777777777744444444444477777777777777                                      7777777    455555555555554444444
777777777777777777777774444444444444477777777777777                                     7777777    455555555555554444444
 7777777777777777777777444444444444447777777777777                                     77777777    455555555555554444444
 7777777777777777777777444444444444447777777777777                 7777       7        77777777    555555555555544444444
  77777777777777777777774444444444444777777777777                 77777777  777777     77777777    555555555555544444444
   7777777777777777777774444444444444777777777777    7          7777777777777777777777 7777777     555555555555544444444
   777777777777777777777444444444444477777777777447             7777777777777777777777777777777    555555555555444444444
    777777777777777777774444444444444477777777774454777         77777777777777777777777777777777777555555555554444444444
    777777777777777777774444444444444477777    74545665          7777777777777            777777774555555555554444444444
     77777777777777777777444444444444477       7555556667       77777747777777777777777777777777746665555555554444444444
      7777777777777777777444444444444477 7      4655556657 7777  7777454777777777445666555555554446666554555544444444444
      7777777777777777777444444444444477 7       56555566555555547447747777775668888888888888888888886554555544444444444
       777777777777777777444444444444777 7       45665554555555556544444445688888888888888888888888886544555554444444444
        77777777777777777774444444444777 7       75666554445555545686544588888888888854445555554456665555555554444444444
        77777777777777777774444444444777 7         458866545555445888888888888888886444444777777756555555555544444444444
         7777777777777777777444444447777             7888865554448888888888888888854444444777777756555555555544444444444
         7777777777777777777444444447777              568865555558888888888888885444447444777777756555555555444444444444
          777777777777777777744444447777               757     7 7588888888888677777777774777777756555555555544444444444
           77777777777777777744444447777                           76888888888867777777774777777766555555555554444444444
           77777777777777777744444447777                            78888888888884  777774777777765555555555554444444444
            7777777777777777744444447777                             76888888888884   7777 77777765555555555554444444444
            77777777777777774444444477777                              7456888888885         777765555555555544444444444
             7777777777777777444444477777                                   588888885          7765555555555554444444444
              77777777777777744444447777777                                   46888884   7777  7745555555555554444444444
              777777777777777444444477777777777                                 468886           75555555555554444444444
               777777777777744444444777777777777777                              488867777777    75555555555555444444444
                777777777777444444444447777777777777777                          488887777777    45555555555555544444444
                777777777777444444444447777777777777777777777777777777777        788885777777    45555555555555544444444
                 7777777777744444444477777777777777777777777777777777777777777777788888777777777745555555555555444444444
                  777777777444444477777777777777777777777777777777777777777777777758888444444777745555555555555544444444
                  777777777444477777777777777777777777777777777777777777777777777776888574444777745555655555555544444444
                   77777774447777777777777777777777777777777777777777777777777777774888674444444456666666655555554444444
                   77777744777777777777777777777777777777777777777777777777777777777488854444555666666666665555544444444
                    7777477777777777777777777777777777777777777777777777777777777777768664444455566666666665555554444444
                     777777777777777777777777777777777777777777777777777777777777777774455555564565566666655555555444444
               77777 777777777777777777777777777777777777777777777777777777777777777774445554564565566666655555555444444
               7777777777777777      777777777777777777777    7 7 777777777777777777777444444555565466666655555555544444
              777777777777             77777777777777        77777777777777777777777777777777455566688886665555555554444
