777447777777777777777777444444444447777777777777                                         777777    455555555555555444444
7777777777777777777777744444444444447777777777777                                        777777    455555555555554444444
77777777777777777777777744444444444477777777777777                                      7777777    455555555555554444444
777777777777777777777774444444444444477777777777777                                     7777777    455555555555554444444
7777777777777777777777744444444444444777777777777777                                    7777777    455555555555444444444
7777777777777777777777744444444444444777777777777777                                   77777777    455555555555544444444
 7777777777777777777774444444444444447777777777777777                                   7777777    455555555555544444444
 77777777777777777777774444444444444477777777777777777                                  7777777    455555555555444444444
  77777777777777777777744444444444444477777777777777777          777777777              7777777    555555555554444444444
   7777777777777777777774444444444444477777777777777777         7777777777777           777777     555555555554444444444
   777777777777777777774444444444444447777777777777777777 77   77777777777777777       7 77777     555555555554444444444
    777777777777777777774444444444444477777744477777777777777 7777777777777777777          777    7555555555544444444444
    77777777777777777777444444444444447777774445577            77777777777                       77555555555544444444444
     77777777777777777774444444444444477 7  44554565           777777777777777777777777777777777746555555555544444444444
      7777777777777777774444444444444477 7   565555665         77777775777        77777777777777746555554555544444444444
      7777777777777777774444444444444477 7   756555566555555557774777747777777777774444444555555568686554555544444444444
       777777777777777777444444444444477 7    55655555555555555544444444445568888888888888888888888886544555444444444444
        77777777777777777444444444444477 7     4566655444555544568665555688888888888888888888888668666555555444444444444
        77777777777777777744444444444477 7     7566866555555544588888888888888888888865556655547756555555555444444444444
         7777777777777777744444444444777 7       45688886555544688888888888888888865444474777777756555555555444444444444
         7777777777777777774444444444777  7         58886665555688888888888888865444777774777777756555555555444444444444
          777777777777777777444444447777  7          7686   777756888888888884777777777774777777755555555555444444444444
           77777777777777777444444444777  7           77          5888888888867 7777777774777777755555555554444444444444
           777777777777777774444444477777 7                        6888888888887    777777777777755555555555444444444444
            77777777777777774444444477777 7                         5888888888884     7777 77777755555555554444444444444
            77777777777777774444444477777 7                           774688888884            77765555555555444444444444
             7777777777777774444444477777                                 468888887             765555555555544444444444
              777777777777777444444477777777                                4688886      777   7745555555555444444444444
              777777777777774444444447777777777777                            488884             75555555555544444444444
               777777777777744444444477777777777777777      7                  58885777777777    75555555555544444444444
                77777777777744444444444477777777777777777  777                 48888477777777    45555555555544444444444
                777777777777444444444444777777777777777777777777777777777      78888877777777    45555555555554444444444
                 7777777777444444444477777777777777777777777777777777777777777775888857777777777745555555555555444444444
                 7777777777444444477777777777777777777777777777777777777777777777588884444444777745555555555555444444444
                  777777777444447777777777777777777777777777777777777777777777777758886774444777745555555555555544444444
                   77777774447777777777777777777777777777777777777777777777777777775888574444444456666666555555554444444
                   77777744777777777777777777777777777777777777777777777777777777777588854444555666666666665555544444444
                    7777477777777777777777777777777777777777777777777777777777777777755455544555566666666665555554444444
                    7777777777777777777777777777777777777777777777777777777777777777774444555564565566666655555555444444
               77777 777777777777777777777777777777777777777777777777777777777777777774454444554555566666655555555444444
              777777777777777777    777777777777777777777777777777777777777777777777777777474555565466666655555555544444
              7777777777777           7777777777777777777  7777777777777777777777777777777774455566688886665555555554444
