77744777777777777777777444444444444777777777777777                                       777777    455555555555555554444
77777777777777777777777444444444444477777777777777                                       777777    455555555555555544444
77777777777777777777777444444444444477777777777777                                      7777777    455555555555555444444
777777777777777777777774444444444444477777777777777                                     7777777    455555555555555444444
7777777777777777777777744444444444444777777777777777                                   77777777    455555555555554444444
77777777777777777777777444444444444447777777777777777                                 777777777    455555555555554444444
 777777777777777777777444444444444444477777777777777777                              7777777777    455555555555554444444
 777777777777777777777444444444444444477777777777777777               77777777      77777777777    455555555555544444444
  777777777777777777777444444444444444777777777777777777             77777777777   777777777777    555555555555544444444
   77777777777777777777444444444444444777777777777777777          77777777777777777777777777777    555555555555544444444
   777777777777777777774444444444444447777777777777777777        777777777777777777777777777777   7555555555554444444444
    77777777777777777777444444444444444777777777777777744777     7777777777777777777777777777777777555555555554444444444
    777777777777777777774444444444444447777777        7445447          777777777           77777774555555555544444444444
     77777777777777777774444444444444447 77           44545664       777777777777777566666655447746555555555544444444444
      7777777777777777774444444444444447 7            755555666      754777777777758888888888888666666554555544444444444
      7777777777777777744444444444444477 7             56555566477774747777777774688888888888888888886554555544444444444
       777777777777777774444444444444477 7             75655566655555554444444458888888545566666668886544555544444444444
       777777777777777777444444444444477 7             74565555555555555544444588888886444444477756555555555444444444444
        77777777777777777444444444444477 7              4666554445555555665445888888886444444477756555555555444444444444
         7777777777777777744444444444777 77               46865545555444688888888888885444444444456555555555444444444444
         77777777777777777444444444447777 7                7888855555445888888888888864444444444456555555555444444444444
          7777777777777777744444444447777 7                7688666554448888888888888847774744444466555555555444444444444
           777777777777777774444444447777 7                  457  777446888888888888644774777444466555555555444444444444
           777777777777777744444444447777 7                             758888888888888654777774466555555555444444444444
            77777777777777744444444447777 7                               7688888888888888647777765555555555444444444444
            77777777777777744444444447777 7                                768888888888888886577765555555555544444444444
             7777777777777744444444447777                                    7568866888888888884765555555555554444444444
              777777777777744444444447777777                                         75688888886745555555555544444444444
              777777777777744444444447777777777777777                                    7588885 75555555555554444444444
               77777777777744444444447777777777777777777   7777                        77488886  75555555555555444444444
                77777777777444444444444477777777777777777777777                    777774888887  45555555555555444444444
                77777777777444444444444477777777777777777777777777777777777 777777777777688885   45555555555555444444444
                 7777777777444444444477777777777777777777777777777777777777777777777777788886777745555555555555444444444
                 7777777774444444477777777777777777777777777777777777777777777777777777488884777745555555555555444444444
                  777777774444447777777777777777777777777777777777777777777777777777777588854777745565655555555544444444
                   77777744444777777777777777777777777777777777777777777777777777777777888644444456666666655555544444444
                   77777744777777777777777777777777777777777777777777777777777777777774456544555666666666665555544444444
                    7777477777777777777777777777777777777777777777777777777777777777774445554555566666666665555554444444
               777  7774777777777777777777777777777777777777777777777777777777777777774555445564465566666655555554444444
              7777777777777777777777777777777777777777777777777777777777777777777777777774444565555566666655555554444444
            777777777777777777777777777777777777777777777777777777777777777777777777777777444555565466666655555555444444
          7 77777777777777777        77777777777777777777777777777777777777777777777777777774455565688886665555555554444
