7774477777777777777777744444444444477777777777777                                        777777    455555555555444444444
77777777777777777777777744444444444477777777777777                                      7777777    455555555555444444444
777777777777777777777777444444444444777777777777777                                     7777777    455555555555444444444
7777777777777777777777774444444444444777777777777777                                   77777777    455555555555444444444
7777777777777777777777774444444444444777777777777777                                   77777777    455555555554444444444
777777777777777777777774444444444444477777777777777777                                 77777777    455555555544444444444
 777777777777777777777744444444444444777777777777777777                                 7777777    455555555544444444444
 777777777777777777777744444444444444477777777777777777                              7777777777    455555555544444444444
  777777777777777777777444444444444444777777777777777777                      77777777777777777    555555555544444444444
   77777777777777777777744444444444444777777777777777777                     777777777777777777   7555555555544444444444
   77777777777777777777444444444444444777777777777777777            7777777777777777777777777777 77555555555444444444444
    7777777777777777777744444444444444777777777777777777           77777777777777777777777777777777555555555444444444444
    77777777777777777777444444444444447777777                77                     756666554777774555555555444444444444
     77777777777777777774444444444444477 77                  74547    7      7777777688888888865446556555555444444444444
      7777777777777777774444444444444477 7                   745557   57        7777888888888888888666554455444444444444
      7777777777777777774444444444444477 7                  44555555         7777775888888668888888888554455444444444444
       777777777777777777444444444444477 7                  8656555567  777777777446888888644455568685444455444444444444
       777777777777777777444444444444477 7                  685565555666555555444446888888864444456655555554444444444444
        77777777777777777744444444444777 7                   56566555555555555554446888888885444456655555554444444444444
         7777777777777777744444444444777 77                  75456855544455555556656888888886444466655555555444444444444
         77777777777777777444444444447777 7                   4456566555455555446888888888888444466655555555444444444444
          7777777777777777744444444447777 7                     45566888655554448888888888888444466655555555444444444444
           777777777777777774444444447777 7                        75888665544458888888888888544466655555555444444444444
           777777777777777774444444447777 7                          684777444456888888888888886565565555555544444444444
            77777777777777774444444447777 7                          7           756888888888888886666555555444444444444
            77777777777777744444444447777 7                                        7688888888888888866655555544444444444
             7777777777777774444444447777                                            46888888888888888665555554444444444
              777777777777774444444447777777                                            77777568888888886555554444444444
              777777777777774444444447777777777777777                                          7588888886555554444444444
               777777777777744444444477777777777777777777 7777                         7    7 75888888886555555444444444
                7777777777744444444444447777777777777777777777                     7777777777488888886655555555444444444
                7777777777744444444444447777777777777777777777777777777777   7777777777777776888888665555555555444444444
                 7777777777444444444477777777777777777777777777777777777777777777777777777588888655555555555555544444444
                 7777777777444444447777777777777777777777777777777777777777777777777777745888854745555555555555544444444
                  777777774444447777777777777777777777777777777777777777777777777777777444566477745566655555555554444444
                   77777744444777777777777777777777777777777777777777777777777777777774444564444556666866655555554444444
                   77777744777777777777777777777777777777777777777777777777777777777777444455555666666666665555555444444
                    7777477777777777777777777777777777777777777777777777777777777777777774445665566666666665555555444444
               777  7777777777777777777777777777777777777777777777777777777777777777777777444555465566666665555555544444
              777777 777777777777777777777777777777777777777777777777777777777777777777777444555565566666665555555444444
            777777777777777777777777777777777777777777777777777777777777777777777777777777444555565466666665555555544444
            7777777777777777         77777777777777777777777777777777777777777777777777777744455566688886665555555554444
