7774477777777777777777744444444444477777777777777                                       7777777    455555555555555544444
77777777777777777777777444444444444477777777777777                                      7777777    455555555555555444444
777777777777777777777774444444444444777777777777777                                     7777777    455555555555554444444
7777777777777777777777744444444444444777777777777777                                   77777777    455555555555554444444
7777777777777777777777744444444444444777777777777777                                   77777777    455555555555544444444
777777777777777777777774444444444444447777777777777777                                 77777777    455555555555544444444
 777777777777777777777444444444444444477777777777777777                               777777777    455555555555544444444
 7777777777777777777777444444444444444777777777777777777                    777777  77777777777    455555555555544444444
  777777777777777777777444444444444444777777777777777777              7777777777777777777777777    555555555555444444444
   777777777777777777774444444444444447777777777777777777          7777777777777777777777777777    555555555555544444444
   777777777777777777774444444444444447777777777777777777         77777777777777777777777777777  77555555555554444444444
    777777777777777777774444444444444447777777777777777777744     777777777777777777777777777777777555555555554444444444
    777777777777777777774444444444444447777777           7745577           77777777 744477777777774555555555544444444444
     77777777777777777774444444444444447 77               4454564     77777777777777688888886654746555555555544444444444
      7777777777777777774444444444444447 7                55555665    54777777777776888888888888868666554555544444444444
      7777777777777777774444444444444447 7                665555664  777777777777468888868888888888886554555544444444444
       777777777777777777444444444444447 7                45655556665555554444444688888854455555568886444555444444444444
       777777777777777777444444444444477 7                 4565555555555555544445888888864444444456555555555444444444444
        7777777777777777744444444444447777                 4566555445555555665446888888864444444456555555555444444444444
         7777777777777777744444444444777777                 766865544555544588868888888884444444456555555555444444444444
         77777777777777777444444444447777 7                   7588865555444688888888888864444444466555555555444444444444
          7777777777777777774444444447777 7                    588866554445888888888888854744444466555555555444444444444
           777777777777777774444444447777 7                     66577744556888888888888844777744466555555555444444444444
           777777777777777774444444447777 7                                468888888888888654777766555555555544444444444
            77777777777777744444444447777 7                                  4688888888888888647765555555555444444444444
            77777777777777744444444447777 7                                   768888888888888888565555555555544444444444
             7777777777777774444444447777                                       4688888888888888886556555555554444444444
              777777777777774444444447777777                                       7777745688888888655555555554444444444
              7777777777777744444444477777777777777777                                     77588888655555555554444444444
               777777777777744444444477777777777777777777 77777                      77777775888886555555555555444444444
                77777777777744444444444477777777777777777777777                    7777777768888855555555555555444444444
                77777777777744444444444477777777777777777777777777777777777 77777777777777688888445555555555555444444444
                 7777777777444444444477777777777777777777777777777777777777777777777777774888864745555555555555444444444
                 7777777777444444477777777777777777777777777777777777777777777777777777748888577745555555555555444444444
                  777777774444447777777777777777777777777777777777777777777777777777777768885777745566655555555544444444
                   77777744444777777777777777777777777777777777777777777777777777777777456854444456666666655555544444444
                   77777744777777777777777777777777777777777777777777777777777777777774445554555666666666665555544444444
                    7777477777777777777777777777777777777777777777777777777777777777774544555555566666666665555554444444
               777  7774777777777777777777777777777777777777777777777777777777777777777744444565465566666655555554444444
              7777777777777777777777777777777777777777777777777777777777777777777777777777444555565566666655555555444444
            777777777777777777777777777777777777777777777777777777777777777777777777777777444555565466666655555555544444
            77777777777777777        77777777777777777777777777777777777777777777777777777774455565688886665555555554444
