777447777777777777777777444444444447777777777777                                          77777    455555555555555554444
7777777777777777777777774444444444447777777777777                                        777777    455555555555555544444
77777777777777777777777744444444444477777777777777                                       777777    455555555555555444444
77777777777777777777777744444444444477777777777777                                      7777777    455555555555555444444
777777777777777777777777444444444444477777777777777                                     7777777    455555555555554444444
7777777777777777777777744444444444444777777777777777                                    7777777    455555555555554444444
 7777777777777777777774444444444444447777777777777777                                   7777777    455555555555554444444
 77777777777777777777774444444444444477777777777777777              7                   7777777    455555555555554444444
  77777777777777777777774444444444444777777777777777777           7777777    77         7777777    555555555555544444444
   7777777777777777777774444444444444477777777777777777          7777777777777777       777777     555555555555544444444
   77777777777777777777444444444444444777777777777777777        777777777777777777777777777777     555555555554444444444
    77777777777777777777444444444444447777777774447777777777   77777777777777777777       7777    7555555555554444444444
    7777777777777777777744444444444444777777  77445444           7777777777                     777555555555554444444444
     77777777777777777774444444444444477 7    7455456657        7777777777777777    777777777777746555555555554444444444
      7777777777777777774444444444444477 7     4555556667        77777547           777777777777746555554555544444444444
      7777777777777777774444444444444477 7      565555665444554777777747777777777445665556666666668886554555544444444444
       777777777777777777444444444444477 7      756555555555555644444444444455688888888888888888888886544555544444444444
       777777777777777777444444444444477 7      745665544555555556544444456888888888888888888886666666555555544444444444
        77777777777777777744444444444777 7       75666654445555446888655688888888888854445444477756555555555444444444444
         7777777777777777774444444444777 7         756886555554448888888888888888885444444777777756555555555444444444444
         7777777777777777774444444444777  7          6888665554468888888888888888644444444777777756555555555444444444444
          777777777777777777444444444777  7          7488644445568888888888888854777777774777777756555555555444444444444
           77777777777777777444444447777  7            47        7588888888888577777777774777777755555555555444444444444
           777777777777777777444444477777 7                        78888888888884  7777774777777765555555555444444444444
            77777777777777774444444477777 7                         488888888888867   7777777777765555555554444444444444
            77777777777777774444444477777 7                          758888888888884       77777765555555555544444444444
             7777777777777774444444477777                                745888888884          7765555555555544444444444
              777777777777774444444477777777                                 468888884   7777   745555555555444444444444
              777777777777774444444477777777777777                             7588888           75555555555544444444444
               77777777777774444444447777777777777777                            488887777777    75555555555544444444444
                7777777777774444444444447777777777777777   777                   788887777777    45555555555545444444444
                7777777777774444444444477777777777777777777777777777777777       788885777777    45555555555544444444444
                 7777777777444444444477777777777777777777777777777777777777777777788888777777777745555555555555444444444
                 7777777777444444477777777777777777777777777777777777777777777777758888444444777745555555555555444444444
                  777777774444447777777777777777777777777777777777777777777777777776888574444777745555555555555544444444
                   77777774447777777777777777777777777777777777777777777777777777774888674444444456666666555555544444444
                   77777744777777777777777777777777777777777777777777777777777777777588847444555666666666665555544444444
                    7777477777777777777777777777777777777777777777777777777777777777768864444455566666666665555554444444
                 7  7777777777777777777777777777777777777777777777777777777777777777744455555564465566666655555554444444
               77777 777777777777777777777777777777777777777777777777777777777777777774444554564555566666655555554444444
              7777777777777777777  7777777777777777777777777777777777777777777777777777454444555565466666655555555544444
             77777777777777           77777777777777777777  777777777777777777777777777777774455565688886655555555554444
