77744777777777777777777744444444444777777777777                                            7777    455555555555555554444
777777777777777777777777444444444444777777777777                                         777777    455555555555555544444
7777777777777777777777777444444444447777777777777                                        777777    455555555555555444444
77777777777777777777777744444444444477777777777777                                       777777    455555555555554444444
77777777777777777777777744444444444477777777777777                                       777777    455555555555554444444
777777777777777777777774444444444444477777777777777                                     7777777    455555555555544444444
 77777777777777777777774444444444444477777777777777                                     7777777    455555555555554444444
 77777777777777777777774444444444444477777777777777                                    77777777    555555555555544444444
  777777777777777777777744444444444447777777777777               77777777   777        77777777    555555555555544444444
   7777777777777777777774444444444444777777777777    7          77777777777777777       777777     555555555555544444444
   77777777777777777777444444444444447777777777477             7777777777777777777777777777777     555555555555444444444
    77777777777777777777444444444444447777777774454777         77777777777777777777777777777777  77555555555554444444444
    7777777777777777777744444444444444777777 744545664          7777777777777               7777777555555555554444444444
     77777777777777777774444444444444477      4555556667       777777747777777777777777777777777746655555555554444444444
      7777777777777777774444444444444477 7     565555665777747  77777754777777777777777777777777746665554555544444444444
      7777777777777777777444444444444477 7      565555555555556474477747777774556668888888888888888886554555544444444444
       777777777777777777444444444444777 7      456655445555555565444444456888888888888888888888888886544555554444444444
        77777777777777777744444444444777 7      756666544455554458866545888888888888886668888866566666555555554444444444
        77777777777777777774444444444777 7        7568665555554468888888888888888886544444777777756555555555544444444444
         7777777777777777774444444444777            78888655544488888888888888888644444444777777756555555555544444444444
         7777777777777777777444444447777             5688545555588888888888888864777777774777777756555555555444444444444
          777777777777777777744444447777              757        4688888888885777777777774777777756555555555544444444444
           77777777777777777744444447777  7                        688888888867 7777777774777777755555555555554444444444
           77777777777777777744444447777  7                        4888888888887    777774777777765555555555554444444444
            7777777777777777744444447777                            7688888888887    77777 77777765555555555554444444444
            77777777777777774444444477777                              7588888886            777765555555555544444444444
             7777777777777777444444477777                                 68888885            77765555555555554444444444
              77777777777777744444447777777                                4888888       777  77745555555555554444444444
              777777777777774444444477777777777                              588885             775555555555554444444444
               777777777777774444444777777777777777                           488867777777777    75555555555555444444444
                777777777777444444444444777777777777777                        68884777777777    45555555555555444444444
                77777777777744444444444777777777777777777777777777777777       58888777777777    45555555555555544444444
                 7777777777744444444477777777777777777777777777777777777777777748888677777777777745555555555555444444444
                  777777777444444477777777777777777777777777777777777777777777775888854444444777745555555555555544444444
                  777777774444477777777777777777777777777777777777777777777777777588884774444777745555555555555544444444
                   77777774447777777777777777777777777777777777777777777777777777748886474444444456666666555555554444444
                   77777744777777777777777777777777777777777777777777777777777777774888644444555666666666665555544444444
                    7777477777777777777777777777777777777777777777777777777777777777588654444455566666666665555554444444
                     777777777777777777777777777777777777777777777777777777777777777744455555564565566666655555555444444
               77777 777777777777777777777777777777777777777777777777777777777777777774445554564555566666655555555444444
               77777777777777777     777777777777777777777     777777777777777777777777444444555565466666655555555544444
              777777777777             77777777777777         77 7777777777777777777777777777455566688886665555555554444
