777447777777777777777777744444444447777777777777                                          77777    455555555555555554444
7777777777777777777777774444444444447777777777777                                        777777    455555555555555554444
77777777777777777777777774444444444477777777777777                                       777777    455555555555555554444
77777777777777777777777744444444444477777777777777                                       777777    455555555555555544444
777777777777777777777777444444444444477777777777777                                      777777    455555555555555544444
7777777777777777777777774444444444444777777777777777                                     777777    455555555555555554444
 7777777777777777777777744444444444447777777777777777                                   7777777    455555555555555445444
 77777777777777777777777444444444444477777777777777777                                777777777    455555555555555444444
  7777777777777777777777444444444444447777777777777777                          777777777777777    555555555555554444444
   7777777777777777777777444444444444477777777777777777                      7777777777777777777 77555555555555554444444
   7777777777777777777777444444444444477777777777777777             7777777777777777777777777777777555555555555544444444
    7777777777777777777744444444444444777777777777777777           77777777777777777777777777777774555555555555544444444
    77777777777777777777744444444444447777777                7447               7777756655544777774555555555555544444444
     77777777777777777777444444444444477                     77454    7     77777777688888888865446566555555555544444444
      7777777777777777777444444444444477 7                  7445555   57       77775888888888888888666554555554444444444
      7777777777777777777444444444444477 7                  855555564     7777777746888886688888888888554555555444444444
       777777777777777777744444444444777 7                  665655556774444477744458888888444555568686544555555444444444
       777777777777777777774444444444777 7                   55655556665555554444458888888644444456665555555554444444444
        77777777777777777774444444444777 7                   44565555555555555654468888888854444456655555555544444444444
         7777777777777777777444444444777                     44658555444555555566668888888864444466655555555554444444444
         7777777777777777777744444447777  7                    456866544555544588888888888864444466655555555544444444444
          777777777777777777744444447777  7                       688865555544688888888888864444466655555555544444444444
           77777777777777777744444447777  7                       688866655444888888888888867744466655555555554444444444
           77777777777777777744444447777  7                        557    7747568888888888888654766665555555554444444444
            77777777777777774444444477777 7                                     7588888888888888665565555555554444444444
            77777777777777774444444477777 7                                       76888888888888886666655555554444444444
             7777777777777777444444477777                                           588888888888888866655555555444444444
              777777777777777444444477777777                                          7744456888888888665555555444444444
              77777777777777444444447777777777777                                            756888888865555555444444444
               77777777777777444444447777777777777777                                   7 7    7588888865555555444444444
                7777777777774444444444477777777777777777    7                         777777 768888888665555555544444444
                777777777777444444444447777777777777777777777777777777777           777777774888888866655555555444444444
                 7777777777744444444477777777777777777777777777777777777777777777777777777748888886555555555555444444444
                  777777777444444477777777777777777777777777777777777777777777777777777777588886545555555555555444444444
                  777777777444477777777777777777777777777777777777777777777777777777777776888847745556555555555544444444
                   77777774447777777777777777777777777777777777777777777777777777777777444686444456666866555555544444444
                   77777744777777777777777777777777777777777777777777777777777777777774444564555666666666665555544444444
                    7777477777777777777777777777777777777777777777777777777777777777777444455555566666666665555544444444
                 7  7777777777777777777777777777777777777777777777777777777777777777777774445564455566666655555554444444
               77777 777777777777777777777777777777777777777777777777777777777777777777777744554555566666655555554444444
              7777777777777777777   777777777777777777777777 77777777777777777777777777777777555555466666655555554444444
             77777777777777            777777777777777 7     77777777777777777777777777777777455565688886655555555544444
