7774477777777777777777774444444444477777777777                                           777777    455555555555544444444
7777777777777777777777774444444444447777777777777                                        777777    455555555555444444444
7777777777777777777777774444444444447777777777777                                        777777    455555555555544444444
77777777777777777777777744444444444477777777777777                                      7777777    455555555555444444444
77777777777777777777777744444444444447777777777777                                      7777777    455555555554444444444
777777777777777777777774444444444444477777777777777                                    77777777    455555555554444444444
 77777777777777777777744444444444444477777777777777                                     7777777    455555555554444444444
 777777777777777777777744444444444444777777777777777                                     777777    455555555544444444444
  77777777777777777777774444444444444777777777777777                                     77777     555555555544444444444
   7777777777777777777774444444444444777777777777777 7          777777777777              7777     555555555544444444444
   77777777777777777777444444444444447777777777777777          777777777777777           77777     555555555544444444444
    777777777777777777774444444444444477777744477777777   777  77777777777777777       77777777   7555555555444444444444
    777777777777777777774444444444444477777744554               777777777                     77777555555555544444444444
     77777777777777777774444444444444477   745545664           777777777777777777777777777777777746555555555544444444444
      7777777777777777774444444444444477 7  4655555664          7777 7577        777777777777777746565554555544444444444
      7777777777777777774444444444444477 7   46655556655555554 777777777777745566668888668888886668886554555544444444444
       777777777777777777444444444444477 7   756655555555555555544444444456888888888888888888888888886544455544444444444
        77777777777777777444444444444477 7    75566555444555544566665556888888888888886688888866566665555555544444444444
        77777777777777777744444444444777 7     4566665555555544588888888888888888886544444444777756555555555444444444444
         7777777777777777744444444444777        766888886555544688888888888888888644444444777777756555555555444444444444
         7777777777777777777444444444777  7       7758888665555688888888888888654444444444777777756555555555444444444444
          777777777777777777444444447777  7          7686777774468888888888884777777777774777777755555555555444444444444
           77777777777777777444444447777  7           54         7688888888888577777777774777777755555555555444444444444
           77777777777777777744444447777  7                        68888888888867  7777774777777765555555555444444444444
            7777777777777777444444447777  7                         46888888888884   77777 77777765555555555444444444444
            77777777777777774444444477777                              774688888885           77765555555555544444444444
             7777777777777777444444477777                                  768888884           7765555555555554444444444
              77777777777777744444447777777                                   468888     7777 77745555555555554444444444
              7777777777777744444444777777777777                               768887           745555555555554444444444
               77777777777774444444477777777777777777                           5888577777777   745555555555555444444444
                7777777777774444444444447777777777777777   7                    4888847777777   745555555555555544444444
                777777777777444444444444777777777777777777777777777777777       78888677777777  745555555555555544444444
                 7777777777444444444477777777777777777777777777777777777777777777588884777777777745555555555555554444444
                  777777777444444477777777777777777777777777777777777777777777777758886444444777745555555555555554444444
                  777777774444447777777777777777777777777777777777777777777777777775888574444477445666655555555555444444
                   77777774447777777777777777777777777777777777777777777777777777777688844444444556666666655555555444444
                   77777744777777777777777777777777777777777777777777777777777777777766554444555666666666665555555444444
                    7777477777777777777777777777777777777777777777777777777777777777744445555565566666666665555555444444
                     777777777777777777777777777777777777777777777777777777777777777774445554564565566666665555555544444
                7777 777777777777777777777777777777777777777777777777777777777777777777444444555565566666665555555554444
               7777777777777777      77777777777777777777777777777777777777777777777777777444555565466666665555555554444
              777777777777             777777777777777     7777777777777777777777777777777744455566688886665555555555444
