7774477777777777777777777744444444477777777777                                            77777    455555555555555554444
777777777777777777777777744444444447777777777777                                          77777    455555555555555544444
7777777777777777777777777744444444447777777777777                                         77777    455555555555555444444
7777777777777777777777777444444444447777777777777                                         77777    455555555555555544444
77777777777777777777777774444444444477777777777777                                      7777777    455555555555555544444
777777777777777777777777444444444444477777777777777                                     7777777    455555555555555554444
 77777777777777777777777444444444444477777777777777                                    77777777    455555555555555445444
 7777777777777777777777774444444444447777777777777                                   7777777777    455555555555555444444
  777777777777777777777774444444444447777777777777                          7777    77777777777    555555555555554444444
   77777777777777777777777444444444447777777777777                    7777777777777777777777777   7555555555555554444444
   77777777777777777777774444444444447777777777777                 7777777777777777777777777777  77555555555555544444444
    7777777777777777777774444444444447777777777777      7777       77777777777777777777777777777777555555555555444444444
    777777777777777777777744444444444777777             77454             777777    755554447777774565555555555444444444
     77777777777777777777744444444444777                7754554       77777777777774888888888665446666555555555444444444
      7777777777777777777744444444444777 7              45554565     754777777777758888888888888888666554555554444444444
      7777777777777777777744444444444777 7              555555566    777777777777688888856888888888886554555555444444444
       777777777777777777774444444444777 7              7556555666555555444444446888888844445555568886544555555444444444
        77777777777777777777444444447777 7               456555555555555655444458888888844444444456655555555554444444444
        77777777777777777777444444447777 7               746665544455555556665468888888855444444456655555555544444444444
         7777777777777777777744444447777                   5686554445555446888888888888845444444456655555555544444444444
         7777777777777777777744444447777                     48886555554448888888888888644444444466655555555544444444444
          777777777777777777744444447777                     78886665544468888888888888574744444466655555555544444444444
           77777777777777777744444447777                      7665777444468888888888888544777444466655555555554444444444
           77777777777777777744444447777  7                               7568888888888888547777466655555555554444444444
            7777777777777777744444447777                                     5888888888888886477766655555555554444444444
            7777777777777777744444447777                                      488888888888888864765565555555554444444444
             7777777777777777744444477777                                       4566668888888888665556555555555444444444
              77777777777777744444447777777                                            756888888886555555555555444444444
              777777777777777444444477777777777                                           775888886555555555554444444444
               777777777777774444444777777777777777                                      7748888855555555555555444444444
                777777777777444444444447777777777777777                               7777588888475555555555555544444444
                777777777777444444444447777777777777777777777777777777777           777774888885 45555555555555544444444
                 7777777777744444444777777777777777777777777777777777777777777777777777776888857745555555555555444444444
                  777777777444444477777777777777777777777777777777777777777777777777777748888577745555555555555544444444
                  777777777444477777777777777777777777777777777777777777777777777777777768885777745566655555555544444444
                   77777774447777777777777777777777777777777777777777777777777777777777488864444456666666555555544444444
                   77777744777777777777777777777777777777777777777777777777777777777777446644555666666666665555544444444
                    7777477777777777777777777777777777777777777777777777777777777777774445554555566666666665555554444444
                     777777777777777777777777777777777777777777777777777777777777777774444445564465566666655555554444444
               77777 777777777777777777777777777777777777777777777777777777777777777777777444564555566666655555554444444
               7777777777777777      777777777777777777777   77777777777777777777777777777777555555466666655555555444444
              777777777777                 7777777777         7777777777777777777777777777777455565688886655555555544444
