77744777777777777777777444444444444777777777777777                                      7777777    455555555555555554444
77777777777777777777777444444444444477777777777777                                      7777777    455555555555555554444
777777777777777777777774444444444444777777777777777                                    77777777    455555555555555444444
777777777777777777777774444444444444477777777777777                                    77777777    455555555555555544444
77777777777777777777777744444444444447777777777777777                                  77777777    455555555555555544444
777777777777777777777774444444444444477777777777777777                                  7777777    455555555555555554444
 7777777777777777777774444444444444444777777777777777777                              777777777    455555555555555445444
 77777777777777777777774444444444444447777777777777777777                        77777777777777    455555555555555444444
  7777777777777777777777444444444444447777777777777777777                     77777777777777777    555555555555554444444
   777777777777777777777444444444444447777777777777777777            777  7 7777777777777777777  77555555555555544444444
   7777777777777777777744444444444444477777777777777777777         77777777777777777777777777777777555555555555544444444
    77777777777777777777444444444444444777777777777777777777   7  777777777777777777777777777777774555555555555444444444
    777777777777777777774444444444444447777777                7454             77777745555544777774555555555554444444444
     77777777777777777774444444444444477 77                   744557  7   7777777777588888888865446566555555554444444444
      7777777777777777774444444444444477 7                    4455557 57      777774888888888888888666554555554444444444
      7777777777777777774444444444444477 7                   556555565    7777777775888888688888888888554555554444444444
       777777777777777777444444444444477 7                   56565555644444447744446888888545555568686544555554444444444
       777777777777777777444444444444477 7                    4565555666555555444448888888854444456655555555554444444444
        77777777777777777444444444444477 7                    4456555545555555555448888888884444456655555555544444444444
         7777777777777777744444444444777777                    465865544455555556868888888885444466655555555544444444444
         77777777777777777444444444447777 7                     75686654455554458888888888886444466655555555544444444444
          7777777777777777774444444447777 7                        68886554544468888888888886444466655555555544444444444
           777777777777777774444444447777 7                        68865555544588888888888885774466665555555554444444444
           777777777777777744444444447777 7                         54      77756888888888888865765565555555554444444444
            77777777777777444444444447777 7                                      468888888888888885566555555554444444444
            77777777777777744444444447777 7                                        5888888888888888666655555554444444444
             7777777777777774444444447777                                           768888888888888886665555555444444444
              777777777777774444444447777777                                           744445688888888865555555444444444
              7777777777777444444444477777777777777777                                        45888888886555554444444444
               77777777777774444444447777777777777777777  7777                        77777     468888886555555444444444
                7777777777744444444444447777777777777777777777                      777777777 58888888665555555444444444
                77777777777744444444444477777777777777777777777777777777777    77777777777777688888866655555555444444444
                 7777777777444444444477777777777777777777777777777777777777777777777777777746888886555555555555444444444
                 7777777777444444477777777777777777777777777777777777777777777777777777777588886545555555555555444444444
                  777777774444447777777777777777777777777777777777777777777777777777777775888857745566655555555544444444
                   77777744444777777777777777777777777777777777777777777777777777777777444566444456666866655555544444444
                   77777444777777777777777777777777777777777777777777777777777777777774444564555666666666665555544444444
                    7777477777777777777777777777777777777777777777777777777777777777777444455555566666666665555554444444
               777  7777777777777777777777777777777777777777777777777777777777777777777777445565465566666655555554444444
              7777777777777777777777777777777777777777777777777777777777777777777777777777744555455566666655555554444444
          77777777777777777777777777777777777777777777777777777777777777777777777777777777744555555466666655555554444444
          7777777777777777777        77777777777777777777777777777777777777777777777777777774455565688886665555555544444
