777447777777777777777777444444444447777777777777                                          77777    455555555555544444444
7777777777777777777777774444444444447777777777777                                        777777    455555555555544444444
7777777777777777777777774444444444447777777777777                                        777777    455555555555544444444
77777777777777777777777744444444444447777777777777                                       777777    455555555555444444444
777777777777777777777777444444444444477777777777777                                     7777777    455555555555444444444
7777777777777777777777744444444444444777777777777777                                    7777777    455555555555444444444
 77777777777777777777744444444444444477777777777777                                     7777777    455555555554444444444
 77777777777777777777774444444444444477777777777777                                      777777    455555555554444444444
  77777777777777777777774444444444444777777777777777              7777777   7            77777     555555555544444444444
   7777777777777777777774444444444444777777777777777 7          7777777777777777         77777     555555555544444444444
   77777777777777777777744444444444444777777777777777          77777777777777777777  777777777     555555555544444444444
    777777777777777777774444444444444477777777454777777    7   77777777777777777777777777777777  77555555555544444444444
    7777777777777777777744444444444444777777 7454547            77777777777                   77777555555555544444444444
     77777777777777777774444444444444477     755555647          77777777777777777777777777777777746555555555544444444444
      7777777777777777774444444444444477 7    565555664         7777775477      7777444777777777746565554555544444444444
      7777777777777777777444444444444477 7    55655556665555554777777747777774556688888888888888888886554555544444444444
       777777777777777777444444444444777 7    75565555455555555554444444445688888888888888888888888886544555544444444444
        77777777777777777744444444444777 7      456655544455554556654444688888888888885566888665566665555555544444444444
        77777777777777777774444444444777 7      458686655555554458888888888888888886544444777777756555555555444444444444
         7777777777777777774444444447777          7568888555544488888888888888888654444444777777756555555555444444444444
         7777777777777777777744444447777             6888665555588888888888888865444444444777777756555555555444444444444
          777777777777777777744444447777              7867 7774456888888888888477777777774777777756555555555444444444444
           77777777777777777744444447777               7          468888888888857777777774777777755555555555444444444444
           77777777777777777744444447777                           788888888888867  777774777777765555555555544444444444
            7777777777777777744444447777                            768888888888885   7777 77777765555555555444444444444
             7777777777777777444444477777                              7445688888886          77765555555555544444444444
             7777777777777777444444477777                                   468888886           765555555555544444444444
              77777777777777744444447777777                                    4688884   7777   745555555555544444444444
              777777777777777444444477777777777                                  58885           75555555555554444444444
               777777777777774444444777777777777777                              588867777777    75555555555555444444444
                777777777777444444444447777777777777777                          488884777777    45555555555555444444444
                777777777777444444444447777777777777777777777777777777777        488885777777    45555555555555444444444
                 7777777777744444444477777777777777777777777777777777777777777777768888777777777745555555555555444444444
                  777777777444444477777777777777777777777777777777777777777777777746888444444777745555555555555544444444
                  777777777444477777777777777777777777777777777777777777777777777774888674444777445555655555555554444444
                   77777774447777777777777777777777777777777777777777777777777777777588844444444456666666655555554444444
                   77777744777777777777777777777777777777777777777777777777777777777768664444455666666666665555555444444
                    7777477777777777777777777777777777777777777777777777777777777777744455554555566666666665555555444444
                     777777777777777777777777777777777777777777777777777777777777777774445555564565566666655555555544444
                 777 777777777777777777777777777777777777777777777777777777777777777777454444555565566666655555555544444
               7777777777777777       777777777777777777     77777777777777777777777777777444555565466666655555555544444
              77777777777               77 7777777777        77777777777777777777777777777744455566688886665555555554444
