7774477777777777777777774444444444477777777777777                                        777777    455555555555555554444
7777777777777777777777774444444444447777777777777                                        777777    455555555555555544444
77777777777777777777777744444444444477777777777777                                      7777777    455555555555555444444
777777777777777777777777444444444444777777777777777                                     7777777    455555555555554444444
777777777777777777777777444444444444477777777777777                                     7777777    455555555555554444444
7777777777777777777777744444444444444777777777777777                                    7777777    455555555555544444444
 7777777777777777777774444444444444447777777777777777                                  77777777    455555555555554444444
 77777777777777777777774444444444444477777777777777777               77777         777777777777    455555555555544444444
  77777777777777777777774444444444444477777777777777777            77777777    7777777777777777    555555555555444444444
   7777777777777777777774444444444444477777777777777777           7777777777777777777777777777     555555555555544444444
   777777777777777777774444444444444447777777777777777777       7777777777777777777777777777777    555555555554444444444
    77777777777777777777444444444444447777777777777444777777    7777777777777777777777777777777  77555555555554444444444
    77777777777777777777444444444444447777777     77455447          777777777                777774555555555544444444444
     77777777777777777774444444444444477 77       745446667        77747777777777777777777777777746555555555544444444444
      7777777777777777774444444444444477 7         555556665       777547777  777775686666666655456565554555544444444444
      7777777777777777774444444444444477 7         756555666444444777747777777775688888888888888888886554555544444444444
       777777777777777777444444444444477 7          56555566555555654444444444688888888888888888888886544555544444444444
       777777777777777777444444444444477 7          45665554555555556544444468888888885445555544456655555555444444444444
        77777777777777777744444444444777 7           4666654445555445685544888888888844444477777756555555555444444444444
         7777777777777777774444444444777 77            46866555555446888888888888888544444447777756555555555444444444444
         7777777777777777774444444444777  7             4888865554448888888888888885444444444477756555555555444444444444
          777777777777777777444444444777  7             7588655555558888888888888847777474744444466555555555444444444444
           777777777777777774444444477777 7               47      774688888888888647777774774444466555555555444444444444
           777777777777777777444444477777 7                           48888888888888647774777774465555555555444444444444
            77777777777777774444444477777 7                            7888888888888886477 77777765555555554444444444444
            77777777777777774444444477777 7                             768888888888888864   777765555555555444444444444
             7777777777777777444444477777                                 745555688888888857  77765555555555544444444444
              777777777777774444444477777777                                      45688888867 77745555555555444444444444
              77777777777777444444444777777777777777                                  488884     75555555555544444444444
               777777777777744444444477777777777777777     777                        5888877    75555555555544444444444
                7777777777774444444444447777777777777777777777                       78888677    75555555555555444444444
                7777777777774444444444477777777777777777777777777777777777    777777748888677    45555555555554444444444
                 7777777777444444444477777777777777777777777777777777777777777777777748888577777745555555555554444444444
                 7777777777444444477777777777777777777777777777777777777777777777777748888444777745555555555555444444444
                  777777774444447777777777777777777777777777777777777777777777777777778886444777745555555555555444444444
                   77777774447777777777777777777777777777777777777777777777777777777778886444444456666666555555544444444
                   77777744777777777777777777777777777777777777777777777777777777777776886444555666666666665555544444444
                    7777477777777777777777777777777777777777777777777777777777777777774455544455566666666665555554444444
                 7  7777777777777777777777777777777777777777777777777777777777777777774444555564465566666655555554444444
               77777 777777777777777777777777777777777777777777777777777777777777777774455444565555566666655555554444444
             77777777777777777777   777777777777777777777777777777777777777777777777777777444555555466666655555555444444
            777777777777777           7777777777777777777777777777777777777777777777777777774455565688886665555555554444
