7774477777777777777777744444444444447777777777777                                       7777777    455555555555544444444
77777777777777777777777444444444444477777777777777                                      7777777    455555555555544444444
777777777777777777777774444444444444777777777777777                                    77777777    455555555555544444444
7777777777777777777777774444444444444777777777777777                                   77777777    455555555555444444444
7777777777777777777777744444444444444777777777777777                                   77777777    455555555554444444444
777777777777777777777774444444444444477777777777777777                                777777777    455555555555444444444
 777777777777777777777444444444444444477777777777777777                             77777777777    455555555554444444444
 7777777777777777777777444444444444447777777777777777777             77777        7777777777777    455555555544444444444
  777777777777777777777444444444444444777777777777777777            7777777      77777777777777    555555555544444444444
   777777777777777777774444444444444447777777777777777777         77777777777777777777777777777    555555555544444444444
   777777777777777777774444444444444447777777777777777777 77     777777777777777777777777777777  77555555555444444444444
    77777777777777777774444444444444447777777777777777777777     7777777777777777777777777777777777555555555444444444444
    77777777777777777777444444444444447777777      74557              77777         456544477777777555555555444444444444
     77777777777777777774444444444444477 77        745554            777777777777746888888888665446555555555444444444444
      7777777777777777774444444444444477 7          4555557          754777    77588888888888888888666554455444444444444
      7777777777777777744444444444444477 7         7665555667   77477747777777748888888556888888888886554455444444444444
       777777777777777777444444444444477 7         785655556665555555444444444588888886444444444566685444455444444444444
       777777777777777777444444444444477 7          56565555555555555554444445888888885444477777756555555554444444444444
        77777777777777777444444444444777 7           7456655544455555556655458888888884444444777756555555554444444444444
         7777777777777777744444444444777 77          7558686655555554458888888888888854444444444756555555554444444444444
         7777777777777777774444444444777  7            75668888655554468888888888888644444744444456555555554444444444444
          7777777777777777774444444447777 7                5888666555488888888888888477774744444466555555544444444444444
           777777777777777774444444447777 7                 486777744456888888888888865474777744466555555554444444444444
           777777777777777774444444447777 7                  7          768888888888888865777777465555555554444444444444
            77777777777777774444444477777 7                               4888888888888888857777765555555554444444444444
            77777777777777774444444477777 7                                7568888888888888884 7765555555555444444444444
             7777777777777774444444477777                                          7468888888847765555555555544444444444
              777777777777774444444447777777                                           775888847745555555555444444444444
              777777777777774444444447777777777777777                                   788885   75555555555544444444444
               77777777777774444444447777777777777777777777777                       777888887   75555555555544444444444
                77777777777744444444444477777777777777777777777                    7777588886    45555555555554444444444
                7777777777774444444444447777777777777777777777777777777777   7777777777688887    45555555555554444444444
                 7777777777444444444477777777777777777777777777777777777777777777777777688857777745555555555555444444444
                 7777777777444444477777777777777777777777777777777777777777777777777774888644777745555555555555444444444
                  777777774444447777777777777777777777777777777777777777777777777777774888544777745565655555555544444444
                   77777774447777777777777777777777777777777777777777777777777777777774668544444456666666655555554444444
                   77777744777777777777777777777777777777777777777777777777777777777774445544455666666666665555554444444
                    7777477777777777777777777777777777777777777777777777777777777777774445555565566666666665555555444444
                 7  7777777777777777777777777777777777777777777777777777777777777777774444444565465566666655555555444444
              777777 777777777777777777777777777777777777777777777777777777777777777777777444555565566666655555555444444
             77777777777777777777777777777777777777777777777777777777777777777777777777777444555565466666655555555544444
            7777777777777777         77777777777777777777777777777777777777777777777777777744455566688886665555555554444
