77744777777777777777777774444444444777777777777                                           77777    455555555555555554444
7777777777777777777777774444444444447777777777777                                        777777    455555555555555544444
7777777777777777777777777444444444447777777777777                                         77777    455555555555555444444
77777777777777777777777744444444444477777777777777                                        77777    455555555555555544444
77777777777777777777777744444444444477777777777777                                      7777777    455555555555554544444
777777777777777777777774444444444444477777777777777                                     7777777    455555555555554454444
 77777777777777777777777444444444444477777777777777                                     7777777    455555555555554444444
 777777777777777777777744444444444444777777777777777                                   77777777    555555555555555444444
  77777777777777777777774444444444444777777777777777               77 7                77777777    555555555555544444444
   7777777777777777777774444444444444777777777777777 7           777777777 77777      77777777     555555555555544444444
   77777777777777777777444444444444447777777777777777           777777777777777777777777777777     555555555555544444444
    777777777777777777774444444444444477777777744777777        77777777777777777777777 77777777  77555555555555444444444
    7777777777777777777744444444444444777777  77455447           77777777                    777777555555555554444444444
     77777777777777777777444444444444477      745445664         77777777777777777777777777777777746655555555554444444444
      7777777777777777774444444444444477 7     555555666         77777577        777747777744477746665554555554444444444
      7777777777777777777444444444444477 7      565555665444554777777747777777445668888888888888888886554555554444444444
       777777777777777777444444444444777 7      756555555555555655444444444468888888888888888888888886544555555444444444
        77777777777777777744444444444777 7       45665544555555555654444458888888888886668888665566665555555554444444444
        77777777777777777774444444444777 7       75666654445555445888865888888888888644444777777756555555555554444444444
         7777777777777777774444444444777           746886555554448888888888888888864444444777777756555555555544444444444
         7777777777777777777444444447777             4888866554458888888888888886544444444777777756555555555544444444444
          777777777777777777744444447777              458647744456888888888888647774447774777777756555555555544444444444
           77777777777777777744444447777  7             7         768888888888647777777774777777766555555555554444444444
           77777777777777777744444447777  7                         58888888888857 7777774777777765555555555554444444444
            7777777777777777744444447777                             68888888888867  77777777777765555555555554444444444
            77777777777777774444444477777                             75688888888867    77777777765555555555554444444444
             7777777777777777444444477777                                  4688888887     7    7765555555555555444444444
              77777777777777744444447777777                                  46888886   77777  7755555555555555444444444
              7777777777777744444444777777777777                               4688884  77      745555555555554544444444
               777777777777744444444777777777777777                             7688857777777    45555555555555444444444
                777777777777444444444447777777777777777                          588867777777    45555555555555544444444
                777777777777444444444447777777777777777777777777777777777        588884777777    45555555555555544444444
                 7777777777744444444477777777777777777777777777777777777777777777488886777777777745555555555555544444444
                  777777777444444477777777777777777777777777777777777777777777777768888444444777745555555555555544444444
                  777777774444477777777777777777777777777777777777777777777777777748888474444777745555555555555544444444
                   77777774447777777777777777777777777777777777777777777777777777774888674444444456666666555555554444444
                   77777744777777777777777777777777777777777777777777777777777777777588844444555666666666665555554444444
                    7777477777777777777777777777777777777777777777777777777777777777768864444455566666666665555554444444
                     777777777777777777777777777777777777777777777777777777777777777744455555564565566666655555554444444
               77777 777777777777777777777777777777777777777777777777777777777777777774444555564555566666655555555444444
              77777777777777777      777777777777777777777   77777777777777777777777777455444555565466666655555555544444
              777777777777             777777777777777       77777777777777777777777777777774455565688886665555555554444
