7774477777777777777777744444444444447777777777777                                        777777    455555555555554444444
77777777777777777777777444444444444477777777777777                                      7777777    455555555555554444444
777777777777777777777774444444444444477777777777777                                    77777777    455555555555544444444
7777777777777777777777744444444444444777777777777777                                   77777777    455555555555544444444
7777777777777777777777744444444444444777777777777777                                   77777777    455555555555444444444
7777777777777777777777744444444444444477777777777777777                              7777777777    455555555555444444444
 7777777777777777777774444444444444444777777777777777777               7            77777777777    455555555554444444444
 7777777777777777777774444444444444444777777777777777777              77777 77     777777777777    455555555554444444444
  777777777777777777777444444444444444777777777777777777             7777777777   7777777777777    555555555544444444444
   777777777777777777774444444444444447777777777777777777          7777777777777777777777777777    555555555554444444444
   77777777777777777777444444444444444477777777777777777777       77777777777777777777777777777  77555555555544444444444
    77777777777777777774444444444444444777777777777777777777     7777777777777777777777777777777777555555555544444444444
    777777777777777777774444444444444447777777        74457             777777      756555447777774555555555444444444444
     77777777777777777744444444444444447 77           7454557        777777777777775888888888865446555555555444444444444
      7777777777777777774444444444444447 7            755555647      754777777777768888888888888888666554455444444444444
      7777777777777777744444444444444447 7            4565555667 7774447777777774888888856688888888886554455444444444444
       777777777777777774444444444444477 7            765655556665555555444444448888888644444444566685444455444444444444
       777777777777777777444444444444477 7             75565555555555555554444468888888644444447756555555554444444444444
        77777777777777777444444444444477 7              4456655444555555558654688888888544444444756555555554444444444444
         7777777777777777444444444444477777              466666554555544468888888888888444444444456555555554444444444444
         77777777777777777444444444447777 7                4568886555544588888888888886444444444466555555554444444444444
          7777777777777777744444444447777 7                  48886665544688888888888884774744444466555555554444444444444
           777777777777777744444444447777 7                   4857 77744568888888888888654777744466555555554444444444444
           777777777777777744444444447777 7                               7688888888888888657777765555555555444444444444
            77777777777777744444444447777 7                                 48888888888888888577765555555555444444444444
            77777777777777744444444447777 7                                  7688888888888888886765555555555544444444444
             7777777777777744444444447777                                       7444445688888888665555555555544444444444
              777777777777744444444447777777                                            74458888855555555555544444444444
              7777777777777444444444477777777777777777      7                             768888475555555555544444444444
               77777777777744444444447777777777777777777777777                       77777888885 75555555555554444444444
                77777777777444444444444477777777777777777777777                  77777777688886  45555555555555444444444
                77777777777444444444444477777777777777777777777777777777777 7777777777774888867  45555555555554444444444
                 7777777777444444444477777777777777777777777777777777777777777777777777758886777745555555555555444444444
                 7777777774444444447777777777777777777777777777777777777777777777777777488884777745555555555555444444444
                  777777774444447777777777777777777777777777777777777777777777777777777588854777745565655555555544444444
                   77777744444777777777777777777777777777777777777777777777777777777777456644444456666666655555554444444
                   77777444777777777777777777777777777777777777777777777777777777777774445554455666666666665555554444444
                    7777477777777777777777777777777777777777777777777777777777777777774545455555566666666665555554444444
               777  7777777777777777777777777777777777777777777777777777777777777777777744444565465566666655555555444444
              7777777777777777777777777777777777777777777777777777777777777777777777777774444555565566666655555555444444
            777777777777777777777777777777777777777777777777777777777777777777777777777777444555565466666655555555544444
            7777777777777777        777777777777777777777777777777777777777777777777777777744455566688886665555555554444
