77744777777777777777777744444444444777777777777                                           77777    455555555555555554545
7777777777777777777777774444444444447777777777777                                        777777    455555555555555554544
7777777777777777777777777444444444447777777777777                                         77777    455555555555555554444
77777777777777777777777744444444444477777777777777                                       777777    455555555555555554444
77777777777777777777777744444444444477777777777777                                       777777    455555555555555544444
777777777777777777777774444444444444477777777777777                                      777777    455555555555555555444
 77777777777777777777774444444444444477777777777777                                     7777777    455555555555555455444
 7777777777777777777777444444444444447777777777777                                      7777777    555555555555555545444
  7777777777777777777777444444444444477777777777777              77777777              77777777    555555555555555444444
   777777777777777777777444444444444477777777777777  7         7777777777777777        77777777    555555555555554444444
   77777777777777777777444444444444447777777777477 77          7777777777777777777777777777777     555555555555555444444
    777777777777777777774444444444444477777777745477777    7   77777777777777777777777777777777   7555555555555545444444
    7777777777777777777744444444444444777777 74545665           777777777777                  77777555555555555554444444
     77777777777777777774444444444444477     7555556654        777777777777777777777777777777777746555555555555544444444
      7777777777777777774444444444444477 7    765555666777777  777777754777777777777777777777777746665554555554444444444
      7777777777777777777444444444444477 7     4655556655555554444477747777777444444444445555666668686554555555444444444
       777777777777777777444444444444477 7     4565555455555555555544444455688888888888888888888888888544555555444444444
        77777777777777777744444444444777 7      466665444555554468886556888888888888888888888888668666555555554444444444
        77777777777777777774444444444777 7       75686655555544588888888888888888888865556555547756655555555554444444444
         7777777777777777774444444444777           788886555544688888888888888888864444444777777756555555555554444444444
         7777777777777777777444444447777            66886555555688888888888888865444444444777777756555555555544444444444
          777777777777777777744444447777             764        75888888888884777777777774777777756555555555554444444444
           77777777777777777444444447777                          4888888888884 7777777774777777755555555555554444444444
           77777777777777777744444447777  7                        5888888888884   7777774777777765555555555554444444444
            7777777777777777744444447777                            7688888888884     7777 77777765555555555554444444444
            77777777777777774444444477777                               7588888884           777765555555555554444444444
             7777777777777777444444477777                                 768888887            7765555555555554444444444
              77777777777777744444447777777                                 7588886     77777  7745555555555555544444444
              7777777777777774444444777777777777                              488887    77      775555555555554544444444
               7777777777777444444447777777777777777                           58885777777777    75555555555555444444444
                777777777777444444444444777777777777777                        48888477777777    45555555555555544444444
                7777777777774444444444477777777777777777777777777777777777     76888877777777    45555555555555544444444
                 7777777777444444444477777777777777777777777777777777777777777774888867777777777745555555555555544444444
                  777777777444444477777777777777777777777777777777777777777777777488885444444777745555555555555544444444
                  777777777444447777777777777777777777777777777777777777777777777748888474444777745555555555555544444444
                   77777774447777777777777777777777777777777777777777777777777777774688647444444456666666555555554444444
                   77777744777777777777777777777777777777777777777777777777777777777488654444555666666666665555544444444
                    7777477777777777777777777777777777777777777777777777777777777777744455544555566666666665555554444444
                     777777777777777777777777777777777777777777777777777777777777777774444555554565566666655555554444444
               77777 777777777777777777777777777777777777777777777777777777777777777774444444564555566666655555555444444
              77777777777777777     7777777777777777777777 7 77777777777777777777777777777774555565466666655555555544444
              777777777777             777777777777777777    77777777777777777777777777777777455565688886665555555554444
