77744777777777777777777444444444444477777777777777                                      7777777    455555555555555444444
777777777777777777777774444444444444477777777777777                                    77777777    455555555555555444444
7777777777777777777777444444444444444777777777777777                                   77777777    455555555555554444444
7777777777777777777777444444444444444777777777777777                                   77777777    455555555555554444444
777777777777777777777744444444444444477777777777777777                                 77777777    455555555555544444444
7777777777777777777777444444444444444477777777777777777                                77777777    455555555555544444444
 7777777777777777777744444444444444444777777777777777777                              777777777    455555555555544444444
 77777777777777777777744444444444444444777777777777777777                      7777777777777777    455555555555444444444
  7777777777777777777744444444444444444777777777777777777             77    7777777777777777777    555555555554444444444
   7777777777777777777744444444444444447777777777777777777          777777777777777777777777777   7555555555554444444444
   777777777777777777774444444444444444777777777777777777777      777777777777777777777777777777 77555555555554444444444
    77777777777777777774444444444444444777777777777777777777      777777777777777777777777777777777555555555544444444444
    777777777777777777744444444444444447777777             7444               7777  756665554777774555555555544444444444
     77777777777777777744444444444444447 777               744557     7 777777777777688888888866446566555555544444444444
      7777777777777777744444444444444447 7                 74555547   57     7777775888888888888888666554555544444444444
      7777777777777777744444444444444447 7                 655555564  77777777777748888885688888888888554555544444444444
       777777777777777774444444444444447 7                 6566555665444455444444468888886444555568686444555444444444444
       777777777777777774444444444444477 7                 7656555565655555554444488888888544444456555555555444444444444
        7777777777777777744444444444447777                  445665554555555556654488888888644444456555555555444444444444
         7777777777777777444444444444477777                 745666654445555545688688888888844444466555555555444444444444
         7777777777777777744444444444477777                   7558866555555445888888888888844444466655555555444444444444
          7777777777777777444444444447777 7                      7688865554446888888888888644444466655555555444444444444
           777777777777777444444444447777 7                       588655555458888888888888644774466655555555444444444444
           777777777777777444444444447777 7                        57      774568888888888888654765555555555544444444444
            77777777777777444444444447777 7                                     5888888888888888665565555555454444444444
            77777777777777444444444447777 7                                      768888888888888888656655555544444444444
             7777777777777444444444447777                                          4688888888888888886665555554444444444
              7777777777777444444444477777777                                         7777746888888888665555554444444444
              77777777777774444444444777777777777777777   7777                                75888888665555554444444444
               777777777777444444444477777777777777777777777777                     777777777768888886655555555444444444
                77777777777444444444444477777777777777777777777                   77777777775888888656555555555444444444
                77777777777444444444444477777777777777777777777777777777777777777777777777758888886555555555555444444444
                 7777777774444444444447777777777777777777777777777777777777777777777777777588886545555555555555444444444
                 7777777774444444447777777777777777777777777777777777777777777777777777746888847745555555555555444444444
                  777777774444447777777777777777777777777777777777777777777777777777777746886477745566655555555544444444
                   77777744444777777777777777777777777777777777777777777777777777777774444564444456666666655555554444444
                   77777444477777777777777777777777777777777777777777777777777777777774444554555666666666665555544444444
                    7777477777777777777777777777777777777777777777777777777777777777777744445555566666666665555554444444
              7777  7774777777777777777777777777777777777777777777777777777777777777777777444565465566666665555555444444
             77777777777777777777777777777777777777777777777777777777777777777777777777777444555565566666655555555444444
          7 777777777777777777777777777777777777777777777777777777777777777777777777777777444555565466666655555555544444
          777777777777777777777    7777777777777777777777777777777777777777777777777777777744455565688886665555555554444
