7774477777777777777777774444444444477777777777777                                       7777777    455555555555544444444
77777777777777777777777744444444444477777777777777                                      7777777    455555555555444444444
777777777777777777777774444444444444777777777777777                                     7777777    455555555555544444444
777777777777777777777777444444444444477777777777777                                    77777777    455555555555444444444
7777777777777777777777744444444444444777777777777777                                   77777777    455555555554444444444
777777777777777777777774444444444444477777777777777777                                 77777777    455555555555444444444
 777777777777777777777444444444444444777777777777777777                                77777777    455555555554444444444
 7777777777777777777777444444444444444777777777777777777            77777        7777   7777777    455555555544444444444
  777777777777777777777444444444444444777777777777777777           7777777     7777777  777777     555555555544444444444
   777777777777777777774444444444444447777777777777777777         77777777777777777777777777777    555555555544444444444
   777777777777777777774444444444444447777777777777777777777     777777777777777777777777777777   7555555555444444444444
    77777777777777777777444444444444447777777777777777777777   777777777777777777777777777777777777555555555444444444444
    77777777777777777777444444444444447777777   74454               777777           77      777777555555555444444444444
     77777777777777777774444444444444477 77     7445557            77777777777777775688866665547746555555555444444444444
      7777777777777777774444444444444477 7       45555554           775477   7774688888888888888666666554455444444444444
      7777777777777777774444444444444477 7       56655556577774447777747777777588888888688888888888886554454444444444444
       777777777777777777444444444444477 7       56565555665555556544444444446888888885445556666668886444455444444444444
       777777777777777777444444444444477 7        5556555545555555565444444588888888854474777777756555555554444444444444
        77777777777777777444444444444477 7         445665554455555456886656888888888644444777777756555555554444444444444
         7777777777777777744444444444777 77        756668666555554448888888888888886444444447777756555555554444444444444
         77777777777777777744444444447777 7          7456888855554458888888888888854444444744444756555555554444444444444
          7777777777777777774444444447777 7             7688666655568888888888888677777774744444466555555544444444444444
           777777777777777774444444447777 7               584    7774588888888888886477774777444466555555554444444444444
           777777777777777774444444477777 7                           76888888888888885777 77777765555555554444444444444
            77777777777777774444444477777 7                             588888888888888857  7777765555555554444444444444
            77777777777777774444444477777 7                              756666688888888867   77765555555554444444444444
             7777777777777774444444477777                                        45688888887    765555555555444444444444
              777777777777774444444477777777                                         7588884    745555555555444444444444
              77777777777777444444444777777777777777                                  58886      75555555555444444444444
               7777777777777444444444777777777777777777 7 7777                       48888577    75555555555544444444444
                7777777777774444444444447777777777777777777777                     7758888577    45555555555544444444444
                777777777777444444444444777777777777777777777777777777777    7777777758888477    45555555555554444444444
                 7777777777444444444477777777777777777777777777777777777777777777777758888777777745555555555554444444444
                 7777777777444444477777777777777777777777777777777777777777777777777748886444777745555555555555444444444
                  777777774444447777777777777777777777777777777777777777777777777777778886444777745555555555555544444444
                   77777774447777777777777777777777777777777777777777777777777777777776886444444456666666655555554444444
                   77777744777777777777777777777777777777777777777777777777777777777774456444455666666666665555554444444
                    7777477777777777777777777777777777777777777777777777777777777777774445555555566666666665555554444444
                 7  7777777777777777777777777777777777777777777777777777777777777777774555544565465566666655555555444444
              777777 777777777777777777777777777777777777777777777777777777777777777777774444555565566666655555555444444
             77777777777777777777777777777777777777777777777777777777777777777777777777777444555565466666655555555544444
             77777777777777          77777777777777777777777777777777777777777777777777777744455566688886665555555554444
