77744777777777777777777774444444444777777777777                                          777777    455555555555555555445
777777777777777777777777774444444444777777777777                                         777777    455555555555555554444
7777777777777777777777777444444444447777777777777                                        777777    455555555555555554444
7777777777777777777777777444444444447777777777777                                        777777    455555555555555554444
7777777777777777777777774444444444447777777777777                                        777777    455555555555555554444
77777777777777777777777744444444444447777777777777                                       777777    455555555555555555444
 7777777777777777777777744444444444447777777777777                                      7777777    455555555555555455444
 7777777777777777777777744444444444447777777777777                     7            77777777777    555555555555555545444
  77777777777777777777774444444444444777777777777                    777777     777777777777777    555555555555555444444
   7777777777777777777777444444444444777777777777                  7777777777777777777777777777    555555555555554444444
   7777777777777777777777444444444444777777777777                777777777777777777777777777777   7555555555555555444444
    777777777777777777777444444444444777777777777 74447          7777777777777777777777777777777777555555555555545444444
    777777777777777777777444444444444777777       77445557          77777777              777777774555555555555554444444
     77777777777777777777444444444444777          745545664        77747777777777777444774477777746665555555555554444444
      7777777777777777777444444444444777 7         555555664       777547777 7777456888888888866556666554555554444444444
      7777777777777777777744444444444777 7         756555666777744777747777777756888888888888888888886554555555444444444
       777777777777777777774444444444777 7          46555565555555657444444446888888888668888888888886544555555444444444
        77777777777777777774444444444777 7          45665554555555556554444588888888864444444447756665555555554444444444
        77777777777777777777444444447777 7           7666654445555545888656888888888644444477777756555555555554444444444
         7777777777777777777444444447777               46866555555446888888888888888444444444777756555555555554444444444
         7777777777777777777744444447777                5888865554458888888888888864444444444447756555555555544444444444
          777777777777777777744444447777                 488674455568888888888888677774444744444466555555555554444444444
           77777777777777777744444447777                  7         7588888888888547777774744444466555555555554444444444
           77777777777777777744444447777                              76888888888886477774777744466555555555554444444444
            7777777777777777744444447777                               7688888888888864 77777777766555555555554444444444
            7777777777777777444444447777                                 5888888888888867  77777765555555555554444444444
             7777777777777777444444477777                                  744458888888884   777765555555555555444444444
              77777777777777744444447777777                                      758888888577777745555555555555544444444
              777777777777777444444477777777777                                     7588886     775555555555555544444444
               777777777777774444444777777777777777                                  76888577    75555555555555544444444
                777777777777444444444447777777777777777                              48888477    45555555555555544444444
                777777777777444444444447777777777777777777777777777777777           768888477    45555555555555554444444
                 7777777777744444444477777777777777777777777777777777777777777777777768888477777745555555555555544444444
                  777777777444444477777777777777777777777777777777777777777777777777758888444777745555555555555544444444
                  777777777444477777777777777777777777777777777777777777777777777777758886444777745565555555555544444444
                   77777774447777777777777777777777777777777777777777777777777777777748885444444456666666555555554444444
                   77777744777777777777777777777777777777777777777777777777777777777778885444555666666666665555544444444
                    7777477777777777777777777777777777777777777777777777777777777777776666444555566666666665555554444444
                     777777777777777777777777777777777777777777777777777777777777777774455554554565566666655555554444444
               77777 777777777777777777777777777777777777777777777777777777777777777774445545564555566666655555554444444
               7777777777777777      7777777777777777777       777777777777777777777777444444555555466666655555555444444
              777777777777              7  77 7777777          777777777777777777777777777774455565688886655555555544444
