7774477777777777777777777444444444477777777777                                             7777    455555555555555554444
777777777777777777777777774444444447777777777777                                          77777    455555555555555554444
7777777777777777777777777744444444447777777777777                                         77777    455555555555555544444
7777777777777777777777777744444444447777777777777                                         77777    455555555555555544444
7777777777777777777777777444444444447777777777777                                        777777    455555555555555544444
77777777777777777777777744444444444447777777777777                                      7777777    455555555555555554444
 7777777777777777777777744444444444447777777777777                                    777777777    455555555555555445444
 7777777777777777777777774444444444447777777777777                                  77777777777    555555555555555444444
  77777777777777777777777444444444444777777777777                     7777777     7777777777777    555555555555554444444
   7777777777777777777777744444444444777777777777                   777777777777777777777777777    555555555555554444444
   7777777777777777777777444444444444777777777777                  7777777777777777777777777777  77555555555555544444444
    777777777777777777777444444444444777777777777    7447         777777777777777777777777777777777555555555555444444444
    777777777777777777777744444444444777777          774547            7777777       77777777777774555555555555444444444
     77777777777777777777744444444444777             7454565         777777777777774688888866554746666555555554444444444
      7777777777777777777744444444444777 7           755545664       754777777777468888888888888868666554555554444444444
      7777777777777777777744444444444777 7           4565555667777747747777777746888888888888888888888554555555444444444
       777777777777777777774444444444777 7            456455666555555544444444588888888444555655568886544555555444444444
        77777777777777777774444444444777 7            745655545555555556544445888888886444444477756655555555554444444444
        77777777777777777777444444447777 7             46665544445555555886558888888885444444447756555555555544444444444
         7777777777777777777744444447777                7568665445555446888888888888864444444444456555555555544444444444
         7777777777777777777744444447777                   6888655554458888888888888844444444444466555555555544444444444
          777777777777777777744444447777                   6688666555468888888888888577444744444466555555555544444444444
           77777777777777777744444447777                    454    77746888888888888657774774444466555555555554444444444
           77777777777777777744444447777                                758888888888888644777774466555555555554444444444
            7777777777777777744444447777                                  4888888888888886477777766555555555554444444444
            7777777777777777744444447777                                   768888888888888864 77765555555555554444444444
             7777777777777777444444477777                                     445556888888888677765555555555555444444444
              77777777777777744444447777777                                          45688888867745555555555555444444444
              777777777777777444444477777777777                                          488885  75555555555554444444444
               777777777777774444444777777777777 77                                     768888   75555555555555444444444
                777777777777444444444447777777777777777                               77688884   45555555555555544444444
                77777777777744444444444777777777777777777777777777777777            7774888887   45555555555555544444444
                 7777777777744444444777777777777777777777777777777777777777777777777777588885777745555555555555444444444
                  777777777444444477777777777777777777777777777777777777777777777777777688864777745555555555555544444444
                  777777777444477777777777777777777777777777777777777777777777777777777688844777745565555555555544444444
                   77777774447777777777777777777777777777777777777777777777777777777777888644444456666666555555544444444
                   77777744777777777777777777777777777777777777777777777777777777777774568544555666666666665555544444444
                    7777477777777777777777777777777777777777777777777777777777777777774445544555566666666665555554444444
                     777777777777777777777777777777777777777777777777777777777777777774444555554565566666655555554444444
                7777 777777777777777777777777777777777777777777777777777777777777777777444444564555566666655555554444444
               777777777777777       7777777777777777777      7777777777777777777777777777774555555466666655555555444444
              777777777777                  77777777          7777777777777777777777777777777455565688886655555555544444
