77744777777777777777777774444444444777777777777                                          777777    455555555555555544444
7777777777777777777777774444444444447777777777777                                        777777    455555555555555444444
7777777777777777777777777444444444447777777777777                                        777777    455555555555554444444
77777777777777777777777774444444444477777777777777                                      7777777    455555555555554444444
77777777777777777777777744444444444477777777777777                                      7777777    455555555555544444444
777777777777777777777777444444444444477777777777777                                    77777777    455555555555544444444
 7777777777777777777777744444444444447777777777777                                  77777777777    455555555555544444444
 7777777777777777777777744444444444447777777777777                                 777777777777    455555555555544444444
  777777777777777777777744444444444447777777777777                    7777777    77777777777777    555555555555444444444
   7777777777777777777777444444444444777777777777                   777777777777777777777777777    555555555555544444444
   7777777777777777777777444444444444777777777777                 77777777777777777777777777777   7555555555554444444444
    777777777777777777777444444444444777777777777   77447         777777777777777777777777777777777555555555554444444444
    7777777777777777777774444444444444777777         744544            7777777       77   777777774555555555544444444444
     77777777777777777777444444444444777             44545667        777777777777774688866665547746566555555554444444444
      7777777777777777777444444444444777 7           455555665       754777777777768888888888888668666554555544444444444
      7777777777777777777744444444444777 7           7565555664777747747777777775888888888888888888886554555544444444444
       777777777777777777774444444444777 7            456545556555555544444444468888888445566666668886544555554444444444
        77777777777777777774444444447777 7             45655544555555555444444888888886444444477756655555555554444444444
        77777777777777777777444444447777 7             45666554445555555654448888888885444444447756555555555544444444444
         7777777777777777777744444447777                 468866545555446888888888888884444444444456555555555444444444444
         7777777777777777777744444447777                   4888655454458888888888888854444444444466555555555444444444444
          777777777777777777744444447777                   7688656555468888888888888577774744444466555555555444444444444
           77777777777777777744444447777                     54    77446888888888888547774777444466555555555444444444444
           77777777777777777744444447777                                768888888888886574 77774466555555555544444444444
            7777777777777777744444447777                                  5888888888888886777777766555555555444444444444
            7777777777777777744444447777                                   488888888888888864777765555555555544444444444
             7777777777777777444444477777                                    4566668888888888677765555555555554444444444
              77777777777777744444447777777                                         746888888887745555555555554444444444
              777777777777777444444477777777777                                         74688887 75555555555554444444444
               777777777777774444444777777777777777                                     7588884  75555555555555444444444
                777777777777744444444447777777777777777                                7588886   45555555555555444444444
                77777777777744444444444777777777777777777777777777777777            7777888887   45555555555555444444444
                 7777777777744444444477777777777777777777777777777777777777777777777777588885777745555555555555444444444
                  777777777444444777777777777777777777777777777777777777777777777777777588864777745555555555555444444444
                  777777777444477777777777777777777777777777777777777777777777777777777688844777745565655555555544444444
                   77777774447777777777777777777777777777777777777777777777777777777774888644444456666666655555554444444
                   77777744777777777777777777777777777777777777777777777777777777777774568544555666666666665555544444444
                    7777477777777777777777777777777777777777777777777777777777777777774445554555566666666665555554444444
                     777777777777777777777777777777777777777777777777777777777777777774445555564465566666655555555444444
                7777 777777777777777777777777777777777777777777777777777777777777777777444444554555566666655555555444444
               7777777777777777      777777777777777777       7777777777777777777777777777774555555466666655555555544444
              77777777777                  7777 7777          7777777777777777777777777777777455565688886665555555554444
