7774477777777777777777744444444444447777777777777                                       7777777    455555555555554444444
777777777777777777777774444444444444777777777777777                                     7777777    455555555555544444444
777777777777777777777774444444444444477777777777777                                     7777777    455555555555544444444
7777777777777777777777444444444444444777777777777777                                   77777777    455555555555444444444
77777777777777777777777444444444444447777777777777777                                  77777777    455555555555444444444
7777777777777777777777744444444444444477777777777777777                                77777777    455555555555444444444
 7777777777777777777774444444444444444777777777777777777                              777777777    455555555554444444444
 7777777777777777777774444444444444444777777777777777777                        777777777777777    455555555554444444444
  777777777777777777777444444444444444777777777777777777                     777777777777777777    555555555544444444444
   777777777777777777774444444444444444777777777777777777            7777   7777777777777777777   7555555555554444444444
   7777777777777777777744444444444444447777777777777777777         7777777777777777777777777777  77555555555544444444444
    7777777777777777777744444444444444477777777777777777777       777777777777777777777777777777777555555555444444444444
    777777777777777777774444444444444447777777              7444                7    44444447777774555555555444444444444
     77777777777777777774444444444444477 77                 744557    7  7 777777777588888888665446555555555444444444444
      7777777777777777774444444444444447 7                  7455457   57      777774888888888888888666554555444444444444
      7777777777777777774444444444444447 7                  655555567     7777777776888886888888888888554555444444444444
       777777777777777777444444444444477 7                 7856655566444444447444458888886445555568686444555444444444444
       777777777777777777444444444444477 7                  465655556655555555444468888888544444456655555554444444444444
        7777777777777777774444444444447777                   44566555455555555654468888888854444456655555554444444444444
         7777777777777777744444444444777777                  44566655444555555568568888888854444466655555555444444444444
         7777777777777777744444444444777777                    466866655555544588888888888864444466655555555444444444444
          7777777777777777744444444447777 7                       488885545444688888888888864444466655555555444444444444
           777777777777777744444444447777 7                       768865555445888888888888857774466655555555444444444444
           777777777777777744444444447777 7                        757    7744688888888888888654765565555555444444444444
            77777777777777744444444447777 7                                     4688888888888888865566555555444444444444
            77777777777777744444444447777 7                                       58888888888888888666655555544444444444
             7777777777777744444444447777                                          7688888888888888886665555554444444444
              777777777777744444444447777777                                          7444445888888888865555554444444444
              77777777777774444444444777777777777777777    77                                 45688888865555554444444444
               77777777777744444444447777777777777777777777777                       77777777 46888888665555555444444444
                77777777777444444444444477777777777777777777777                   77777777777688888866655555555444444444
                77777777777444444444444477777777777777777777777777777777777777777777777777776888888655555555554444444444
                 7777777777444444444477777777777777777777777777777777777777777777777777777488888655555555555555444444444
                 7777777777444444447777777777777777777777777777777777777777777777777777746888854745555555555555444444444
                  777777774444447777777777777777777777777777777777777777777777777777777745886477745566655555555544444444
                   77777744444777777777777777777777777777777777777777777777777777777774444564444456666666655555554444444
                   77777444777777777777777777777777777777777777777777777777777777777774444454555666666666665555554444444
                    7777477777777777777777777777777777777777777777777777777777777777777774445565566666666665555554444444
               777  7774777777777777777777777777777777777777777777777777777777777777777777444565465566666665555555444444
              7777777777777777777777777777777777777777777777777777777777777777777777777774444555565566666655555555444444
            777777777777777777777777777777777777777777777777777777777777777777777777777777444555565466666655555555544444
            77777777777777777       777777777777777777777777777777777777777777777777777777744455566688886665555555554444
