77744777777777777777777744444444444777777777777                                           77777    455555555555555554444
7777777777777777777777774444444444447777777777777                                        777777    455555555555555544444
7777777777777777777777777444444444447777777777777                                        777777    455555555555555444444
77777777777777777777777744444444444477777777777777                                       777777    455555555555555544444
77777777777777777777777744444444444477777777777777                                      7777777    455555555555554544444
777777777777777777777774444444444444477777777777777                                     7777777    455555555555554554444
 77777777777777777777774444444444444477777777777777                                     7777777    455555555555555444444
 777777777777777777777774444444444444777777777777777                                    7777777    555555555555554444444
  7777777777777777777777444444444444477777777777777                 7777       77      77777777    555555555555554444444
   7777777777777777777774444444444444777777777777777 7            777777777  7777777 7 77777777    555555555555554444444
   7777777777777777777774444444444444777777777777                777777777777777777777777777777   7555555555555544444444
    77777777777777777777444444444444447777777777777777          77777777777777777777777777777777777555555555555444444444
    7777777777777777777774444444444444777777    7745477            7777777                  7777774555555555554444444444
     77777777777777777777444444444444477        745456667         777777777777777777777777777777746665555555554444444444
      7777777777777777777444444444444477 7       555455666         7775477    777745888666666655556666554555554444444444
      7777777777777777777444444444444477 7       75555566647444447777747777777456888888888888888888886554555555444444444
       777777777777777777444444444444777 7        7555556655555556544444444456888888888888888888888886544555555444444444
        77777777777777777774444444444777 7         456555445555555566444444688888888864445555444456665555555554444444444
        77777777777777777774444444444777 7         756665544455554458866558888888888644444477777756555555555544444444444
         7777777777777777774444444447777             4588665555547488888888888888885444444477777756555555555554444444444
         7777777777777777777444444447777               58886655544588888888888888854444444444777756555555555544444444444
          777777777777777777744444447777               75686555555688888888888886477744444744447766555555555544444444444
           77777777777777777744444447777  7              74        75888888888886477777774744444466555555555554444444444
           77777777777777777744444447777                              68888888888864777774777777766555555555554444444444
            7777777777777777744444447777                              7688888888888857 777777777766555555555555444444444
            77777777777777774444444477777                               568888888888867   777777765555555555554444444444
             7777777777777777444444477777                                  7746888888884  777777765555555555554444444444
              77777777777777744444447777777                                    75888888847777777745555555555555444444444
              777777777777774444444477777777777                                   4588886        75555555555555544444444
               777777777777744444444777777777777777                                 588867777    75555555555555544444444
                777777777777444444444447777777777777777                             688857777    45555555555555544444444
                777777777777444444444447777777777777777777777777777777777          7888867777    45555555555555544444444
                 7777777777744444444477777777777777777777777777777777777777777777777888887777777745555555555555544444444
                  777777777444444477777777777777777777777777777777777777777777777777688864444777745555555555555544444444
                  777777777444447777777777777777777777777777777777777777777777777777588864444777745565555555555544444444
                   77777774447777777777777777777777777777777777777777777777777777777788864444444456666666555555554444444
                   77777744777777777777777777777777777777777777777777777777777777777758884444555666666666665555554444444
                    7777477777777777777777777777777777777777777777777777777777777777748885444455566666666665555554444444
                     777777777777777777777777777777777777777777777777777777777777777774455555564565566666655555554444444
               77777 777777777777777777777777777777777777777777777777777777777777777774444555564555566666655555555444444
               7777777777777777      77777777777777777777    77777777777777777777777777455444555565466666655555555544444
              777777777777             777777777777777       77777777777777777777777777777774455565688886665555555554444
