77744777777777777777777744444444444777777777777                                           77777    455555555555555555545
7777777777777777777777774444444444447777777777777                                         77777    455555555555555555544
7777777777777777777777777444444444447777777777777                                        777777    455555555555555554444
77777777777777777777777744444444444477777777777777                                       777777    455555555555555554444
77777777777777777777777744444444444477777777777777                                       777777    455555555555555554444
777777777777777777777774444444444444477777777777777                                      777777    455555555555555555444
 77777777777777777777774444444444444477777777777777                                     7777777    455555555555555555444
 7777777777777777777777744444444444447777777777777                                      7777777    555555555555555555444
  77777777777777777777774444444444444777777777777                 7777777    777       77777777    555555555555555444444
   7777777777777777777774444444444444777777777777    7          777777777777777777    777777777    555555555555554444444
   77777777777777777777444444444444447777777777777              7777777777777777777777777777777    555555555555555444444
    777777777777777777774444444444444477777777774547777        77777777777777777777777777777777  77555555555555545444444
    7777777777777777777744444444444444777777  774456667          77777777777                7777774555555555555554444444
     77777777777777777777444444444444477       555456665        77777747777777777777777777777777446665555555555554444444
      7777777777777777777444444444444477 7     7555556667       77777754777777777777777777777777746666554555555444444444
      7777777777777777777444444444444477 7      465555666555555477477747777774455666888688888888888886554555555444444444
       777777777777777777444444444444777 7      755555555555555555444444445688888888888888888888888886544555555444444444
        77777777777777777744444444444777 7       46665544445555455886544688888888888886688888866566666555555554444444444
        77777777777777777774444444444777 7         568665455554448888888888888888888544444447777756555555555555444444444
         7777777777777777777444444447777             6888655554468888888888888888854444444777777756555555555554444444444
         7777777777777777777444444447777             6688655555568888888888888865444444444777777756555555555544444444444
          777777777777777777444444447777               64       75688888888886477777777774777777756555555555554444444444
           77777777777777777444444447777                           68888888888577777777774777777755555555555554444444444
           77777777777777777744444447777  7                        76888888888884  7777774777777765555555555554444444444
            7777777777777777444444447777                             6888888888885    7777777777765555555555555444444444
            77777777777777774444444477777                              4456888888867       77777765555555555554444444444
             7777777777777777444444477777                                  768888886           7765555555555555444444444
              77777777777777744444447777777                                  75888886   77777  7745555555555555544444444
              777777777777774444444477777777777                                7588887  777     775555555555555544444444
               777777777777744444444777777777777777                              688877777777    75555555555555544444444
                7777777777774444444444477777777777777777                         688857777777    45555555555555544444444
                7777777777774444444444477777777777777777777777777777777777       588887777777    45555555555555544444444
                 7777777777744444444477777777777777777777777777777777777777777777488885777777777745555555555555544444444
                  777777777444444477777777777777777777777777777777777777777777777768888444444777745555555555555544444444
                  777777777444447777777777777777777777777777777777777777777777777776888474444777745555555555555544444444
                   77777774447777777777777777777777777777777777777777777777777777774888674444444456666666555555554444444
                   77777744777777777777777777777777777777777777777777777777777777777488857444555666666666665555544444444
                    7777477777777777777777777777777777777777777777777777777777777777756564444555566666666665555554444444
                     777777777777777777777777777777777777777777777777777777777777777774445555554565566666655555554444444
               77777 777777777777777777777777777777777777777777777777777777777777777774445544564555566666655555554444444
              77777777777777777      777777777777777777777 7 77777777777777777777777777444444555565466666655555555444444
              777777777777             777777777777777       77777777777777777777777777777777455565688886665555555554444
