777447777777777777777777444444444447777777777777                                          77777    455555555555555554444
7777777777777777777777774444444444447777777777777                                        777777    455555555555555544444
7777777777777777777777777444444444447777777777777                                        777777    455555555555555444444
77777777777777777777777744444444444477777777777777                                       777777    455555555555555544444
777777777777777777777777444444444444777777777777777                                     7777777    455555555555554444444
777777777777777777777774444444444444477777777777777                                      777777    455555555555554444444
 777777777777777777777744444444444444777777777777777                                    7777777    455555555555554444444
 7777777777777777777777444444444444447777777777777777                                   7777777    455555555555555444444
  77777777777777777777774444444444444777777777777777777          7777777                7777777    555555555555544444444
   7777777777777777777774444444444444777777777777777777         7777777777777777        777777     555555555555544444444
   777777777777777777774444444444444447777777777777777777  7   777777777777777777777 777777777     555555555555544444444
    777777777777777777774444444444444477777777444777777777777  77777777777777777777777777777777  77555555555555444444444
    7777777777777777777744444444444444777777 774554557          77777777777                 7777777555555555554444444444
     77777777777777777774444444444444477 7   7445456667         77777777777777777777777777777777746555555555554444444444
      7777777777777777774444444444444477 7    4555556664        77777754777  7777777444777444447746565554555544444444444
      7777777777777777774444444444444477 7     4665556665455555777777747777774556688888888888888888886554555544444444444
       777777777777777777444444444444477 7      565555555555555555444444445688888888888888888888888886544555544444444444
       777777777777777777444444444444477 7      456655544455555456886655688888888888885566666665566665555555544444444444
        77777777777777777744444444444777 7       46686655455554458888888888888888886544774777777756555555555444444444444
         7777777777777777744444444444777 7         758886655554468888888888888888654444444777777756555555555444444444444
         7777777777777777774444444444777  7          8888666555588888888888888864444477774777777756555555555444444444444
          777777777777777777444444447777  7          74884   77745688888888886777777777774777777755555555555444444444444
           77777777777777777444444447777  7            7          768888888888647777777774777777755555555555444444444444
           777777777777777774444444477777 7                        78888888888885   777774777777765555555555444444444444
            77777777777777774444444477777 7                         75888888888886     777 77777765555555555444444444444
            77777777777777774444444477777 7                            745688888886           77765555555555544444444444
             7777777777777777444444477777                                  768888886            765555555555544444444444
              777777777777774444444477777777                                 75888885    777    745555555555444444444444
              777777777777774444444477777777777777                             768886            75555555555544444444444
               77777777777774444444447777777777777777                           4888877777777    75555555555545444444444
                7777777777774444444444447777777777777777   777                  7888847777777    45555555555555444444444
                7777777777774444444444477777777777777777777777777777777777      7688887777777    45555555555554444444444
                 7777777777444444444477777777777777777777777777777777777777777777588885777777777745555555555555444444444
                 7777777777444444477777777777777777777777777777777777777777777777768886444444777745555555555555444444444
                  777777774444447777777777777777777777777777777777777777777777777776888474444777745555555555555544444444
                   77777774447777777777777777777777777777777777777777777777777777774888677444444456666666555555544444444
                   77777744777777777777777777777777777777777777777777777777777777777488857444555666666666665555544444444
                    7777477777777777777777777777777777777777777777777777777777777777755555444455566666666665555554444444
                 7  7777777777777777777777777777777777777777777777777777777777777777774444555554455566666655555554444444
               77777 777777777777777777777777777777777777777777777777777777777777777774455544564555566666655555554444444
              777777777777777777    777777777777777777777777777777777777777777777777777447444555565466666655555555444444
             777777777777777          77777777777777777777 7777777777777777777777777777777777455565688886655555555544444
