777447777777777777777777744444444447777777777                                              7777    455555555555544444444
7777777777777777777777777444444444477777777777                                           777777    455555555555544444444
777777777777777777777777744444444444777777777777                                         777777    455555555555544444444
7777777777777777777777777444444444447777777777777                                        777777    455555555555444444444
77777777777777777777777744444444444477777777777777                                       777777    455555555555444444444
77777777777777777777777744444444444477777777777777                                       777777    455555555555444444444
 7777777777777777777777744444444444447777777777777                                      7777777    455555555554444444444
 7777777777777777777777744444444444447777777777777                                       777777    455555555544444444444
  77777777777777777777774444444444444777777777777                  777                   77777     555555555544444444444
   7777777777777777777777444444444444777777777777    7             777777    7777        77777     555555555544444444444
   7777777777777777777777444444444444777777777777                77777777777777777    777777777    555555555544444444444
    777777777777777777774444444444444777777777774477            7777777777777777777   7777777777777555555555544444444444
    777777777777777777777444444444444777777    774557              777777                   7777774555555555544444444444
     77777777777777777777444444444444777       7445454            77777777777777   7454444477777746555555555544444444444
      7777777777777777777444444444444777 7      465555547         7777547    7  7468888888888866556666554555544444444444
      7777777777777777777444444444444777 7      466655556444444447777747777777568888888888888888888886554555544444444444
       777777777777777777744444444444777 7      765654455555555555444444444468888888886568888888888886544555544444444444
        77777777777777777774444444444777 7       45566555444555555565444445888888888854444444477756655555555544444444444
        77777777777777777774444444444777 7        4456665554555554468865568888888888444444777777756555555555444444444444
         7777777777777777777444444447777           468688886555547488888888888888884444444447777756555555555444444444444
         7777777777777777777444444447777             7458888655544588888888888888644444444444477756555555555444444444444
          777777777777777777744444447777  7             7586655555688888888888885777777774744444466555555555444444444444
           77777777777777777744444447777  7              764       45888888888888647777774744444466555555555444444444444
           77777777777777777744444447777  7                          768888888888886477774777777766555555555544444444444
            7777777777777777444444447777  7                            6888888888888864 77 77777765555555555444444444444
            77777777777777774444444477777                               75688888888888857    777765555555555544444444444
             7777777777777777444444477777                                     746888888867     7765555555555554444444444
              77777777777777744444447777777                                      745688886777777745555555555554444444444
              777777777777774444444477777777777                                      68885       75555555555554444444444
               77777777777774444444477777777777777777                               788884777    45555555555555444444444
                777777777777444444444447777777777777777    77                       488885777    45555555555555444444444
                77777777777744444444444777777777777777777777777777777777           7588885777   745555555555555544444444
                 7777777777744444444477777777777777777777777777777777777777777777777488884777777745555555555555544444444
                  777777777444444477777777777777777777777777777777777777777777777777768884444777745555555555555544444444
                  777777777444447777777777777777777777777777777777777777777777777777768884444777445565655555555554444444
                   77777774447777777777777777777777777777777777777777777777777777777758884444444456666666655555554444444
                   77777744777777777777777777777777777777777777777777777777777777777748885444455666666666665555555444444
                    7777477777777777777777777777777777777777777777777777777777777777774455554555566666666665555555444444
                     777777777777777777777777777777777777777777777777777777777777777774445555564565566666665555555544444
                7777 777777777777777777777777777777777777777777777777777777777777777774454444555565566666665555555554444
               7777777777777777      7777777777777777777 7 7777777777777777777777777777777444555565466666665555555554444
              777777777777              7777777777777       777777777777777777777777777777744455566688886665555555554444
