777447777777777777777777444444444447777777777                                             77777    455555555555444444444
777777777777777777777777444444444447777777777777                                         777777    455555555555444444444
7777777777777777777777777444444444447777777777777                                        777777    455555555555544444444
77777777777777777777777744444444444477777777777777                                       777777    455555555555444444444
777777777777777777777777444444444444777777777777777                                     7777777    455555555554444444444
7777777777777777777777744444444444444777777777777777                                    7777777    455555555554444444444
 777777777777777777777444444444444444777777777777777                                     777777    455555555544444444444
 7777777777777777777777444444444444447777777777777777                                    777777    455555555544444444444
  7777777777777777777777444444444444477777777777777777         77  7777777               77777     555555555544444444444
   7777777777777777777774444444444444777777777777777777        7777777777777              7777     555555555444444444444
   77777777777777777777444444444444447777777777777777777   7   77777777777777             7777     555555555444444444444
    77777777777777777777444444444444447777744547777777777777777777777777777777            7 77    7555555555444444444444
    777777777777777777774444444444444477777445554              7777777777                       777555555555444444444444
     77777777777777777774444444444444477   75555554           7777777777777777     7777777777777746555555555444444444444
      7777777777777777774444444444444477 7  465555555     7    77777775477         7777777777777746555554455444444444444
      7777777777777777774444444444444477 7   556555555555555547777777747777777444445555455556666668686554454444444444444
       777777777777777777444444444444477 7   456655554455555555544444444456688888888888888888888888886544455444444444444
        77777777777777777444444444444477 7    45566555445555544588866556888888888888888888888888668666555554444444444444
        77777777777777777744444444444477 7    75566866655555474688888888888888888888654455555447756555555554444444444444
         7777777777777777744444444444777 7     7468888886555444888888888888888888654444474777777756555555554444444444444
         77777777777777777744444444447777 7       7758866665555888888888888888654447777774777777756555555554444444444444
          7777777777777777774444444447777 7           885777777458888888888867777777777774777777755555555544444444444444
           77777777777777777444444444777  7           47         7688888888886777777777774777777755555555554444444444444
           777777777777777774444444477777 7                       78888888888884   7777777777777755555555554444444444444
            77777777777777774444444477777 7                         4688888888884    77777  7777755555555554444444444444
            77777777777777774444444477777 7                             7588888884             7755555555555444444444444
             7777777777777774444444477777                                 768888887              65555555555444444444444
              777777777777774444444477777777                                 588886      777   7745555555555444444444444
              777777777777774444444477777777777777                            788887             75555555555544444444444
               777777777777744444444477777777777777777     7                   58885777777777    75555555555544444444444
                7777777777774444444444447777777777777777777777                 48888477777777    45555555555544444444444
                777777777777444444444447777777777777777777777777777777777      76888877777777    45555555555554444444444
                 7777777777444444444477777777777777777777777777777777777777777774888867777777777745555555555555444444444
                  777777777444444477777777777777777777777777777777777777777777777468885444444777745555555555555544444444
                  777777774444447777777777777777777777777777777777777777777777777746888474444777445555555555555554444444
                   77777774447777777777777777777777777777777777777777777777777777774688844444444456666666655555554444444
                   77777744777777777777777777777777777777777777777777777777777777777466554444455666666666665555555444444
                    7777477777777777777777777777777777777777777777777777777777777777744445555555566666666665555555444444
                    7777777777777777777777777777777777777777777777777777777777777777774455544564565566666655555555544444
               77777 777777777777777777777777777777777777777777777777777777777777777777444444554565566666655555555544444
              777777777777777777    777777777777777777777777777777777777777777777777777777444555565466666655555555544444
              7777777777777           7777777777777777777777777777777777777777777777777777744455566688886665555555554444
