77744777777777777777777744444444444777777777777777                                       777777    455555555555555554444
77777777777777777777777744444444444477777777777777                                       777777    455555555555555544444
777777777777777777777777444444444444477777777777777                                     7777777    455555555555555444444
777777777777777777777777444444444444477777777777777                                     7777777    455555555555555544444
7777777777777777777777744444444444444777777777777777                                    7777777    455555555555554444444
777777777777777777777774444444444444477777777777777777                                 77777777    455555555555554444444
 777777777777777777777444444444444444477777777777777777                                 7777777    455555555555554444444
 7777777777777777777777444444444444444777777777777777777                          7777777777777    455555555555545444444
  777777777777777777777444444444444444777777777777777777                       7777777777777777    555555555555544444444
   777777777777777777777444444444444447777777777777777777             7     7777777777777777777  77555555555555544444444
   777777777777777777774444444444444447777777777777777777          77777777777777777777777777777 77555555555555444444444
    7777777777777777777744444444444444477777777777777777777       777777777777777777777777777777777555555555555444444444
    777777777777777777774444444444444447777777                747               7777745554447777774555555555554444444444
     77777777777777777774444444444444477 77                   74554   7    777777777688888888865446566555555554444444444
      7777777777777777774444444444444477 7                   74454557 57       77774888888888888888666554555544444444444
      7777777777777777774444444444444477 7                   655555565    7777777776888888888888888888554555544444444444
       777777777777777777444444444444477 7                   65655556647444447744448888888445555568686544555554444444444
       777777777777777777444444444444477 7                    5565555665555555444448888888854444456655555555544444444444
        77777777777777777744444444444477 7                    4456555555555555554448888888864444456655555555444444444444
         7777777777777777744444444444777 77                   7466655544455555556658888888885444466655555555444444444444
         77777777777777777744444444447777 7                     75686554455554458888888888885444466655555555444444444444
          7777777777777777774444444447777 7                        68886555544468888888888885444466655555555444444444444
           777777777777777774444444447777 7                        68866655544488888888888885774466655555555544444444444
           777777777777777774444444447777 7                         54     744468888888888888654765565555555544444444444
            77777777777777774444444477777 7                                     7568888888888888665566555555554444444444
            77777777777777774444444447777 7                                       76888888888888888666655555554444444444
             7777777777777774444444447777                                           488888888888888886665555554444444444
              777777777777774444444447777777                                          7454456888888888865555555444444444
              777777777777774444444447777777777777777                                        756888888886555554444444444
               77777777777774444444447777777777777777777   777                         777      588888886555555444444444
                7777777777744444444444447777777777777777777777                      777777777 58888888665555555444444444
                7777777777744444444444447777777777777777777777777777777777     77777777777777688888866655555555444444444
                 7777777777444444444477777777777777777777777777777777777777777777777777777748888886555555555555444444444
                 7777777777444444447777777777777777777777777777777777777777777777777777774588886545555555555555444444444
                  777777774444447777777777777777777777777777777777777777777777777777777776888647745566655555555544444444
                   77777744444777777777777777777777777777777777777777777777777777777777444686444456666866655555544444444
                   77777744777777777777777777777777777777777777777777777777777777777774444564555666666666665555544444444
                    7777477777777777777777777777777777777777777777777777777777777777777444455555566666666665555544444444
               777  7777777777777777777777777777777777777777777777777777777777777777777777445565465566666655555554444444
              7777777777777777777777777777777777777777777777777777777777777777777777777777744555455566666655555554444444
            777777777777777777777777777777777777777777777777777777777777777777777777777777774555555466666655555554444444
            77777777777777777        777777777777777777777 7777777777777777777777777777777774455565688886665555555544444
