7774477777777777777777777444444444477777777777                                           777777    455555555555555554444
777777777777777777777777444444444444777777777777                                         777777    455555555555555544444
7777777777777777777777777444444444447777777777777                                         77777    455555555555555444444
7777777777777777777777774444444444447777777777777                                        777777    455555555555555444444
7777777777777777777777774444444444447777777777777                                       7777777    455555555555554444444
777777777777777777777777444444444444477777777777777                                     7777777    455555555555544444444
 777777777777777777777744444444444444777777777777                                       7777777    455555555555554444444
 777777777777777777777774444444444444777777777777                   7777       7       77777777    555555555555544444444
  77777777777777777777774444444444444777777777777                  7777777    7777777  77777777    555555555555544444444
   7777777777777777777774444444444444777777777777                777777777777777777777777777777    555555555555544444444
   7777777777777777777774444444444444777777777777777            7777777777777777777777777777777   7555555555555444444444
    777777777777777777774444444444444777777777777745477         77777777777777777777777777777777777555555555554444444444
    777777777777777777774444444444444477777     77545665          777777777777            777777774555555555554444444444
     77777777777777777777444444444444477        7555456657       7777747777777777777444777777777746665555555554444444444
      7777777777777777777444444444444477 7       465555666    7   777454777777777456888888886665556666554555544444444444
      7777777777777777777744444444444777 7        5655556655555554777747777774568888888888888888888886554555544444444444
       777777777777777777774444444444777 7        4565555455555555554444444568888888886688888888888886544555554444444444
        77777777777777777774444444444777 7        7466655444555555566544456888888888854444444444456665555555554444444444
        77777777777777777777444444444777 7          45886554555544588888688888888886444444477777756555555555544444444444
         7777777777777777777444444447777              768886555544688888888888888864444444477777756555555555544444444444
         7777777777777777777744444447777               68886655554888888888888888544444444447777756555555555444444444444
          777777777777777777744444447777                464    777568888888888867777777774744477756555555555544444444444
           77777777777777777744444447777                            4688888888886477777774777777766555555555554444444444
           77777777777777777744444447777                             788888888888867 77774777777766555555555554444444444
            7777777777777777744444447777                              488888888888884  777 77777765555555555554444444444
            7777777777777777444444447777                                45688888888885      7777765555555555554444444444
             7777777777777777444444477777                                    4688888886        7765555555555554444444444
              77777777777777744444447777777                                    758888886 7777  7745555555555555444444444
              777777777777777444444477777777777                                   4688887        75555555555554444444444
               777777777777774444444777777777777777                                4888677777    75555555555555444444444
                777777777777444444444447777777777777777                            5888877777    45555555555555544444444
                77777777777744444444444777777777777777777777777777777777           5888847777    45555555555555544444444
                 7777777777744444444477777777777777777777777777777777777777777777775888847777777745555555555555444444444
                  777777777444444477777777777777777777777777777777777777777777777774888854444777745555555555555544444444
                  777777777444447777777777777777777777777777777777777777777777777777688854444777745555555555555544444444
                   77777774447777777777777777777777777777777777777777777777777777777488854444444456666666555555554444444
                   77777744777777777777777777777777777777777777777777777777777777777768864444555666666666665555554444444
                    7777477777777777777777777777777777777777777777777777777777777777758865444455566666666665555554444444
                     777777777777777777777777777777777777777777777777777777777777777774455555564565566666655555555444444
               77777 777777777777777777777777777777777777777777777777777777777777777774445554564555566666655555555444444
               7777777777777777      77777777777777777777     7777777777777777777777777444444555565466666655555555544444
              777777777777             77777777777777         7777777777777777777777777777777455566688886665555555554444
