777447777777777777777777444444444447777777777                                             77777    455555555555544444444
777777777777777777777777444444444444777777777777                                         777777    455555555555444444444
7777777777777777777777774444444444447777777777777                                        777777    455555555555544444444
7777777777777777777777774444444444447777777777777                                        777777    455555555555444444444
77777777777777777777777744444444444447777777777777                                      7777777    455555555554444444444
777777777777777777777774444444444444477777777777777                                      777777    455555555554444444444
 77777777777777777777744444444444444477777777777777                                     7777777    455555555554444444444
 777777777777777777777744444444444444777777777777777                                     777777    455555555544444444444
  77777777777777777777774444444444444777777777777777                                     77777     555555555544444444444
   7777777777777777777774444444444444777777777777777 7          7777777777777             7777     555555555544444444444
   77777777777777777777444444444444447777777777777777           7777777777777777        777777     555555555544444444444
    777777777777777777774444444444444777777744447777777    77  77777777777777777       77777777  77555555555444444444444
    77777777777777777777444444444444447777777445577             777777777                     77777555555555544444444444
     77777777777777777774444444444444477    745545657           77777777777777777777777777777777746555555555544444444444
      7777777777777777774444444444444477 7   465555666          7777 75777       774444774444477746565554455544444444444
      7777777777777777774444444444444477 7    56655556554555557777777777777745668888888888888888888886554455544444444444
       777777777777777777444444444444477 7    45655555555555555544444444456888888888888888888888888886544455544444444444
        77777777777777777444444444444477 7     4566655444555554556655445688888888888865566666665566665555555544444444444
        77777777777777777744444444444777 7     7456666555555554468888888888888888886444474777777756555555555444444444444
         7777777777777777774444444444777         46688888555544488888888888888888644444444777777756555555555444444444444
         7777777777777777777444444447777  7        776888665555588888888888888654444444444777777756555555555444444444444
          777777777777777777444444447777  7           588477444468888888888886777777777774777777756555555555444444444444
           77777777777777777444444447777  7           747         588888888888647777777774777777755555555555444444444444
           77777777777777777744444447777  7                        488888888888857 7777774777777765555555555544444444444
            7777777777777777444444447777  7                         768888888888884   7777 77777765555555555444444444444
            77777777777777774444444477777                              7445888888885          77765555555555544444444444
             7777777777777777444444477777                                   468888885           765555555555554444444444
              77777777777777744444447777777                                   74688887   7777  7745555555555544444444444
              7777777777777744444444777777777777                                 68887          745555555555554444444444
               77777777777774444444477777777777777777                            688857777777    45555555555555444444444
                7777777777774444444444477777777777777777                         588887777777   745555555555555544444444
                777777777777444444444444777777777777777777777777777777777        488884777777   745555555555555544444444
                 7777777777444444444477777777777777777777777777777777777777777777768886777777777745555555555555554444444
                  777777777444444477777777777777777777777777777777777777777777777748888444444777745555555555555554444444
                  777777774444447777777777777777777777777777777777777777777777777774888574444477445656655555555555444444
                   77777774447777777777777777777777777777777777777777777777777777777588844444444556666666655555555444444
                   77777744777777777777777777777777777777777777777777777777777777777768664444555666666666665555555444444
                    7777477777777777777777777777777777777777777777777777777777777777744455555565566666666665555555444444
                     777777777777777777777777777777777777777777777777777777777777777774445554564565566666665555555544444
                 777 777777777777777777777777777777777777777777777777777777777777777774444444555565566666665555555554444
               7777777777777777      777777777777777777777 7777777777777777777777777777777444555565466666665555555554444
              77777777777              777777777777777     7777777777777777777777777777777744455566688886665555555555444
