7774477777777777777777774444444444477777777777777                                        777777    455555555555444444444
77777777777777777777777744444444444477777777777777                                       777777    455555555555544444444
77777777777777777777777744444444444477777777777777                                      7777777    455555555555544444444
777777777777777777777777444444444444477777777777777                                     7777777    455555555555444444444
7777777777777777777777774444444444444777777777777777                                    7777777    455555555555444444444
7777777777777777777777744444444444444777777777777777                                    7777777    455555555555444444444
 77777777777777777777744444444444444477777777777777777                                  7777777    455555555554444444444
 777777777777777777777744444444444444777777777777777777                                  777777    455555555544444444444
  777777777777777777777444444444444447777777777777777777        7777777777               77777     555555555544444444444
   77777777777777777777744444444444444777777777777777777        777777777777777          77777     555555555544444444444
   777777777777777777774444444444444447777777777777777777777   777777777777777777        77777     555555555444444444444
    777777777777777777744444444444444477777744477777777777777 77777777777777777777      7777777   7555555555444444444444
    7777777777777777777744444444444444777777744547              7777777777                     7777555555555444444444444
     77777777777777777774444444444444477 7  44555547           777777777777777777777777777777777746555555555444444444444
      7777777777777777774444444444444477 7  7555555657          7777 75477        77777777777777746555554455444444444444
      7777777777777777744444444444444477 7   456555566554555547777777747777774555668888888888888668886554554444444444444
       777777777777777777444444444444477 7   765655555555555555544444444445688888888888888888888888886544455444444444444
       777777777777777777444444444444477 7    74566555444555554566655445688888888888886668888866566665555554444444444444
        77777777777777777444444444444777 7     4466865554555544488888888888888888886544774777777756555555554444444444444
         7777777777777777744444444444777 77     458688886555544588888888888888888644444474777777756555555554444444444444
         7777777777777777774444444444777  7       7758888665555688888888888888854444447474777777756555555554444444444444
          777777777777777777444444444777  7          4588444444456888888888886777777777774777777755555555544444444444444
           777777777777777774444444447777 7           757         588888888888847777777774777777755555555554444444444444
           777777777777777774444444477777 7                        588888888888867  777774777777755555555554444444444444
            77777777777777774444444477777 7                         468888888888884   7777 77777755555555554444444444444
            77777777777777744444444477777 7                            7775688888884           7755555555554444444444444
             7777777777777774444444477777                                   468888884           765555555555444444444444
              777777777777774444444477777777                                   468886    777    745555555555444444444444
              77777777777777444444444777777777777777                            78886            75555555555444444444444
               777777777777744444444477777777777777777     77                   7888847777777    75555555555544444444444
                7777777777774444444444447777777777777777777777                   688867777777    45555555555544444444444
                7777777777774444444444477777777777777777777777777777777777       588884777777    45555555555554444444444
                 7777777777444444444477777777777777777777777777777777777777777777768886777777777745555555555554444444444
                 7777777777444444477777777777777777777777777777777777777777777777746888444444777745555555555555444444444
                  777777774444447777777777777777777777777777777777777777777777777774888674444777445555555555555544444444
                   77777744447777777777777777777777777777777777777777777777777777777488854444444456666666655555554444444
                   77777744777777777777777777777777777777777777777777777777777777777756554444455666666666665555554444444
                    7777477777777777777777777777777777777777777777777777777777777777774445555555566666666665555555444444
                 7  7777777777777777777777777777777777777777777777777777777777777777774455544564565566666655555555444444
               77777 777777777777777777777777777777777777777777777777777777777777777777444444555565566666655555555444444
              7777777777777777777   777777777777777777777777777777777777777777777777777777444555565466666655555555544444
             77777777777777           7777777777777777777777777777777777777777777777777777744455566688886665555555554444
