777447777777777777777777444444444447777777777777                                          77777    455555555555555554444
7777777777777777777777774444444444447777777777777                                        777777    455555555555555544444
7777777777777777777777777444444444447777777777777                                        777777    455555555555555444444
77777777777777777777777744444444444477777777777777                                       777777    455555555555555544444
777777777777777777777777444444444444477777777777777                                      777777    455555555555554444444
7777777777777777777777744444444444444777777777777777                                     777777    455555555555554444444
 777777777777777777777444444444444444777777777777777                                    7777777    455555555555554444444
 77777777777777777777774444444444444477777777777777777               777                7777777    455555555555544444444
  77777777777777777777774444444444444777777777777777777            7777777     77       7777777    555555555555544444444
   77777777777777777777744444444444447777777777777777777         777777777777777777777  7777777    555555555555544444444
   777777777777777777774444444444444447777777777777777777       7777777777777777777777777777777   7555555555555444444444
    77777777777777777777444444444444447777777777744777777777   777777777777777777777777777777777777555555555554444444444
    77777777777777777777444444444444447777777   7445444           777777777                77777774555555555554444444444
     77777777777777777774444444444444477 77     745456667        7777747777777777777744777777777746555555555554444444444
      7777777777777777774444444444444477 7      7555556664        777754777  7777456888888888665556665554555544444444444
      7777777777777777774444444444444477 7       46655566644445547777747777774568888888888888888888886554555544444444444
       777777777777777777444444444444477 7        4655556555555555544444444468888888886668888888888886544555544444444444
       777777777777777777444444444444477 7        4566555455555555566654446888888888854474444447756555555555444444444444
        77777777777777777744444444444777 7         466665544555554488888888888888888444474777777756555555555444444444444
         7777777777777777744444444444777 77          4688665555544688888888888888864444444777777756555555555444444444444
         7777777777777777774444444444777  7            68886655554688888888888888544444444777777756555555555444444444444
          777777777777777777444444444777  7            45885777444588888888888884777777774777777756555555555444444444444
           77777777777777777444444447777  7              4          4688888888888577777774777777765555555555444444444444
           777777777777777774444444477777 7                          788888888888884  7774777777765555555555444444444444
            77777777777777744444444477777 7                           7688888888888867   7 77777765555555554444444444444
            77777777777777774444444477777 7                             756668888888884       77765555555555444444444444
             7777777777777774444444477777                                     4688888884        765555555555544444444444
              777777777777774444444477777777                                    7568888847777   745555555555444444444444
              777777777777774444444477777777777777                                 488884        75555555555444444444444
               77777777777774444444447777777777777777       77                     7888877777    75555555555544444444444
                77777777777744444444444477777777777777777  777                     4888847777    75555555555544444444444
                7777777777774444444444477777777777777777777777777777777777        75888847777    45555555555554444444444
                 7777777777444444444477777777777777777777777777777777777777777777774888857777777745555555555555444444444
                 7777777777444444477777777777777777777777777777777777777777777777777688854444777745555555555555444444444
                  777777774444447777777777777777777777777777777777777777777777777777588854444777745555555555555544444444
                   77777774447777777777777777777777777777777777777777777777777777777788864444444456666666555555544444444
                   77777744777777777777777777777777777777777777777777777777777777777758884444555666666666665555544444444
                    7777477777777777777777777777777777777777777777777777777777777777745565444455566666666665555544444444
                 7  7777777777777777777777777777777777777777777777777777777777777777774445555554455566666655555554444444
               77777 777777777777777777777777777777777777777777777777777777777777777774445554564555566666655555554444444
             77777777777777777777   777777777777777777777777777777777777777777777777777444444555565466666655555554444444
             77777777777777           77777777777777777777 7777777777777777777777777777777774455565688886655555555544444
