7774477777777777777777744444444444447777777777777                                       7777777    455555555555555554444
777777777777777777777774444444444444777777777777777                                     7777777    455555555555555554444
777777777777777777777774444444444444477777777777777                                     7777777    455555555555555544444
7777777777777777777777744444444444444777777777777777                                   77777777    455555555555555544444
7777777777777777777777744444444444444777777777777777                                   77777777    455555555555555544444
777777777777777777777774444444444444447777777777777777                                 77777777    455555555555555554444
 7777777777777777777774444444444444444777777777777777777                             7777777777    455555555555555445444
 7777777777777777777774444444444444444777777777777777777              777777777     77777777777    455555555555555444444
  777777777777777777777444444444444444777777777777777777             77777777777   777777777777    555555555555554444444
   777777777777777777774444444444444447777777777777777777         77777777777777777777777777777    555555555555554444444
   7777777777777777777744444444444444477777777777777777777 7      77777777777777777777777777777  77555555555555544444444
    77777777777777777774444444444444444777777777777777774477     7777777777777777777777777777777777555555555555444444444
    777777777777777777744444444444444447777777         774547           77777777     44777777777774555555555554444444444
     77777777777777777744444444444444447 77            74545657      777777777777774688888886654746565555555554444444444
      7777777777777777744444444444444447 7             755545664     754777777777758888888888888868666554555554444444444
      7777777777777777744444444444444447 7             7565555667   7777777777774688888868888888888888554555554444444444
       777777777777777774444444444444477 7              4565556665555554444444448888888644455555568886444555554444444444
       777777777777777774444444444444477 7              7555555555555556554444488888888544444447756555555555554444444444
        7777777777777777744444444444447777               466655444555555566655688888888544444444456555555555544444444444
         7777777777777777444444444444477777               45866544555544488888888888888444444444456555555555444444444444
         77777777777777777444444444447777 7                 788865555544688888888888885444444444466555555555444444444444
          7777777777777777444444444447777 7                 788886655554888888888888884774744444466555555555444444444444
           777777777777777744444444447777 7                   565  77747568888888888886544777744466555555555444444444444
           777777777777777444444444447777 7                               7688888888888888577777466555555555544444444444
            77777777777777444444444447777 7                                 58888888888888885777765555555555454444444444
            77777777777777744444444447777 7                                  4888888888888888867765555555555544444444444
             7777777777777444444444447777                                      45555568888888888465555555555554444444444
              777777777777744444444447777777                                           456888888855555555555554444444444
              777777777777744444444447777777777777777                                      58888675555555555554444444444
               777777777777444444444477777777777777777777 77777                      77777588886775555555555555444444444
                77777777777444444444444477777777777777777777777                   77777775888887 75555555555555444444444
                777777777774444444444444777777777777777777777777777777777777  77777777777888884  45555555555555444444444
                 7777777777444444444477777777777777777777777777777777777777777777777777758888577745555555555555444444444
                 7777777774444444447777777777777777777777777777777777777777777777777777768885777745555555555555444444444
                  777777774444447777777777777777777777777777777777777777777777777777777488864777745556655555555544444444
                   77777744444777777777777777777777777777777777777777777777777777777777588844444456666666655555544444444
                   77777444777777777777777777777777777777777777777777777777777777777777446644555666666666665555544444444
                    7777477777777777777777777777777777777777777777777777777777777777774445554555566666666665555554444444
              7777  7774777777777777777777777777777777777777777777777777777777777777774455455564465566666655555554444444
             77777777777777777777777777777777777777777777777777777777777777777777777777777444564555566666655555554444444
          77777777777777777777777777777777777777777777777777777777777777777777777777777777744555555466666655555554444444
          7777777777777777777       777777777777777777777777777777777777777777777777777777774455565688886655555555544444
