77744777777777777777777444444444444477777777777777                                      7777777    455555555555555444444
77777777777777777777777444444444444477777777777777                                      7777777    455555555555555444444
777777777777777777777774444444444444477777777777777                                    77777777    455555555555554444444
7777777777777777777777744444444444444777777777777777                                   77777777    455555555555554444444
7777777777777777777777744444444444444777777777777777                                   77777777    455555555555444444444
7777777777777777777777744444444444444477777777777777777                               777777777    455555555555444444444
 777777777777777777777444444444444444477777777777777777                             77777777777    455555555555544444444
 7777777777777777777774444444444444444777777777777777777             777777        777777777777    455555555555444444444
  777777777777777777777444444444444444777777777777777777            777777777    77777777777777    555555555554444444444
   777777777777777777774444444444444447777777777777777777         77777777777777777777777777777    555555555554444444444
   777777777777777777774444444444444447777777777777777777777     777777777777777777777777777777  77555555555544444444444
    77777777777777777774444444444444444777777777777777777777    77777777777777777777777777777777777555555555544444444444
    77777777777777777777444444444444444777777      744547             777777        744777777777774555555555544444444444
     77777777777777777744444444444444477 77         4454557         7777777777777775688888886654746555555555544444444444
      7777777777777777774444444444444477 7          45555564         754777777777568888888888888868666554555544444444444
      7777777777777777744444444444444477 7          4665555667 777447747777777746888888668888888888886554555444444444444
       777777777777777777444444444444477 7          76565555665555556444444444588888888444455555568886444555444444444444
       777777777777777777444444444444477 7           7566555555555555565444446888888885444477777756555555554444444444444
        77777777777777777444444444444477 7            446665544455555456866568888888884444444777756555555554444444444444
         7777777777777777444444444444477777            46686665555554458888888888888854444444444756555555554444444444444
         77777777777777777444444444447777 7              456888655554468888888888888644444444444456555555554444444444444
          7777777777777777744444444447777 7                5888666555588888888888886777774744444466555555554444444444444
           777777777777777774444444447777 7                 4857   77745688888888888865774777744466555555554444444444444
           777777777777777744444444447777 7                              58888888888888854 77777765555555554444444444444
            77777777777777744444444447777 7                               488888888888888864 777765555555554444444444444
            77777777777777744444444477777 7                                7588888888888888867 7765555555555444444444444
             7777777777777444444444447777                                     777774688888888847765555555555544444444444
              777777777777744444444447777777                                          7456888857745555555555444444444444
              777777777777744444444447777777777777777       7                            688867  75555555555544444444444
               777777777777444444444477777777777777777777 7777                         7688884   75555555555554444444444
                77777777777444444444444477777777777777777777777                  777777488888    45555555555555444444444
                7777777777744444444444447777777777777777777777777777777777   7777777777588885    45555555555554444444444
                 7777777777444444444477777777777777777777777777777777777777777777777777688867777745555555555555444444444
                 7777777777444444477777777777777777777777777777777777777777777777777777688844777745555555555555444444444
                  777777774444447777777777777777777777777777777777777777777777777777777888644777745565655555555544444444
                   77777744447777777777777777777777777777777777777777777777777777777774888544444456666666655555544444444
                   77777744777777777777777777777777777777777777777777777777777777777774456544455666666666665555544444444
                    7777477777777777777777777777777777777777777777777777777777777777774445555555566666666665555554444444
                77  7774777777777777777777777777777777777777777777777777777777777777774455545565465566666655555555444444
              777777 777777777777777777777777777777777777777777777777777777777777777777777444555555566666655555555444444
            777777777777777777777777777777777777777777777777777777777777777777777777777777444555565466666655555555544444
            7777777777777777         77777777777777777777777777777777777777777777777777777744455566688886665555555554444
