77744777777777777777777744444444444777777777777                                           77777    455555555555555554444
7777777777777777777777774444444444447777777777777                                        777777    455555555555555544444
7777777777777777777777777444444444447777777777777                                         77777    455555555555555444444
77777777777777777777777744444444444477777777777777                                       777777    455555555555555544444
77777777777777777777777744444444444477777777777777                                       777777    455555555555554444444
777777777777777777777774444444444444477777777777777                                     7777777    455555555555554444444
 77777777777777777777777444444444444477777777777777                                     7777777    455555555555554444444
 777777777777777777777774444444444444777777777777777                                    7777777    555555555555554444444
  77777777777777777777774444444444444777777777777777               7                   77777777    555555555555544444444
   777777777777777777777444444444444477777777777777777           77777777777777        7777777     555555555555544444444
   77777777777777777777444444444444447777777777777777           77777777777777777   7777777777     555555555555544444444
    777777777777777777774444444444444477777777747777777        7777777777777777777      7777777   7555555555555444444444
    7777777777777777777744444444444444777777 77455444            77777777                     77777555555555554444444444
     77777777777777777777444444444444477      445456657         77777777777777777777777777777777746555555555554444444444
      7777777777777777777444444444444477 7    4555556664        777777577         77777777777777746665554555554444444444
      7777777777777777777444444444444477 7     4655556664445554777777777777777744455666666688886668886554555554444444444
       777777777777777777444444444444477 7      565555555555555554444444444568888888888888888888888886544555555444444444
        77777777777777777744444444444777 7      456655544555555556654444568888888888888888888886668666555555554444444444
        77777777777777777774444444444777 7       46666554455554458888866888888888888654444444477756555555555544444444444
         7777777777777777774444444444777           468886555554468888888888888888864444444777777756555555555544444444444
         7777777777777777777444444447777             8888665554488888888888888886544444444777777756555555555544444444444
          777777777777777777744444447777             4488577744458888888888888547774777774777777756555555555544444444444
           77777777777777777744444447777  7            7          468888888888477777777774777777755555555555554444444444
           77777777777777777744444447777  7                        48888888888867 77777774777777765555555555554444444444
            7777777777777777744444447777                            48888888888867   77777777777765555555555554444444444
            77777777777777774444444477777                             4568888888867     77777777765555555555554444444444
             7777777777777777444444477777                                 7688888887          77765555555555554444444444
              77777777777777744444447777777                                 76888886    77777  7755555555555555444444444
              777777777777774444444477777777777                               4688884   77      745555555555554444444444
               7777777777777444444447777777777777777                            6888577777777    45555555555555444444444
                777777777777444444444447777777777777777                         4888677777777    45555555555555544444444
                777777777777444444444447777777777777777777777777777777777       4888857777777    45555555555555544444444
                 7777777777744444444477777777777777777777777777777777777777777777888884777777777745555555555555444444444
                  777777777444444477777777777777777777777777777777777777777777777588885444444777745555555555555544444444
                  777777774444477777777777777777777777777777777777777777777777777758886774444777745555555555555544444444
                   77777774447777777777777777777777777777777777777777777777777777775888574444444456666666555555554444444
                   77777744777777777777777777777777777777777777777777777777777777777688844444555666666666665555554444444
                    7777477777777777777777777777777777777777777777777777777777777777488664444455566666666665555554444444
                    7777777777777777777777777777777777777777777777777777777777777777744455555554565566666655555554444444
               77777 777777777777777777777777777777777777777777777777777777777777777774444554564555566666655555555444444
              77777777777777777     777777777777777777777777 77777777777777777777777777444444555565466666655555555544444
              777777777777            7777777777777777       77777777777777777777777777777774455565688886665555555554444
