77744777777777777777777744444444444777777777777                                           77777    455555555555555444444
777777777777777777777777444444444444777777777777                                         777777    455555555555554444444
7777777777777777777777774444444444447777777777777                                        777777    455555555555554444444
77777777777777777777777744444444444477777777777777                                      7777777    455555555555554444444
77777777777777777777777744444444444447777777777777                                      7777777    455555555555444444444
77777777777777777777777444444444444447777777777777                                      7777777    455555555555544444444
 77777777777777777777774444444444444477777777777777                                     7777777    455555555555544444444
 7777777777777777777777744444444444447777777777777                                      7777777    455555555555444444444
  77777777777777777777774444444444444777777777777                  77777      77        7777777    555555555554444444444
   7777777777777777777774444444444444777777777777    7            7777777777777777      777777     555555555554444444444
   7777777777777777777774444444444444477777777777               7777777777777777777777777777777    555555555554444444444
    777777777777777777774444444444444477777777774447            77777777777777777777777777777777 77555555555554444444444
    7777777777777777777744444444444444777777   7444544            777777777                 7777774555555555544444444444
     77777777777777777777444444444444477       745545667         7777777777777777777777777777777746555555555544444444444
      7777777777777777774444444444444477 7      465555666        777775477   7777746888666666655456666554555544444444444
      7777777777777777777444444444444477 7       56555566554555547777747777774568888888888888888888886554555544444444444
       777777777777777777744444444444777 7       75655555555555555544444444468888888888888888888888886544555544444444444
        77777777777777777744444444444777 7        4566554444555555566544456888888888864445555544456665555555544444444444
        77777777777777777774444444444777 7        7466865544555544588886688888888888444444477777756555555555444444444444
         7777777777777777777444444444777            74688865555444888888888888888864444444477777756555555555444444444444
         7777777777777777777444444447777               68886655445888888888888888544444444444777756555555555444444444444
          777777777777777777744444447777                4864777444688888888888867777777774744447756555555555444444444444
           77777777777777777744444447777  7              7         75888888888886477777774777447766555555555444444444444
           77777777777777777744444447777  7                          488888888888867 77774777777766555555555544444444444
            7777777777777777444444447777                              488888888888884  777 77777765555555555454444444444
            77777777777777774444444477777                               456688888888867      777765555555555544444444444
             7777777777777777444444477777                                    75888888867        765555555555554444444444
              77777777777777744444447777777                                     4688888877777  7745555555555554444444444
              777777777777774444444477777777777                                   7588887        75555555555554444444444
               7777777777777444444447777777777777777                               4888877777    75555555555555444444444
                777777777777444444444447777777777777777                            5888877777    45555555555555444444444
                777777777777444444444447777777777777777777777777777777777          5888847777    45555555555555544444444
                 7777777777444444444477777777777777777777777777777777777777777777775888857777777745555555555555444444444
                  777777777444444477777777777777777777777777777777777777777777777774688854444777745555555555555544444444
                  777777774444447777777777777777777777777777777777777777777777777777588854444777445565655555555554444444
                   77777774447777777777777777777777777777777777777777777777777777777488864444444456666666655555554444444
                   77777744777777777777777777777777777777777777777777777777777777777758884444555666666666665555555444444
                    7777477777777777777777777777777777777777777777777777777777777777746665444555566666666665555555444444
                     777777777777777777777777777777777777777777777777777777777777777774445555564565566666655555555544444
                 777 777777777777777777777777777777777777777777777777777777777777777774445544554565566666655555555544444
               7777777777777777       777777777777777777     77777777777777777777777777444444555565466666655555555544444
              777777777777             777777777777777      777777777777777777777777777777744455566688886665555555554444
