7774477777777777777777774444444444477777777777777                                        777777    755555555555544444444
77777777777777777777777444444444444477777777777777                                       777777    455555555555544444444
77777777777777777777777744444444444477777777777777                                      7777777    455555555555544444444
777777777777777777777777444444444444477777777777777                                     7777777    455555555555444444444
7777777777777777777777744444444444444777777777777777                                    7777777    455555555555444444444
77777777777777777777777444444444444447777777777777777                                   7777777    455555555555444444444
 77777777777777777777744444444444444477777777777777777                                  7777777    455555555554444444444
 777777777777777777777744444444444444477777777777777777           77777                 7777777    455555555554444444444
  77777777777777777777744444444444444477777777777777777          777777777  7777         77777     555555555554444444444
   77777777777777777777444444444444444777777777777777777        77777777777777777        77777     555555555544444444444
   777777777777777777774444444444444447777777777777777777777    77777777777777777777 7777777777    555555555544444444444
    777777777777777777774444444444444477777777444477777777777  777777777777777777777777777777777 77555555555444444444444
    77777777777777777777444444444444447777777 7444547            77777777777               77777774555555555444444444444
     77777777777777777774444444444444477 77   745545657         77777747777777777777777777777777746555555555444444444444
      7777777777777777774444444444444447 7     565555665         7777754777777774456888666666655456555554555444444444444
      7777777777777777774444444444444477 7     7565555666555555577777747777745688888888888888888888886554555444444444444
       777777777777777777444444444444477 7      456555555555555555544444445688888888886688888888888886544555444444444444
        77777777777777777444444444444477 7       45665554445555445686554588888888888654474444444456555555554444444444444
        77777777777777777744444444444777 7       75668655545555445888888888888888885444474777777756555555554444444444444
         7777777777777777744444444444777 7         456888865555446888888888888888644444444777777756555555554444444444444
         7777777777777777774444444444777  7           688866655558888888888888864774444474747777756555555554444444444444
          777777777777777777444444444777  7            48857777445688888888888857777777774777777756555555544444444444444
           77777777777777777444444444777  7             47         76888888888888577777774777777755555555554444444444444
           777777777777777774444444447777 7                          5888888888888857  777 77777765555555554444444444444
            77777777777777744444444477777 7                           4688888888888864   7  7777765555555554444444444444
            77777777777777774444444477777 7                             777446888888885         755555555554444444444444
             7777777777777774444444477777                                      468888885         55555555554444444444444
              777777777777774444444477777777                                      768885 777     45555555555444444444444
              77777777777777444444447777777777777777                               58885         75555555555444444444444
               777777777777744444444477777777777777777     77                      6888677777    75555555555544444444444
                7777777777774444444444447777777777777777777777                     6888877777    45555555555544444444444
                7777777777774444444444477777777777777777777777777777777777        75888877777    45555555555554444444444
                 7777777777444444444477777777777777777777777777777777777777777777774888847777777745555555555554444444444
                 7777777777444444477777777777777777777777777777777777777777777777777588854444777745555555555555444444444
                  777777774444447777777777777777777777777777777777777777777777777777488854444777745555555555555544444444
                   77777774447777777777777777777777777777777777777777777777777777777758884444444456666666555555554444444
                   77777744777777777777777777777777777777777777777777777777777777777745565444455666666666665555554444444
                    7777477777777777777777777777777777777777777777777777777777777777774445555555566666666665555554444444
                 7  7777777777777777777777777777777777777777777777777777777777777777774455545564465566666655555555444444
               77777 777777777777777777777777777777777777777777777777777777777777777777444444555555566666655555555444444
              7777777777777777777   777777777777777777777777777777777777777777777777777777444555565466666655555555544444
             777777777777777         77777777777777777777777777777777777777777777777777777744455566688886665555555554444
