77744777777777777777777774444444444777777777777                                          777777    455555555555555544444
7777777777777777777777777444444444447777777777777                                        777777    455555555555555444444
7777777777777777777777777444444444447777777777777                                        777777    455555555555554444444
77777777777777777777777774444444444477777777777777                                      7777777    455555555555554444444
77777777777777777777777744444444444447777777777777                                      7777777    455555555555544444444
777777777777777777777777444444444444477777777777777                                    77777777    455555555555544444444
 77777777777777777777777444444444444477777777777777                                  7777777777    455555555555544444444
 777777777777777777777774444444444444777777777777777                         7      77777777777    455555555555544444444
  777777777777777777777744444444444447777777777777                      77777777   777777777777    555555555555444444444
   77777777777777777777774444444444447777777777777                   77777777777777777777777777    555555555554444444444
   77777777777777777777774444444444447777777777777                 7777777777777777777777777777  77555555555554444444444
    7777777777777777777774444444444447777777777777     7747       777777777777777777777777777777777555555555554444444444
    7777777777777777777777444444444444777777            74457             7777777   744444777777774565555555544444444444
     77777777777777777777744444444444777                7454564      777777777777774888888888654446566555555554444444444
      7777777777777777777744444444444777 7              55555565     754777777777758888888888888888666554555544444444444
      7777777777777777777744444444444777 7              556555565   7747777777777588888868888888888888554555544444444444
       777777777777777777774444444444777 7              7565455666555555444444446888888644455555568886544555544444444444
        77777777777777777774444444444777 7               456555545555555654444458888888644444444456655555555544444444444
        77777777777777777777444444447777 7               746665544455555556544488888888844444444456655555555544444444444
         7777777777777777777744444447777                   5686655455555446886688888888644444444456655555555444444444444
         7777777777777777777744444447777                     76888555554458888888888888544444444466655555555444444444444
          777777777777777777744444447777                      6886665544488888888888888474744444466555555555444444444444
           77777777777777777744444447777                       564 77444488888888888886474777444466655555555444444444444
           77777777777777777744444447777                                  4688888888888886477777466655555555544444444444
            7777777777777777744444447777                                    46888888888888885777766655555555454444444444
            7777777777777777744444447777                                     7688888888888888864765555555555544444444444
             7777777777777777444444477777                                      45888888888888888665555555555554444444444
              77777777777777744444447777777                                           7456888888885555555555554444444444
              777777777777777444444477777777777                                           745888885555555555554444444444
               777777777777774444444777777777777777                                       758888855555555555555444444444
                777777777777444444444447777777777777777                               7777588888445555555555555444444444
                77777777777744444444444777777777777777777777777777777777            777774888884 45555555555555444444444
                 7777777777744444444477777777777777777777777777777777777777777777777777776888847745555555555555444444444
                  777777777444444777777777777777777777777777777777777777777777777777777758888477745555555555555444444444
                  777777777444477777777777777777777777777777777777777777777777777777777788884777745566655555555544444444
                   77777774447777777777777777777777777777777777777777777777777777777777588854444456666666655555554444444
                   77777744777777777777777777777777777777777777777777777777777777777774445644555666666666665555544444444
                    7777477777777777777777777777777777777777777777777777777777777777774444555555566666666665555554444444
                     777777777777777777777777777777777777777777777777777777777777777777444445564465566666655555554444444
               77777 777777777777777777777777777777777777777777777777777777777777777777777744554555566666655555555444444
               7777777777777777       777777777777777777     77777777777777777777777777777777555555466666655555555544444
              77777777777              7   77777777           7777777777777777777777777777777455565688886665555555554444
