7774477777777777777777774444444444477777777777777                                        777777    455555555555555554444
77777777777777777777777744444444444477777777777777                                       777777    455555555555555554444
77777777777777777777777744444444444477777777777777                                       777777    455555555555555544444
777777777777777777777777444444444444477777777777777                                     7777777    455555555555555544444
7777777777777777777777774444444444444777777777777777                                    7777777    455555555555555544444
7777777777777777777777744444444444444777777777777777                                    7777777    455555555555555554444
 77777777777777777777744444444444444477777777777777777                                  7777777    455555555555555445444
 7777777777777777777777744444444444447777777777777777777             77777            777777777    455555555555555444444
  777777777777777777777744444444444444777777777777777777            777777       77777777777777    555555555555554444444
   777777777777777777777444444444444447777777777777777777         77777777777777777777777777777    555555555555554444444
   777777777777777777777444444444444447777777777777777777777    7777777777777777777777777777777   7555555555555545444444
    77777777777777777777444444444444447777777777777777777777    77777777777777777777777777777777777555555555555544444444
    77777777777777777777444444444444447777777    74447 7            7777777               777777774555555555555544444444
     77777777777777777774444444444444477 77      74455665          77777777777777777555444444777746555555555555444444444
      7777777777777777774444444444444477 7       7455556657         77547777 7777468888888888866556666554555554444444444
      7777777777777777774444444444444477 7        555555666  77447777747777777468888888888888888888886554555554444444444
       777777777777777777444444444444477 7         565555666555555547444444456888888886556688888888886544555554444444444
       777777777777777777444444444444477 7         455555555555555565544444688888888854444777777756555555555554444444444
        77777777777777777774444444444777 7         756666554455555456888868888888888544444777777756555555555544444444444
         7777777777777777774444444444777 77          4668665455554458888888888888886444444447777756555555555444444444444
         7777777777777777774444444444777  7            76888655554468888888888888854444444444477756555555555444444444444
          777777777777777777444444444777  7             6688655555568888888888888477777774744444466555555555444444444444
           77777777777777777444444447777  7               65       77588888888888864777774777444466555555555444444444444
           777777777777777777444444477777 7                           76888888888888847777777777765555555555444444444444
            77777777777777774444444477777 7                            76888888888888864 7 77777765555555555444444444444
            77777777777777774444444477777 7                              46888888888888867   777765555555555544444444444
             7777777777777774444444477777                                      756888888884    7765555555555544444444444
              777777777777777444444477777777                                      74568888877777745555555555444444444444
              77777777777777444444447777777777777777                                  68885      75555555555544444444444
               777777777777744444444477777777777777777     777                       78888477    75555555555545444444444
                777777777777444444444444777777777777777777 777                       58888477    75555555555555444444444
                7777777777774444444444477777777777777777777777777777777777         7768888477    45555555555554444444444
                 7777777777444444444477777777777777777777777777777777777777777777777768888777777745555555555554444444444
                 7777777777444444477777777777777777777777777777777777777777777777777758886444777745555555555555444444444
                  777777774444447777777777777777777777777777777777777777777777777777748886444777745555555555555444444444
                   77777774447777777777777777777777777777777777777777777777777777777778886444444456666666555555544444444
                   77777744777777777777777777777777777777777777777777777777777777777776886444555666666666665555544444444
                    7777477777777777777777777777777777777777777777777777777777777777774455544555566666666665555544444444
                 7  7777777777777777777777777777777777777777777777777777777777777777774444555554455566666655555554444444
              777777 777777777777777777777777777777777777777777777777777777777777777774454444564555566666655555554444444
            777777777777777777777  7777777777777777777777777777777777777777777777777777777744555555466666655555554444444
            7777777777777777          77777777777777777777 7777777777777777777777777777777777455565688886655555555544444
