77744777777777777777777774444444444777777777777                                            7777    455555555555555554444
777777777777777777777777744444444447777777777777                                          77777    455555555555555544444
7777777777777777777777777444444444447777777777777                                         77777    455555555555555444444
7777777777777777777777777444444444447777777777777                                        777777    455555555555555544444
777777777777777777777777744444444444777777777777777                                      777777    455555555555555544444
777777777777777777777777444444444444477777777777777                                      777777    455555555555555554444
 77777777777777777777777444444444444477777777777777                                     7777777    455555555555555445444
 777777777777777777777774744444444444777777777777777                                   77777777    455555555555555444444
  77777777777777777777777444444444444777777777777777                         77777    777777777    555555555555554444444
   7777777777777777777777444444444444777777777777777 7                 777777777777777777777777   7555555555555554444444
   7777777777777777777777444444444444777777777777777                7777777777777777777777777777 77555555555555544444444
    7777777777777777777774444444444447777777777777777     777      77777777777777777777777777777777555555555555444444444
    7777777777777777777777444444444447777777              77457             77777   756555544777774565555555555444444444
     77777777777777777777744444444444777                  745454      77777777777774888888888865446566555555554444444444
      7777777777777777777744444444444777 7                45554554    54   777777748888888888888888666554555554444444444
      7777777777777777777744444444444777 7                655555667   77777777777468888866688888888886554555554444444444
       777777777777777777774444444444777 7                65655556655555544444444688888864444555568686544555555444444444
       777777777777777777774444444444777 7                 4565555565555555444444888888885444444456655555555554444444444
        77777777777777777777444444447777 7                 4566555445555555566545888888885444444456655555555544444444444
         7777777777777777777444444447777                    466665444555554468888888888886444444466655555555544444444444
         7777777777777777777744444447777                      4688655555544588888888888885444444466655555555544444444444
          777777777777777777744444447777                       588866555444688888888888884744444466655555555544444444444
           77777777777777777744444447777  7                    758654444554888888888888885777444466655555555554444444444
           77777777777777777744444447777  7                      7         746888888888888865777466655555555554444444444
            7777777777777777744444447777                                      768888888888888857765665555555554444444444
            77777777777777777444444477777                                       5888888888888888565566555555554444444444
             7777777777777777444444477777                                        756888888888888886556555555555444444444
              77777777777777744444447777777                                             74688888888856655555555444444444
              7777777777777774444444777777777777                                            4568888865655555554444444444
               777777777777774444444777777777777777                                     7   7588888656555555555444444444
                7777777777774444444444477777777777777777                              7777748888886555555555555544444444
                777777777777444444444447777777777777777777777777777777777           777777488888855555555555555544444444
                 7777777777744444444777777777777777777777777777777777777777777777777777777688886745555555555555444444444
                  777777777444444477777777777777777777777777777777777777777777777777777776888847745555555555555544444444
                  777777777444477777777777777777777777777777777777777777777777777777777758886477745566655555555544444444
                   77777774447777777777777777777777777777777777777777777777777777777777456864444456666666655555544444444
                   77777744777777777777777777777777777777777777777777777777777777777774445654555666666666665555544444444
                    7777477777777777777777777777777777777777777777777777777777777777774444554555566666666665555554444444
                     777777777777777777777777777777777777777777777777777777777777777777444445564465566666655555554444444
               77777 777777777777777777777777777777777777777777777777777777777777777777777744564555566666655555554444444
               7777777777777777      77777777777777777777    77777777777777777777777777777777555555466666655555555444444
              7777777777777            77777777777777        77777777777777777777777777777777455565688886655555555544444
