77744777777777777777777744444444444777777777777                                          777777    455555555555555554444
777777777777777777777777444444444444777777777777                                         777777    455555555555555544444
7777777777777777777777774444444444447777777777777                                        777777    455555555555555444444
77777777777777777777777744444444444477777777777777                                       777777    455555555555554444444
77777777777777777777777744444444444447777777777777                                      7777777    455555555555554444444
777777777777777777777774444444444444477777777777777                                     7777777    455555555555544444444
 77777777777777777777744444444444444477777777777777                                     7777777    455555555555554444444
 777777777777777777777744444444444444777777777777777                                    7777777    555555555555544444444
  7777777777777777777777444444444444477777777777777              77777777   777        77777777    555555555555544444444
   777777777777777777777444444444444477777777777777  7          7777777777777777        777777     555555555555544444444
   7777777777777777777744444444444444777777777747  7           7777777777777777777777777777777     555555555555444444444
    777777777777777777774444444444444477777777745477777    7   77777777777777777777777777777777   7555555555554444444444
    7777777777777777777744444444444444777777 745445667          777777777777                 777777555555555554444444444
     77777777777777777774444444444444477     7555555665        777777747777777777777777777777777746655555555554444444444
      7777777777777777774444444444444477 7    7565555664  7777  77777754777777777777777777777777746665554555544444444444
      7777777777777777777444444444444477 7     7565555665555555774477747777774455566666666688888668886554555544444444444
       777777777777777777444444444444477 7      556555445555555555444444455688888888888888888888888888544555554444444444
        77777777777777777744444444444777 7      456665544455554458866555888888888888888888888886668666555555554444444444
        77777777777777777774444444444777 7        5688665555554488888888888888888888544444444477756555555555544444444444
         7777777777777777774444444447777            48888655544588888888888888888654444444777777756555555555544444444444
         7777777777777777777444444447777             6688555555588888888888888864477777774777777756555555555444444444444
          777777777777777777744444447777              457       74888888888884777777777774777777756555555555544444444444
           77777777777777777444444447777  7                       788888888885  7777777774777777755555555555554444444444
           77777777777777777744444447777  7                        688888888884    7777777777777765555555555554444444444
            7777777777777777444444447777                            468888888887     77777 77777765555555555554444444444
            77777777777777774444444477777                              468888886             777765555555555544444444444
             7777777777777777444444477777                                58888885             77765555555555554444444444
              77777777777777744444447777777                               4888886        7777 77745555555555554444444444
              777777777777774444444477777777777                            7588884     7        775555555555554444444444
               777777777777744444444777777777777777                          5888677777777777    75555555555555444444444
                7777777777774444444444447777777777777777                     7888847777777777    45555555555555444444444
                77777777777744444444444777777777777777777777777777777777      588884777777777    45555555555555544444444
                 7777777777744444444477777777777777777777777777777777777777777488888477777777777745555555555555444444444
                  777777777444444477777777777777777777777777777777777777777777748888644444444777745555555555555544444444
                  777777777444477777777777777777777777777777777777777777777777774688857774444477745555555555555544444444
                   77777774447777777777777777777777777777777777777777777777777777468885774444444456666666655555554444444
                   77777744777777777777777777777777777777777777777777777777777777776888574444555666666666665555544444444
                    7777477777777777777777777777777777777777777777777777777777777777586654444455566666666665555554444444
                     777777777777777777777777777777777777777777777777777777777777777744445555564565566666655555555444444
               77777 777777777777777777777777777777777777777777777777777777777777777774445554564555566666655555555444444
               7777777777777777      7777777777777777777777  77777777777777777777777777444444555565466666655555555544444
              777777777777             777777777777777       77777777777777777777777777777777455565688886665555555554444
