7774477777777777777777744444444444447777777777777                                       7777777    455555555555555554444
77777777777777777777777444444444444477777777777777                                      7777777    455555555555555554444
777777777777777777777774444444444444477777777777777                                     7777777    455555555555555544444
7777777777777777777777744444444444444777777777777777                                    7777777    455555555555555544444
7777777777777777777777744444444444444777777777777777                                   77777777    455555555555555544444
777777777777777777777774444444444444477777777777777777                                777777777    455555555555555554444
 777777777777777777777444444444444444477777777777777777                 7            7777777777    455555555555555445444
 7777777777777777777777444444444444444777777777777777777              77777777      77777777777    455555555555555444444
  777777777777777777777444444444444444777777777777777777             77777777777   777777777777    555555555555554444444
   777777777777777777774444444444444447777777777777777777         77777777777777777777777777777    555555555555554444444
   777777777777777777774444444444444447777777777777777777777     777777777777777777777777777777  77555555555555544444444
    77777777777777777774444444444444444777777777777777744477     7777777777777777777777777777777777555555555555444444444
    777777777777777777774444444444444447777777        7745577          77777777      77777777777774555555555554444444444
     77777777777777777774444444444444447 77           74554664       777777777777774688888866554746565555555554444444444
      7777777777777777774444444444444447 7             55555665      754777777777758888888888888868666554555554444444444
      7777777777777777774444444444444447 7             565555664   77777777777775888888868888888888886554555554444444444
       777777777777777774444444444444477 7             75655566655555554444444468888888544555555568886444555554444444444
       777777777777777774444444444444477 7             74565555555555565544444688888888444444477756555555555554444444444
        7777777777777777744444444444447777              4666554445555555586656888888886444444447756555555555444444444444
         7777777777777777444444444444477777              756865544555544688888888888885444444444456555555555444444444444
         77777777777777777444444444447777 7                 688865555445888888888888864444444444466555555555444444444444
          7777777777777777444444444447777 7                 688866655546888888888888847774744444466555555555444444444444
           777777777777777744444444447777 7                  4657  77774588888888888865474777744466555555555444444444444
           777777777777777744444444447777 7                              75888888888888886777777466555555555544444444444
            77777777777777744444444447777 7                                488888888888888864777765555555555444444444444
            77777777777777744444444447777 7                                 76888888888888888647765555555555544444444444
             7777777777777744444444447777                                     745555588888888885765555555555554444444444
              777777777777744444444447777777                                          7456888888445555555555554444444444
              777777777777744444444447777777777777777                                     488886775555555555554444444444
               777777777777444444444477777777777777777777 7777                        7774888867 75555555555555444444444
                77777777777444444444444477777777777777777777777                   7777774888884  75555555555555444444444
                7777777777744444444444447777777777777777777777777777777777777  777777777588886   45555555555555444444444
                 7777777777444444444477777777777777777777777777777777777777777777777777768888777745555555555555444444444
                 7777777777444444477777777777777777777777777777777777777777777777777777488884777745555555555555444444444
                  777777774444447777777777777777777777777777777777777777777777777777777588854777745565655555555544444444
                   77777744444777777777777777777777777777777777777777777777777777777777688844444456666666555555544444444
                   77777744777777777777777777777777777777777777777777777777777777777777456644555666666666665555544444444
                    7777477777777777777777777777777777777777777777777777777777777777774445554555566666666665555554444444
              7777  7774777777777777777777777777777777777777777777777777777777777777774555555564465566666655555554444444
              7777777777777777777777777777777777777777777777777777777777777777777777777744444564555566666655555554444444
          7 777777777777777777777777777777777777777777777777777777777777777777777777777777774555555466666655555555444444
          7 77777777777777777        77777777777777777777777777777777777777777777777777777774455565688886655555555544444
