777447777777777777777777744444444447777777777777                                         777777    455555555555555554444
777777777777777777777777744444444444777777777777                                         777777    455555555555555544444
7777777777777777777777777444444444447777777777777                                        777777    455555555555555444444
77777777777777777777777774444444444477777777777777                                       777777    455555555555555544444
77777777777777777777777744444444444477777777777777                                       777777    455555555555554444444
777777777777777777777777444444444444477777777777777                                     7777777    455555555555554444444
 77777777777777777777777444444444444477777777777777                                    77777777    455555555555554444444
 77777777777777777777777444444444444477777777777777                                 77777777777    555555555555555444444
  7777777777777777777777444444444444477777777777777                  777777       7777777777777    555555555555544444444
   77777777777777777777774444444444447777777777777   7              7777777777 7777777777777777    555555555555544444444
   77777777777777777777774444444444447777777777777                77777777777777777777777777777  77555555555555544444444
    7777777777777777777774444444444447777777777777 7777          7777777777777777777777777777777777555555555555444444444
    7777777777777777777774444444444444777777        7454              77777                77777774555555555554444444444
     77777777777777777777744444444444477            7444565          777777777777777566666655447746566555555554444444444
      7777777777777777777744444444444777 7          455455654        7547777  777758888888888888668666554555554444444444
      7777777777777777777744444444444777 7           555556667  77777747777777746888888888888888888888554555555444444444
       777777777777777777774444444444777 7           4565556665555555444444444588888888445666666668886544555555444444444
        77777777777777777774444444444777 7            555555555555555554444445888888885444444777756655555555554444444444
        77777777777777777777444444447777 7            456655444455555556654468888888884444444477756555555555544444444444
         7777777777777777777444444447777               75686554455554458888888888888854444444444756555555555544444444444
         7777777777777777777744444447777                  58886555544488888888888888644444444444456555555555444444444444
          777777777777777777744444447777                  58886665544588888888888888474444744444466555555555544444444444
           77777777777777777744444447777                    564   744468888888888886477774774444466555555555554444444444
           77777777777777777744444447777                                488888888888886474777774466555555555554444444444
            7777777777777777744444447777                                 76888888888888867 77777766555555555554444444444
            77777777777777777444444477777                                 768888888888888857 777765555555555554444444444
             7777777777777777444444477777                                   74555668888888885  7765555555555554444444444
              77777777777777744444447777777                                        7568888888577745555555555555444444444
              777777777777777444444477777777777                                       74588886  775555555555554444444444
               777777777777774444444777777777777777                                     488887   75555555555555444444444
                777777777777444444444447777777777777777                               7488886    45555555555555544444444
                77777777777744444444444777777777777777777777777777777777             77688885    45555555555555544444444
                 7777777777744444444777777777777777777777777777777777777777777777777774888887777745555555555555444444444
                  777777777444444477777777777777777777777777777777777777777777777777774888854777745555555555555544444444
                  777777777444477777777777777777777777777777777777777777777777777777774888644777745565555555555544444444
                   77777774447777777777777777777777777777777777777777777777777777777775888544444456666666555555554444444
                   77777744777777777777777777777777777777777777777777777777777777777775888444555666666666665555544444444
                    7777477777777777777777777777777777777777777777777777777777777777774556544455566666666665555554444444
                     777777777777777777777777777777777777777777777777777777777777777774445555564565566666655555554444444
               77777 777777777777777777777777777777777777777777777777777777777777777774455444564555566666655555554444444
               7777777777777777      7777777777777777777       777777777777777777777777777774555555466666655555555544444
              777777777777             7 7 77 7777777         7777777777777777777777777777777455565688886665555555554444
