7774477777777777777777774444444444477777777777777                                        777777    455555555555555554444
7777777777777777777777774444444444447777777777777                                       7777777    455555555555555444444
77777777777777777777777744444444444477777777777777                                      7777777    455555555555554444444
777777777777777777777777444444444444477777777777777                                     7777777    455555555555554444444
7777777777777777777777744444444444444777777777777777                                    7777777    455555555555544444444
7777777777777777777777744444444444444777777777777777                                   77777777    455555555555544444444
 77777777777777777777744444444444444477777777777777777                7            777777777777    455555555555544444444
 777777777777777777777744444444444444777777777777777777             7777777      77777777777777    455555555555544444444
  77777777777777777777744444444444444477777777777777777            777777777   7777777777777777    555555555555444444444
   77777777777777777777744444444444444777777777777777777         777777777777777777777777777777    555555555554444444444
   777777777777777777774444444444444447777777777777777777       7777777777777777777777777777777   7555555555554444444444
    77777777777777777777444444444444447777777777777454777777    77777777777777777777777777777777777555555555554444444444
    77777777777777777777444444444444447777777     74445557          7777777777             77777774555555555544444444444
     77777777777777777774444444444444477 77       745545667        77747777777777777565555544477746555555555544444444444
      7777777777777777774444444444444477 7         555555665       77754777777777468888888888886556666554555544444444444
      7777777777777777774444444444444477 7         756555666555555477744777777458888888888888888888886554555444444444444
       777777777777777777444444444444477 7          46655555555555555444444446888888886556688866668886544555444444444444
       777777777777777777744444444444477 7          45665554455555555654444588888888864444477777756555555555444444444444
        77777777777777777744444444444777 7           4668655445555445888866888888888644444477777756555555554444444444444
         7777777777777777744444444444777 77            45888655555446888888888888888444444444777756555555554444444444444
         7777777777777777774444444444777  7              888866554448888888888888864444444744477756555555554444444444444
          777777777777777777444444444777  7              768644445558888888888888677777774744444466555555554444444444444
           777777777777777774444444477777 7               77         468888888888657777774777444466555555554444444444444
           777777777777777774444444477777 7                            5888888888888647777777777765555555555444444444444
            77777777777777774444444477777 7                             6888888888888857 7 77777765555555554444444444444
            77777777777777774444444477777 7                              4688888888888884     77765555555555444444444444
             7777777777777777444444477777                                   777468888888867    7765555555555444444444444
              777777777777774444444477777777                                      46888888677  7745555555555444444444444
              77777777777777444444444777777777777777                                 768886      75555555555544444444444
               777777777777744444444477777777777777777     77                        76888577    75555555555544444444444
                77777777777744444444444477777777777777777777777                      58888477    75555555555554444444444
                777777777777444444444447777777777777777777777777777777777      77777768888477    45555555555554444444444
                 7777777777444444444477777777777777777777777777777777777777777777777768888777777745555555555554444444444
                  777777777444444477777777777777777777777777777777777777777777777777768886444777745555555555555444444444
                  777777774444447777777777777777777777777777777777777777777777777777758885444777745555555555555444444444
                   77777774447777777777777777777777777777777777777777777777777777777748885444444456666666555555544444444
                   77777744777777777777777777777777777777777777777777777777777777777748885444555666666666665555544444444
                    7777477777777777777777777777777777777777777777777777777777777777775666444555566666666665555554444444
                 7  7777777777777777777777777777777777777777777777777777777777777777774455555564465566666655555554444444
               77777 777777777777777777777777777777777777777777777777777777777777777774445544565555566666655555555444444
              7777777777777777777  7777777777777777777777777777777777777777777777777777444444555565466666655555555544444
             77777777777777           77777777777777777777 7777777777777777777777777777777744455565688886665555555554444
