77744777777777777777777444444444444477777777777777                                     77777777    455555555555544444444
777777777777777777777774444444444444777777777777777                                     7777777    455555555555444444444
777777777777777777777774444444444444477777777777777                                    77777777    455555555555544444444
7777777777777777777777744444444444444777777777777777                                   77777777    455555555555444444444
77777777777777777777777444444444444447777777777777777                                  77777777    455555555555444444444
7777777777777777777777744444444444444477777777777777777                                77777777    455555555555444444444
 7777777777777777777774444444444444444777777777777777777                              777777777    455555555554444444444
 7777777777777777777777444444444444444777777777777777777                      777     777777777    455555555544444444444
  777777777777777777777444444444444444777777777777777777                   77777777777777777777    555555555544444444444
   777777777777777777774444444444444447777777777777777777            77777777777777777777777777   7555555555544444444444
   777777777777777777774444444444444447777777777777777777          77777777777777777777777777777 77555555555544444444444
    77777777777777777777444444444444444777777777777777777777      777777777777777777774777777777777555555555444444444444
    777777777777777777774444444444444447777777            7454                      488888665477774555555555444444444444
     77777777777777777774444444444444477 77               745557      77777777777774888888888886546566555555444444444444
      7777777777777777774444444444444477 7                4455557     57     7777776888888888888888666554555444444444444
      7777777777777777774444444444444477 7               565555557    7  77777777758888884566888888888554555444444444444
       777777777777777777444444444444477 7               885665555554444554744444488888885444444456665444455444444444444
       777777777777777777444444444444477 7               586565555556555556544444588888888444444456555555554444444444444
        77777777777777777744444444444477 7                45456655544555555565444688888888444444456555555554444444444444
         7777777777777777744444444444777777                5456665544455554456666888888888444444466555555555444444444444
         77777777777777777744444444447777 7                 468688666555554458888888888888444444466555555554444444444444
          7777777777777777774444444447777 7                   7746888655544468888888888888744444466555555555444444444444
           777777777777777774444444447777 7                      4886555555588888888888888654774466655555555444444444444
           777777777777777774444444447777 7                       55     77745688888888888888854765555555555444444444444
            77777777777777744444444447777 7                                    46888888888888888665555555555444444444444
            77777777777777774444444447777 7                                      588888888888888888656655555544444444444
             7777777777777774444444447777                                         75666656888888888866655555554444444444
              777777777777774444444447777777                                              745688888886655555554444444444
              777777777777774444444447777777777777777                                        758888866655555554444444444
               77777777777774444444447777777777777777777777777                       7777 775888888656555555555444444444
                7777777777744444444444447777777777777777777777                     7777777758888885555555555555444444444
                7777777777744444444444447777777777777777777777777777777777  77777777777777488888545555555555555444444444
                 7777777777444444444477777777777777777777777777777777777777777777777777774888864745555555555555444444444
                 7777777777444444477777777777777777777777777777777777777777777777777777748888477745555555555555544444444
                  777777774444447777777777777777777777777777777777777777777777777777777746884777745566655555555544444444
                   77777744444777777777777777777777777777777777777777777777777777777774444554444556666666655555554444444
                   77777744777777777777777777777777777777777777777777777777777777777774544454555666666666665555555444444
                    7777477777777777777777777777777777777777777777777777777777777777777744445565566666666665555554444444
               7 7  7777777777777777777777777777777777777777777777777777777777777777777777444565465566666665555555444444
              7777777777777777777777777777777777777777777777777777777777777777777777777777444555565566666655555555444444
            777777777777777777777777777777777777777777777777777777777777777777777777777777444555565466666655555555544444
            77777777777777777        77777777777777777777777777777777777777777777777777777744455566688886665555555554444
