777447777777777777777777444444444447777777777777                                          77777    455555555555555544444
7777777777777777777777774444444444447777777777777                                        777777    455555555555555444444
77777777777777777777777744444444444477777777777777                                      7777777    455555555555555444444
77777777777777777777777744444444444477777777777777                                       777777    455555555555554444444
777777777777777777777777444444444444477777777777777                                     7777777    455555555555544444444
7777777777777777777777744444444444444777777777777777                                    7777777    455555555555544444444
 777777777777777777777444444444444444777777777777777                                    7777777    455555555555544444444
 77777777777777777777774444444444444477777777777777777            7777                  7777777    455555555555544444444
  7777777777777777777777444444444444477777777777777777           777777777  777         7777777    555555555555444444444
   7777777777777777777774444444444444477777777777777777         77777777777777777       777777     555555555555444444444
   77777777777777777777444444444444444777777777777777777   7   7777777777777777777777777777777     555555555554444444444
    777777777777777777774444444444444477777777745577777777777  77777777777777777777777777777777  77555555555554444444444
    7777777777777777777744444444444444777777 744545664          7777777777777              77777774555555555544444444444
     77777777777777777774444444444444477 7    4555556657        77777747777777777777777777777777746555555555554444444444
      7777777777777777774444444444444477 7     5655556667777477 77777754777777777774454444444444746565554555544444444444
      7777777777777777774444444444444477 7      565555665555556447447747777774566888888888888888888886554555544444444444
       777777777777777777444444444444477 7      456555545555555555544444455688888888888888888888888886544555544444444444
        77777777777777777744444444444477 7      746666544455554446886655688888888888865556666655566665555555544444444444
        77777777777777777744444444444777 7        4668665555554458888888888888888886444474777777756555555555444444444444
         7777777777777777774444444444777 7          76888655554468888888888888888647777774777777756555555555444444444444
         7777777777777777777444444444777  7          5688655555568888888888888854777777774777777756555555555444444444444
          777777777777777777444444444777  7           7657      74688888888885777777777774777777755555555555444444444444
           77777777777777777444444447777  7                        688888888867 7777777774777777755555555555444444444444
           777777777777777774444444477777 7                        4888888888887    777777 77777755555555555444444444444
            77777777777777774444444477777 7                         768888888886      7777 77777755555555554444444444444
            77777777777777774444444477777 7                            7588888885             77765555555555444444444444
             7777777777777777444444477777                                 68888884             7765555555555544444444444
              77777777777777744444447777777                                5888886       777   7745555555555444444444444
              77777777777777444444447777777777777                           7688884              75555555555544444444444
               77777777777774444444447777777777777777                         588867777777777    75555555555544444444444
                7777777777774444444444447777777777777777   777                788887777777777    45555555555544444444444
                777777777777444444444447777777777777777777777777777777777     768886777777777    45555555555554444444444
                 7777777777444444444477777777777777777777777777777777777777777758888577777777777745555555555555444444444
                  777777777444444477777777777777777777777777777777777777777777776888844444444777745555555555555444444444
                  777777774444447777777777777777777777777777777777777777777777777688867774444777745555555555555444444444
                   77777774447777777777777777777777777777777777777777777777777777758885774444444456666666555555544444444
                   77777744777777777777777777777777777777777777777777777777777777775888574444555666666666665555544444444
                    7777477777777777777777777777777777777777777777777777777777777777588654444455566666666665555554444444
                 7  7777777777777777777777777777777777777777777777777777777777777777754455555564565566666655555554444444
               77777 777777777777777777777777777777777777777777777777777777777777777774445554564555566666655555555444444
              777777777777777777    777777777777777777777777777777777777777777777777777454444555555466666655555555544444
              7777777777777           7777777777777777777   777777777777777777777777777777777455566688886665555555554444
