7774477777777777777777777444444444477777777777                                           777777    455555555555544444444
777777777777777777777777744444444447777777777777                                         777777    455555555555544444444
7777777777777777777777777444444444447777777777777                                        777777    455555555555544444444
7777777777777777777777777444444444447777777777777                                       7777777    455555555555444444444
77777777777777777777777744444444444477777777777777                                      7777777    455555555555444444444
777777777777777777777777444444444444477777777777777                                    77777777    455555555555444444444
 77777777777777777777777444444444444477777777777777                                  7777777777    455555555554444444444
 77777777777777777777777444444444444477777777777777                                777777777777    455555555554444444444
  7777777777777777777777444444444444477777777777777                   77777777    7777777777777    555555555544444444444
   777777777777777777777744444444444477777777777777                  77777777777777777777777777   7555555555544444444444
   77777777777777777777774444444444447777777777777                 7777777777777777777777777777  77555555555544444444444
    7777777777777777777774444444444447777777777777    7747        777777777777777777777777777777777555555555544444444444
    7777777777777777777774444444444447777777          77454                7        756554447777774555555555544444444444
     77777777777777777777444444444444777              7445457        777777777777775888888888865446566555555544444444444
      7777777777777777777744444444444777 7             5555557       754777777777768888888888888888666554555544444444444
      7777777777777777777744444444444777 7            465555555     7777777777774688888856888888888886554555444444444444
       777777777777777777774444444444777 7            585554455665555554744444446888888644444555568686544555444444444444
        77777777777777777774444444444777 7             65565555555555556544444468888888644444447756655555555444444444444
        77777777777777777774444444444777 7              4456655444555555565444588888888644444444456655555555444444444444
         7777777777777777777444444447777                4566666554455554458866688888888545444444456555555555444444444444
         7777777777777777777744444447777                  46688886555547468888888888888444444444466555555555444444444444
          777777777777777777744444447777                     76888655444588888888888886774744444466555555555444444444444
           77777777777777777744444447777  7                    686445555588888888888886544777444466655555555444444444444
           77777777777777777744444447777  7                    44        74688888888888888657777466655555555444444444444
            7777777777777777744444447777                                    46888888888888888547765555555555444444444444
            77777777777777777444444477777                                     588888888888888886465555555555544444444444
             7777777777777777444444477777                                      74566556888888888865555555555554444444444
              77777777777777744444447777777                                             74568888885555555555544444444444
              777777777777777444444477777777777                                            76888855555555555554444444444
               7777777777777444444447777777777777777                                      488888575555555555555444444444
                777777777777444444444447777777777777777                             777774888885 45555555555555444444444
                7777777777774444444444477777777777777777777777777777777            777777688885  45555555555555444444444
                 7777777777744444444477777777777777777777777777777777777777777777777777748888577745555555555555444444444
                  777777777444444477777777777777777777777777777777777777777777777777777768885777745555555555555544444444
                  777777777444447777777777777777777777777777777777777777777777777777777588864777745565655555555554444444
                   77777774447777777777777777777777777777777777777777777777777777777777456844444456666666655555554444444
                   77777744777777777777777777777777777777777777777777777777777777777774445554455666666666665555555444444
                    7777477777777777777777777777777777777777777777777777777777777777774555455565566666666665555555444444
                     777777777777777777777777777777777777777777777777777777777777777777774444564465566666665555555544444
                7777 777777777777777777777777777777777777777777777777777777777777777777777744555555566666655555555544444
               7777777777777777       777777777777777777    777777777777777777777777777777744555565466666655555555544444
              777777777777               77777777777        777777777777777777777777777777774455566688886665555555554444
