7774477777777777777777774444444444477777777777777                                       7777777    455555555555544444444
77777777777777777777777444444444444477777777777777                                      7777777    455555555555444444444
777777777777777777777774444444444444477777777777777                                    77777777    455555555555544444444
7777777777777777777777744444444444444777777777777777                                   77777777    455555555555444444444
77777777777777777777777444444444444447777777777777777                                  77777777    455555555555444444444
7777777777777777777777744444444444444777777777777777777                               777777777    455555555555444444444
 777777777777777777777444444444444444477777777777777777                              7777777777    455555555554444444444
 7777777777777777777777444444444444444777777777777777777              7777  7       77777777777    455555555544444444444
  777777777777777777777444444444444444777777777777777777             7777777777    777777777777    555555555544444444444
   77777777777777777777444444444444444777777777777777777           7777777777777777777777777777   7555555555544444444444
   777777777777777777774444444444444447777777777777777777         77777777777777777777777777777  77555555555544444444444
    77777777777777777774444444444444444777777777777777777777     7777777777777777777777777777777777555555555444444444444
    77777777777777777777444444444444444777777         74557                7        488866654777777555555555444444444444
     77777777777777777774444444444444477 77           774554         777777777777776888888888886446555555555444444444444
      7777777777777777774444444444444447 7            7455554        754777777777768888888888888888666554455444444444444
      7777777777777777774444444444444477 7            556555564     7777777777774688888845568888888886554455444444444444
       777777777777777777444444444444477 7            665655556665555554744444446888888844444444456665444455444444444444
       777777777777777777444444444444477 7            485565555555555556544444468888888844444477756555555554444444444444
        77777777777777777444444444444777 7             74456655444555555566544488888888844444444756555555554444444444444
         7777777777777777744444444444777777             5566666554555554458888688888888644444444456555555554444444444444
         77777777777777777744444444447777 7              756688886555544468888888888888444444444466555555554444444444444
          7777777777777777774444444447777 7                  48888655544588888888888886774744444466555555554444444444444
           777777777777777774444444447777 7                   4685444455588888888888888865777744466555555554444444444444
           777777777777777744444444447777 7                    47         7588888888888888864777765555555555444444444444
            77777777777777774444444447777 7                                 76888888888888888647765555555554444444444444
            77777777777777774444444447777 7                                   588888888888888888465555555555444444444444
             7777777777777774444444477777                                       7444474688888888865555555555544444444444
              777777777777774444444447777777                                             7456888855555555555544444444444
              777777777777774444444447777777777777777                                     758888575555555555544444444444
               77777777777744444444447777777777777777777777777                       77777688886 75555555555555444444444
                7777777777744444444444447777777777777777777777                    77777776888867 45555555555555444444444
                7777777777744444444444447777777777777777777777777777777777   777777777777888887  45555555555554444444444
                 7777777777444444444477777777777777777777777777777777777777777777777777758886777745555555555555444444444
                 7777777777444444477777777777777777777777777777777777777777777777777777488884777745555555555555444444444
                  777777774444447777777777777777777777777777777777777777777777777777777588854777745565655555555544444444
                   77777744447777777777777777777777777777777777777777777777777777777777456644444556666666655555554444444
                   77777444777777777777777777777777777777777777777777777777777777777774445554455666666666665555554444444
                    7777477777777777777777777777777777777777777777777777777777777777774455455565566666666665555555444444
                 7  7777777777777777777777777777777777777777777777777777777777777777777774444565465566666655555555444444
              777777 777777777777777777777777777777777777777777777777777777777777777777777444555565566666655555555444444
            777777777777777777777777777777777777777777777777777777777777777777777777777777444555565466666655555555544444
            7777777777777777         77777777777777777777777777777777777777777777777777777744455566688886665555555554444
