77744777777777777777777744444444444777777777777                                           77777    455555555555555554444
7777777777777777777777774444444444447777777777777                                        777777    455555555555555544444
7777777777777777777777777444444444477777777777777                                         77777    455555555555555444444
77777777777777777777777744444444444477777777777777                                       777777    455555555555555544444
777777777777777777777777444444444444777777777777777                                      777777    455555555555554444444
777777777777777777777774444444444444477777777777777                                     7777777    455555555555554444444
 77777777777777777777777444444444444477777777777777                                     7777777    455555555555554444444
 777777777777777777777774444444444444777777777777777                                   77777777    555555555555554444444
  77777777777777777777774444444444444777777777777777                                    7777777    555555555555544444444
   7777777777777777777774444444444444777777777777777 7           77777777777777        7777777     555555555555544444444
   77777777777777777777444444444444447777777777777777           77777777777777777   7777777777     555555555555544444444
    777777777777777777774444444444444477777777747777777    7   7777777777777777777      7777777   7555555555555444444444
    7777777777777777777744444444444444777777 77455444            77777777                     77777555555555554444444444
     77777777777777777777444444444444477     7455456657         77777777777777777777777777777777746555555555554444444444
      7777777777777777774444444444444477 7    4555556667        777777577         77777777777777746665554555554444444444
      7777777777777777774444444444444477 7     5655556654445554777777777777777744455665556666666668886554555554444444444
       777777777777777777444444444444477 7      565555555555555554444444444566888888888888888888888886544555555444444444
        77777777777777777744444444444777 7      456655444555555556654444568888888888888888888886668666555555554444444444
        77777777777777777774444444444777 7       46666554455554458888868888888888888654445444477756555555555544444444444
         7777777777777777774444444444777           468886555554468888888888888888865444444777777756555555555544444444444
         7777777777777777777444444447777            78888665554488888888888888886544444444777777756555555555544444444444
          777777777777777777444444447777             4588577744468888888888888547774777774777777756555555555544444444444
           77777777777777777744444447777  7            7          488888888886777777777774777777755555555555554444444444
           77777777777777777744444447777  7                        5888888888885  77777774777777765555555555554444444444
            7777777777777777744444447777                            5888888888885    77777777777765555555555554444444444
            77777777777777774444444477777                             456888888886      7 777777765555555555554444444444
             7777777777777777444444477777                                 468888886           77765555555555554444444444
              77777777777777744444447777777                                 46888884    77777  7755555555555555444444444
              777777777777777444444477777777777                               4688887  777      745555555555554444444444
               7777777777777444444447777777777777777                           78888477777777    45555555555555444444444
                777777777777444444444447777777777777777                         5888577777777    45555555555555544444444
                777777777777444444444447777777777777777777777777777777777       5888847777777    45555555555555544444444
                 7777777777744444444477777777777777777777777777777777777777777774888867777777777745555555555555444444444
                  777777777444444477777777777777777777777777777777777777777777777588885444444777745555555555555544444444
                  777777777444477777777777777777777777777777777777777777777777777758886774444777745555555555555544444444
                   77777774447777777777777777777777777777777777777777777777777777776888474444444456666666555555554444444
                   77777744777777777777777777777777777777777777777777777777777777777688844444555666666666665555554444444
                    7777477777777777777777777777777777777777777777777777777777777777488654444455566666666665555554444444
                    7777777777777777777777777777777777777777777777777777777777777777744455555554565566666655555554444444
               77777 777777777777777777777777777777777777777777777777777777777777777774444554564555566666655555555444444
               7777777777777777     777777777777777777777777 77777777777777777777777777444444555565466666655555555544444
              777777777777             7777777777777777 7    77777777777777777777777777777774455565688886665555555554444
