777447777777777777777777444444444447777777777777                                          77777    455555555555555554444
7777777777777777777777774444444444447777777777777                                        777777    455555555555555544444
7777777777777777777777777444444444447777777777777                                        777777    455555555555555444444
77777777777777777777777744444444444477777777777777                                       777777    455555555555555544444
777777777777777777777777444444444444777777777777777                                      777777    455555555555554544444
7777777777777777777777744444444444444777777777777777                                     777777    455555555555554554444
 777777777777777777777744444444444444777777777777777                                    7777777    455555555555554444444
 77777777777777777777777444444444444477777777777777777                                  7777777    455555555555555444444
  7777777777777777777777444444444444477777777777777777           7777777                7777777    555555555555554444444
   7777777777777777777774444444444444777777777777777777         777777777777777         777777     555555555555544444444
   777777777777777777774444444444444447777777777777777777  7   777777777777777777      7777777     555555555555544444444
    777777777777777777774444444444444477777777447777777777777  77777777777777777777777777777777   7555555555555444444444
    7777777777777777777744444444444444777777774455557           77777777777                   77777555555555554444444444
     77777777777777777774444444444444477 7   4454566647        777777777777777777777777777777777746555555555554444444444
      7777777777777777774444444444444477 7   7555556666        777777754777    77777777777777777746565554555544444444444
      7777777777777777774444444444444477 7    75655566655555554774777747777774445555666556666666668886554555544444444444
       777777777777777777444444444444477 7     4565555555555555554444444455688888888888888888888888886544555554444444444
       777777777777777777444444444444477 7     7456655444555554468886556888888888888888888888886666666555555544444444444
        77777777777777777744444444444777 7      756666554555554488888888888888888888654445444477756555555555444444444444
         7777777777777777744444444444777 7        7468886555544588888888888888888854444474777777756555555555444444444444
         7777777777777777774444444444777  7         58886665555688888888888888864444777774777777756555555555444444444444
          777777777777777777444444447777  7          7685      746888888888885777777777774777777755555555555444444444444
           77777777777777777444444447777  7                       488888888888577777777774777777755555555555444444444444
           777777777777777774444444477777 7                        5888888888885    777777777777755555555555544444444444
            77777777777777774444444477777 7                         4688888888886     7777 77777765555555555444444444444
            77777777777777774444444477777 7                            74588888886             7765555555555544444444444
             7777777777777774444444477777                                  58888885             765555555555544444444444
              77777777777777444444447777777                                 75888884     777    745555555555444444444444
              777777777777774444444477777777777777                            768885             75555555555544444444444
               77777777777774444444447777777777777777                          78888777777777    75555555555545444444444
                7777777777774444444444447777777777777777   777                 78888577777777    45555555555555444444444
                7777777777774444444444477777777777777777777777777777777777      6888847777777    45555555555554444444444
                 7777777777444444444477777777777777777777777777777777777777777774888867777777777745555555555555444444444
                  777777777444444477777777777777777777777777777777777777777777777488885444444777745555555555555444444444
                  777777774444447777777777777777777777777777777777777777777777777748886774444777745555555555555544444444
                   77777774447777777777777777777777777777777777777777777777777777774888674444444456666666555555544444444
                   77777744777777777777777777777777777777777777777777777777777777777588854444555666666666665555544444444
                    7777477777777777777777777777777777777777777777777777777777777777755455444455566666666665555554444444
                 7  7777777777777777777777777777777777777777777777777777777777777777774444555554555566666655555554444444
               77777 777777777777777777777777777777777777777777777777777777777777777774455444564555566666655555554444444
              777777777777777777    777777777777777777777777777777777777777777777777777777774555555466666655555555444444
             77777777777777           7777777777777777777   777777777777777777777777777777777455565688886655555555554444
