77744777777777777777777444444444444477777777777777                                      7777777    455555555555555554444
777777777777777777777774444444444444777777777777777                                     7777777    455555555555555544444
7777777777777777777777744444444444444777777777777777                                   77777777    455555555555555444444
7777777777777777777777444444444444444777777777777777                                   77777777    455555555555555444444
77777777777777777777777444444444444447777777777777777                                  77777777    455555555555554444444
7777777777777777777777444444444444444477777777777777777                                77777777    455555555555554444444
 7777777777777777777774444444444444444777777777777777777                             7 77777777    455555555555554444444
 77777777777777777777744444444444444447777777777777777777                      7777777777777777    455555555555544444444
  7777777777777777777774444444444444447777777777777777777               7   7777777777777777777    555555555555544444444
   777777777777777777774444444444444444777777777777777777           777777777777777777777777777   7555555555555544444444
   7777777777777777777744444444444444447777777777777777777        777777777777777777777777777777 77555555555555444444444
    7777777777777777777444444444444444477777777777777777777777    777777777777777777777777777777777555555555554444444444
    777777777777777777744444444444444447777777             744577            7777777745554447777774555555555544444444444
     77777777777777777774444444444444447 777               7444564    77777777777777688888888865446566555555554444444444
      7777777777777777774444444444444447 7                 445545657  54   777777776888888888888888666554555544444444444
      7777777777777777744444444444444447 7                 555555665  77777777777758888886888888888888554555544444444444
       777777777777777774444444444444447 7                 4565555665555555444444488888884445555568686544555544444444444
       77777777777777777444444444444444777                  456555555555555654444588888886444444456555555555544444444444
        7777777777777777744444444444447777                  445655544555555556544688888888444444456555555555444444444444
         7777777777777777444444444444477777                  76586554445555455886888888888444444466555555555444444444444
         7777777777777777744444444444777777                    758866555554448888888888888444444466655555555444444444444
          7777777777777777444444444447777 7                     78888655444468888888888888744444466655555555444444444444
           777777777777777744444444447777 7                      5864444555488888888888888777744466655555555444444444444
           777777777777777444444444447777 7                       7         75688888888888886477765555555555544444444444
            77777777777777444444444447777 7                                    58888888888888885765565555555554444444444
            77777777777777744444444447777 7                                     7688888888888888886556555555544444444444
             7777777777777744444444447777                                         56888888888888888866655555554444444444
              777777777777744444444447777777                                        777774568888888886655555554444444444
              7777777777777444444444477777777777777777     7 7                              7456888886655555554444444444
               777777777777444444444477777777777777777777777777                      77777777768888866655555555444444444
                777777777774444444444444777777777777777777777777                   7777777775888888656555555555444444444
                777777777774444444444444777777777777777777777777777777777777777  777777777758888865555555555555444444444
                 7777777777444444444447777777777777777777777777777777777777777777777777777588888545555555555555444444444
                 7777777774444444447777777777777777777777777777777777777777777777777777775888857745555555555555444444444
                  777777774444447777777777777777777777777777777777777777777777777777777758888477745566655555555544444444
                   77777744444777777777777777777777777777777777777777777777777777777777445664444456666866655555544444444
                   77777744777777777777777777777777777777777777777777777777777777777774444554555666666666665555544444444
                    7777477777777777777777777777777777777777777777777777777777777777774444455555566666666665555554444444
              7777  7774777777777777777777777777777777777777777777777777777777777777777774444565465566666655555554444444
             77777777777777777777777777777777777777777777777777777777777777777777777777777444555565566666655555554444444
          77777777777777777777777777777777777777777777777777777777777777777777777777777777744555565466666655555555544444
          77777777777777777777      777777777777777777777777777777777777777777777777777777774455565688886665555555554444
