7774477777777777777777777444444444477777777777                                           777777    455555555555555554445
777777777777777777777777774444444444777777777777                                         777777    455555555555555554444
7777777777777777777777777444444444447777777777777                                        777777    455555555555555554444
7777777777777777777777777444444444447777777777777                                        777777    455555555555555554444
77777777777777777777777744444444444477777777777777                                       777777    455555555555555554444
777777777777777777777777444444444444477777777777777                                     7777777    455555555555555555444
 7777777777777777777777744444444444447777777777777                                     77777777    455555555555555455444
 7777777777777777777777744444444444447777777777777                                 777777777777    555555555555555444444
  77777777777777777777774444444444444777777777777                    7777777     77777777777777    555555555555555444444
   7777777777777777777777444444444444777777777777                  7777777777777777777777777777    555555555555554444444
   7777777777777777777777444444444444777777777777                 77777777777777777777777777777   7555555555555555444444
    777777777777777777777444444444444777777777777  77477         7777777777777777777777777777777777555555555555545444444
    7777777777777777777777444444444447777777       7744554           7777777              777777774555555555555554444444
     77777777777777777777744444444444777           774445667        7777777777777777555555544477746666555555555554444444
      7777777777777777777744444444444777 7          555555664       7754777777777458888888888886656666554555554444444444
      7777777777777777777744444444444777 7          45555566677777777747777777746888888888888888888886554555555444444444
       777777777777777777774444444444777 7           4655556655555554744444444688888888556688886688886544555555444444444
        77777777777777777774444444447777 7           4566555455555555554444458888888884444444777756655555555554444444444
        77777777777777777777444444447777 7            466665444555555568655688888888854444444777756555555555555444444444
         7777777777777777777444444447777                4686655555544688888888888888644444444477756555555555554444444444
         7777777777777777777744444447777                 488886555444888888888888886444444444444456555555555544444444444
          777777777777777777744444447777                 758864555555888888888888867774444744444466555555555554444444444
           77777777777777777744444447777                   47      7 468888888888854777774774444466555555555554444444444
           77777777777777777744444447777                               7688888888888657774777744466555555555554444444444
            7777777777777777744444447777                                768888888888888477 77777766555555555554444444444
            7777777777777777744444447777                                  5888888888888864   777765555555555554444444444
             7777777777777777444444477777                                   7455688888888867  77765555555555555444444444
              77777777777777744444447777777                                       75888888887777745555555555555544444444
              777777777777777444444477777777777                                      74688884   775555555555555544444444
               7777777777777744444447777777777777 7                                   7588887    75555555555555544444444
                77777777777774444444444777777777777777                                4888857    45555555555555544444444
                777777777777444444444447777777777777777777777777777777777           776888847    45555555555555544444444
                 7777777777744444444777777777777777777777777777777777777777777777777776888847777745555555555555544444444
                  777777777444444477777777777777777777777777777777777777777777777777776888644777745555555555555544444444
                  777777777444477777777777777777777777777777777777777777777777777777776888444777745565555555555544444444
                   77777774447777777777777777777777777777777777777777777777777777777776888444444456666666555555554444444
                   77777744777777777777777777777777777777777777777777777777777777777776886444555666666666665555544444444
                    7777477777777777777777777777777777777777777777777777777777777777775666444555566666666665555554444444
                     777777777777777777777777777777777777777777777777777777777777777774445554554565566666655555554444444
               77777 777777777777777777777777777777777777777777777777777777777777777774445544564555566666655555554444444
               777777777777777       7777777777777777777       777777777777777777777777444444555555466666655555555444444
              77777777777                   7  77777           777777777777777777777777777777455565688886655555555544444
