777447777777777777777777444444444447777777777777                                          77777    455555555555544444444
7777777777777777777777774444444444447777777777777                                        777777    455555555555544444444
7777777777777777777777774444444444447777777777777                                        777777    455555555555544444444
77777777777777777777777744444444444447777777777777                                       777777    455555555555444444444
77777777777777777777777744444444444447777777777777                                      7777777    455555555555444444444
777777777777777777777774444444444444477777777777777                                     7777777    455555555555444444444
 77777777777777777777774444444444444477777777777777                                     7777777    455555555554444444444
 77777777777777777777777444444444444477777777777777                                     7777777    455555555554444444444
  7777777777777777777777444444444444477777777777777               777777    777          77777     555555555544444444444
   777777777777777777777444444444444477777777777777  7           7777777777777777        77777     555555555544444444444
   7777777777777777777774444444444444477777777777777            77777777777777777777 777777777     555555555544444444444
    777777777777777777774444444444444477777777445477777    7   77777777777777777777777777777777  77555555555544444444444
    7777777777777777777744444444444444777777 7744557             77777777777                 777777555555555544444444444
     77777777777777777777444444444444477      455555577         77777777777777777777777777777777746555555555544444444444
      7777777777777777777444444444444477 7    765555566         7777775477      7774554444444477746565554555544444444444
      7777777777777777777444444444444477 7    76565555665555555777777747777774566888888888888888888886554555544444444444
       777777777777777777744444444444777 7     4566555545555555555444444445688888888888888888888888886544555544444444444
        77777777777777777774444444444777 7      445665544455555556654444588888888888865556666655566665555555544444444444
        77777777777777777774444444444777 7      746666655455554448888866888888888886444444777777756555555555444444444444
         7777777777777777777444444447777          7466888655554458888888888888888854444444777777756555555555444444444444
         7777777777777777777744444447777             4888666554468888888888888885444444444777777756555555555444444444444
          777777777777777777744444447777               68577744456888888888888577777777774777777756555555555444444444444
           77777777777777777744444447777                          768888888888864777777774777777765555555555444444444444
           77777777777777777744444447777                            688888888888857 777774777777765555555555544444444444
            7777777777777777744444447777                             588888888888864  7777 77777765555555555444444444444
             7777777777777777444444477777                              74556888888885         77765555555555544444444444
             7777777777777777444444477777                                   7588888885          765555555555544444444444
              77777777777777744444447777777                                    75688884  7777   745555555555544444444444
              777777777777777444444477777777777                                   68884          75555555555554444444444
               7777777777777744444447777777777777 7                               68885777777    75555555555555444444444
                777777777777444444444447777777777777777                           68886777777    45555555555555444444444
                77777777777744444444444777777777777777777777777777777777          68888777777    45555555555555444444444
                 7777777777744444444477777777777777777777777777777777777777777777748888577777777745555555555555444444444
                  777777777444444477777777777777777777777777777777777777777777777775888544444777745555555555555544444444
                  777777777444477777777777777777777777777777777777777777777777777774688674444777445555655555555554444444
                   77777774447777777777777777777777777777777777777777777777777777777588844444444456666666655555554444444
                   77777744777777777777777777777777777777777777777777777777777777777768864444455666666666665555555444444
                    7777477777777777777777777777777777777777777777777777777777777777744455554555566666666665555555444444
                     777777777777777777777777777777777777777777777777777777777777777774445555564565566666655555555544444
                 777 777777777777777777777777777777777777777777777777777777777777777777454444555565566666655555555544444
               777777777777777        777777777777777777     77777777777777777777777777777444555565466666655555555544444
              77777777777                  7  7777 7         77777777777777777777777777777744455566688886665555555554444
