7774477777777777777777774444444444447777777777777                                        777777    455555555555555544444
77777777777777777777777444444444444477777777777777                                      7777777    455555555555555444444
777777777777777777777777444444444444777777777777777                                     7777777    455555555555554444444
777777777777777777777777444444444444477777777777777                                     7777777    455555555555554444444
77777777777777777777777444444444444447777777777777777                                  77777777    455555555555544444444
777777777777777777777774444444444444447777777777777777                                 77777777    455555555555544444444
 777777777777777777777444444444444444477777777777777777                              7777777777    455555555555544444444
 7777777777777777777777444444444444444777777777777777777                        777777777777777    455555555555544444444
  777777777777777777777444444444444444777777777777777777                     777777777777777777    555555555555444444444
   777777777777777777777444444444444447777777777777777777            77777777777777777777777777   7555555555554444444444
   777777777777777777774444444444444447777777777777777777          77777777777777777777777777777 77555555555554444444444
    777777777777777777774444444444444447777777777777777777        777777777777777777777777777777777555555555554444444444
    777777777777777777774444444444444447777777               4454              77777745554447777774555555555544444444444
     77777777777777777774444444444444477 77                  744564   7   7777777777688888888865446566555555544444444444
      7777777777777777774444444444444477 7                   44555657 57      777774888888888888888666554555544444444444
      7777777777777777774444444444444477 7                  4565555667   77777777746888886888888888888554555544444444444
       777777777777777777444444444444447 7                  765655556544444447444458888886445555568686444555444444444444
       777777777777777777444444444444477 7                   45655556565555555444458888888644444456655555555444444444444
        77777777777777777744444444444777 7                   74566555455555555654468888888854444456655555555444444444444
         7777777777777777744444444444777 77                   7566665444555555568568888888854444466655555555444444444444
         77777777777777777744444444447777 7                     74686655555544588888888888864444466655555555444444444444
          7777777777777777774444444447777 7                       488885545444688888888888864444466655555555444444444444
           777777777777777774444444447777 7                       768644555545888888888888857774466655555555444444444444
           777777777777777774444444447777 7                        77      777568888888888888647765565555555544444444444
            77777777777777774444444447777 7                                     4688888888888888665565555555444444444444
            77777777777777774444444447777 7                                       58888888888888888666655555544444444444
             7777777777777774444444447777                                          4688888888888888886665555554444444444
              777777777777774444444447777777                                         74444456888888888865555554444444444
              777777777777774444444447777777777777777                                        756688888865555554444444444
               77777777777774444444447777777777777777777  7777                         7      75888888865555555444444444
                77777777777744444444444477777777777777777777777                     777777777588888886655555555444444444
                77777777777744444444444477777777777777777777777777777777777 77777777777777776888888656555555555444444444
                 7777777777444444444477777777777777777777777777777777777777777777777777777468888865555555555555444444444
                 7777777774444444477777777777777777777777777777777777777777777777777777775888864745555555555555444444444
                  777777774444447777777777777777777777777777777777777777777777777777777746888577745566655555555544444444
                   77777774444777777777777777777777777777777777777777777777777777777774444564444456666866655555544444444
                   77777744777777777777777777777777777777777777777777777777777777777774444554555666666666665555544444444
                    7777477777777777777777777777777777777777777777777777777777777777777744446555566666666665555554444444
               777  7777777777777777777777777777777777777777777777777777777777777777777777444565465566666655555554444444
              7777777777777777777777777777777777777777777777777777777777777777777777777777744555565566666655555555444444
            777777777777777777777777777777777777777777777777777777777777777777777777777777774555565466666655555555544444
            77777777777777777        77777777777777777777777777777777777777777777777777777774455565688886665555555554444
