77744777777777777777777744444444444777777777777                                          777777    455555555555555444444
7777777777777777777777774444444444447777777777777                                        777777    455555555555554444444
7777777777777777777777774444444444447777777777777                                        777777    455555555555554444444
77777777777777777777777744444444444447777777777777                                      7777777    455555555555554444444
77777777777777777777777744444444444447777777777777                                      7777777    455555555555444444444
777777777777777777777774444444444444477777777777777                                     7777777    455555555555544444444
 77777777777777777777744444444444444477777777777777                                     7777777    455555555555544444444
 77777777777777777777774444444444444477777777777777                                     7777777    555555555555444444444
  7777777777777777777774444444444444477777777777777               7777777               7777777    555555555554444444444
   7777777777777777777774444444444444777777777777777 7          777777777777777         777777     555555555554444444444
   77777777777777777777444444444444444777777777777777          7777777777777777777777777777777     555555555554444444444
    777777777777777777774444444444444477777774454777777    77  77777777777777777777777777777777  77555555555554444444444
    7777777777777777777744444444444444777777 74445447           777777777777                7777774555555555544444444444
     77777777777777777774444444444444477     7455456647        777777777777777777777777777777777746555555555544444444444
      7777777777777777774444444444444477 7    465555666     7   77777754777777777774454444444444746565554555544444444444
      7777777777777777774444444444444477 7     5665556665555555474777747777745568888888888888888888886554555544444444444
       777777777777777777444444444444477 7     7565555545555555565444444456888888888888888888888888886544555544444444444
        77777777777777777744444444444777 7      446665544455554456886555688888888888865556666655566665555555544444444444
        77777777777777777744444444444777 7       46666665555554458888888888888888886444444777777756555555555544444444444
         7777777777777777774444444444777           746888655544468888888888888888644444444777777756555555555444444444444
         7777777777777777777444444447777             4888666555588888888888888864444447444777777756555555555444444444444
          777777777777777777444444447777               664      74688888888888477777777774777777756555555555444444444444
           77777777777777777444444447777  7                        58888888888867777777774777777755555555555444444444444
           77777777777777777744444447777  7                         58888888888867   77774777777765555555555544444444444
            77777777777777774444444477777                            46888888888884   7777 77777765555555555454444444444
            77777777777777774444444477777                                74688888884          77765555555555544444444444
             7777777777777777444444477777                                   468888887           765555555555554444444444
              77777777777777744444447777777                                   7688886    777   7745555555555554444444444
              7777777777777744444444777777777777                                48888            75555555555554444444444
               7777777777777444444444777777777777777                            7888847777777    75555555555555444444444
                7777777777774444444444477777777777777777   77                    688867777777    45555555555555444444444
                7777777777774444444444477777777777777777777777777777777777       588884777777    45555555555555544444444
                 7777777777444444444477777777777777777777777777777777777777777777488886777777777745555555555555444444444
                  777777777444444477777777777777777777777777777777777777777777777758888444444777745555555555555544444444
                  777777774444447777777777777777777777777777777777777777777777777775888574444777445655655555555554444444
                   77777774447777777777777777777777777777777777777777777777777777777688844444444456666666655555554444444
                   77777744777777777777777777777777777777777777777777777777777777777488854444455666666666665555555444444
                    7777477777777777777777777777777777777777777777777777777777777777745455544555566666666665555555444444
                     777777777777777777777777777777777777777777777777777777777777777774444555564565566666655555555544444
                7777 777777777777777777777777777777777777777777777777777777777777777774454444554565566666655555555544444
               77777777777777777     777777777777777777777 7777777777777777777777777777777444555565466666655555555544444
              777777777777             777777777777777      777777777777777777777777777777744455566688886665555555554444
