7774477777777777777777774444444444477777777777                                            77777    455555555555544444444
7777777777777777777777774444444444447777777777777                                        777777    455555555555444444444
7777777777777777777777774444444444447777777777777                                        777777    455555555555544444444
77777777777777777777777744444444444477777777777777                                      7777777    455555555555444444444
777777777777777777777777444444444444477777777777777                                     7777777    455555555554444444444
777777777777777777777774444444444444477777777777777                                     7777777    455555555555444444444
 77777777777777777777744444444444444477777777777777                                     7777777    455555555554444444444
 777777777777777777777744444444444444777777777777777                                     777777    455555555544444444444
  77777777777777777777774444444444444777777777777777                                     77777     555555555544444444444
   777777777777777777777444444444444477777777777777777          777777777777              7777     555555555544444444444
   77777777777777777777444444444444447777777777777777          777777777777777           77777     555555555444444444444
    777777777777777777774444444444444477777444777777777   777  77777777777777777        777777    7555555555444444444444
    777777777777777777774444444444444477777745557               777777777                      7777555555555544444444444
     77777777777777777774444444444444477   745545657           777777777777777777777777777777777746555555555544444444444
      7777777777777777774444444444444477 7  5655556667          777  7577        777777777777777746565554455544444444444
      7777777777777777774444444444444477 7   56655556554555557 777777777777744555666886666666666668886554555544444444444
       777777777777777777444444444444477 7   756555555555555555544444444456888888888888888888888888886544455544444444444
        77777777777777777444444444444477 7    75666554445555545568665556888888888888886888888886668665555555544444444444
        77777777777777777744444444444777 7    74566665555555544588888888888888888886544444444477756555555555444444444444
         7777777777777777744444444444777        466888885555544688888888888888888644444444777777756555555555444444444444
         7777777777777777777444444444777  7       7768886655555688888888888888654444444444777777756555555555444444444444
          777777777777777777444444447777  7          4885777777568888888888867777777777774777777755555555555444444444444
           77777777777777777444444447777  7           54         7688888888888477777777774777777755555555555444444444444
           77777777777777777744444447777  7                       76888888888885   7777774777777755555555555444444444444
            77777777777777774444444477777 7                         46888888888867   77777 77777765555555555444444444444
            77777777777777774444444477777 7                            775888888887           77765555555555544444444444
             7777777777777777444444477777                                  46888886            7765555555555554444444444
              77777777777777444444447777777                                  7588885     7777 77745555555555544444444444
              7777777777777744444444777777777777                               48886            745555555555554444444444
               77777777777774444444447777777777777777                          78888477777777   745555555555555444444444
                7777777777744444444444447777777777777777   77                   6888677777777   745555555555555544444444
                777777777777444444444447777777777777777777777777777777777       48888577777777  745555555555555544444444
                 7777777777444444444477777777777777777777777777777777777777777777688884777777777745555555555555554444444
                  777777777444444477777777777777777777777777777777777777777777777758886444444777745555555555555554444444
                  777777774444447777777777777777777777777777777777777777777777777776888474444477445655655555555554444444
                   77777774447777777777777777777777777777777777777777777777777777777688844444444456666666655555555444444
                   77777744777777777777777777777777777777777777777777777777777777777466554444555666666666665555555444444
                    7777477777777777777777777777777777777777777777777777777777777777744445555565566666666665555555444444
                     777777777777777777777777777777777777777777777777777777777777777774445554564565566666665555555544444
                7777 777777777777777777777777777777777777777777777777777777777777777777444444555565566666665555555554444
               7777777777777777      77777777777777777777777777777777777777777777777777777444555565466666665555555554444
              777777777777             77777777777777777   7777777777777777777777777777777744455566688886665555555555444
