77744777777777777777777774444444444777777777777                                           77777    455555555555555544444
7777777777777777777777777444444444447777777777777                                        777777    455555555555555444444
7777777777777777777777777444444444447777777777777                                        777777    455555555555554444444
7777777777777777777777774444444444447777777777777                                       7777777    455555555555554444444
77777777777777777777777744444444444477777777777777                                      7777777    455555555555544444444
777777777777777777777777444444444444477777777777777                                   777777777    455555555555544444444
 77777777777777777777777444444444444477777777777777                                 77777777777    455555555555544444444
 7777777777777777777777744444444444447777777777777                                 777777777777    455555555555544444444
  777777777777777777777774444444444447777777777777                     77777777   7777777777777    555555555555444444444
   7777777777777777777777444444444444777777777777                   777777777777777777777777777    555555555555444444444
   7777777777777777777777444444444444777777777777                  7777777777777777777777777777  77555555555554444444444
    777777777777777777777444444444444777777777777     7447        777777777777777777777777777777777555555555554444444444
    7777777777777777777777444444444444777777          774547            7777777     774777777777774555555555544444444444
     77777777777777777777744444444444777              74544567       777777777777774688888866654746566555555554444444444
      7777777777777777777744444444444777 7             55555566      754777777777758888888888888868666554555544444444444
      7777777777777777777744444444444777 7             56555566477777747777777774688888868888888888886554555544444444444
       777777777777777777774444444444777 7             75654456665555554444444458888888544555555568886544555554444444444
        77777777777777777774444444447777 7              4566555455555556544444588888888444444447756655555555544444444444
        77777777777777777777444444447777 7              7566655444555555565444888888888444444444756555555555544444444444
         7777777777777777777744444447777                  56866654555544588866888888886444444444456555555555444444444444
         7777777777777777777744444447777                    788885555444688888888888885444444444466555555555444444444444
          777777777777777777744444447777                     68866655445888888888888867774744444466555555555444444444444
           77777777777777777744444447777                      557  77444688888888888854774777444466555555555444444444444
           77777777777777777744444447777                                 46888888888888865777774466655555555544444444444
            7777777777777777744444447777                                   488888888888888657777766655555555454444444444
            77777777777777777444444477777                                   76888888888888888577765555555555544444444444
             7777777777777777444444477777                                     456888888888888885765555555555554444444444
              77777777777777744444447777777                                          74568888888545555555555554444444444
              777777777777777444444477777777777                                          7768888575555555555554444444444
               777777777777774444444777777777777777                                      7588886 75555555555555444444444
                777777777777744444444447777777777777777                               7775888887 45555555555555444444444
                77777777777744444444444777777777777777777777777777777777            77774888884  45555555555555444444444
                 7777777777744444444477777777777777777777777777777777777777777777777777758888577745555555555555444444444
                  777777777444444777777777777777777777777777777777777777777777777777777488885777745555555555555444444444
                  777777777444477777777777777777777777777777777777777777777777777777777488864777745565655555555544444444
                   77777774447777777777777777777777777777777777777777777777777777777777688844444456666666655555554444444
                   77777744777777777777777777777777777777777777777777777777777777777777456644555666666666665555544444444
                    7777477777777777777777777777777777777777777777777777777777777777774445554555566666666665555554444444
                     777777777777777777777777777777777777777777777777777777777777777774555445564465566666655555554444444
                7777 777777777777777777777777777777777777777777777777777777777777777777777744554555566666655555555444444
               7777777777777777       7777777777777777 7      7777777777777777777777777777774555555466666655555555544444
              777777777777                    777             7777777777777777777777777777777455565688886665555555554444
