77744777777777777777777744444444444777777777777                                            7777    455555555555555554444
777777777777777777777777444444444444777777777777                                          77777    455555555555555544444
7777777777777777777777777444444444447777777777777                                         77777    455555555555555444444
77777777777777777777777744444444444477777777777777                                        77777    455555555555555444444
77777777777777777777777744444444444477777777777777                                       777777    455555555555554444444
777777777777777777777774444444444444477777777777777                                      777777    455555555555554444444
 777777777777777777777774444444444444777777777777777                                    7777777    455555555555554444444
 777777777777777777777774444444444444777777777777777                                    7777777    555555555555544444444
  77777777777777777777774444444444444777777777777777              7                     7777777    555555555555544444444
   777777777777777777777444444444444477777777777777777          777777777777 7          777777     555555555555544444444
   7777777777777777777774444444444444777777777777777777         7777777777777777      77777777     555555555555444444444
    7777777777777777777744444444444447777777774477777777   7   777777777777777777          777    7555555555554444444444
    777777777777777777774444444444444477777777445444            777777777                       777555555555554444444444
     77777777777777777774444444444444477     445456667         77777777777777777  77777777777777746555555555554444444444
      7777777777777777774444444444444477 7   7555556665         777777577         77777777777777746655554555544444444444
      7777777777777777777444444444444477 7    46655566644445547777777777777777777774444445555566668686554555544444444444
       777777777777777777444444444444477 7     4655555555555555444444447444566888888888888888888888888544555554444444444
        77777777777777777744444444444777 7     4566555445555555566655445688888888888888888888888888666555555544444444444
        77777777777777777774444444444777 7      466865544555544488888888888888888888865556655547756555555555544444444444
         7777777777777777774444444444777          4688865555544588888888888888888865444444777777756555555555444444444444
         7777777777777777777444444447777            68886665555688888888888888886444444474777777756555555555444444444444
          777777777777777777444444447777            74886777744568888888888885477777777774777777756555555555444444444444
           77777777777777777744444447777  7           47         7688888888884777777777774777777755555555555444444444444
           77777777777777777744444447777  7                        688888888885   77777774777777755555555555544444444444
            7777777777777777744444447777                           7688888888886     77777 77777765555555555454444444444
            77777777777777774444444477777                            745688888886            777765555555555544444444444
             7777777777777777444444477777                                768888885            77765555555555554444444444
              77777777777777744444447777777                                76888884      777  77745555555555544444444444
              7777777777777744444444777777777777                             468886     7       775555555555554444444444
               7777777777777744444447777777777777777                          788887777777777    75555555555555444444444
                7777777777774444444444477777777777777777                       58886777777777    45555555555555444444444
                777777777777444444444447777777777777777777777777777777777      48888577777777    45555555555555444444444
                 7777777777744444444477777777777777777777777777777777777777777776888847777777777745555555555555444444444
                  777777777444444477777777777777777777777777777777777777777777774888864444444777745555555555555444444444
                  777777777444477777777777777777777777777777777777777777777777777468884774444777745555555555555544444444
                   77777774447777777777777777777777777777777777777777777777777777746888474444444456666666555555554444444
                   77777744777777777777777777777777777777777777777777777777777777774688844444555666666666665555544444444
                    7777477777777777777777777777777777777777777777777777777777777777466554444455566666666665555554444444
                     777777777777777777777777777777777777777777777777777777777777777774444555564565566666655555554444444
               77777 777777777777777777777777777777777777777777777777777777777777777774445544564555566666655555555444444
               7777777777777777     7777777777777777777777 7  7777777777777777777777777444444555555466666655555555544444
              777777777777             777777777777777       77777777777777777777777777777777455565688886665555555554444
