777447777777777777777777444444444447777777777777                                          77777    455555555555555444444
7777777777777777777777774444444444447777777777777                                        777777    455555555555554444444
7777777777777777777777774444444444447777777777777                                        777777    455555555555554444444
77777777777777777777777744444444444477777777777777                                       777777    455555555555554444444
777777777777777777777777444444444444477777777777777                                     7777777    455555555555444444444
7777777777777777777777744444444444444777777777777777                                    7777777    455555555555544444444
 777777777777777777777744444444444444777777777777777                                   77777777    455555555555544444444
 7777777777777777777777444444444444447777777777777777                                   7777777    455555555555444444444
  7777777777777777777774444444444444477777777777777777               77777              7777777    555555555555444444444
   7777777777777777777774444444444444477777777777777777         77777777777777          777777     555555555554444444444
   77777777777777777777444444444444444777777777777777777   7   77777777777777777         77777     555555555554444444444
    777777777777777777774444444444444477777744477777777777777 77777777777777777777        7777    7555555555544444444444
    77777777777777777777444444444444447777774445477            77777777777                      777555555555544444444444
     77777777777777777774444444444444477    445555647          777777777777777777777777777777777746555555555544444444444
      7777777777777777774444444444444477 7  7555555664    777  77777 75477       777777777777777746555554555544444444444
      7777777777777777774444444444444477 7   456555566655555557777777747777777744444444445555666668686554555444444444444
       777777777777777777444444444444477 7    55655555555555555554444444455688888888888888888888888886544555444444444444
        77777777777777777744444444444477 7     4566655444555544568866556888888888888888888888888668666555555444444444444
        77777777777777777744444444444777 7     7566666655555544588888888888888888888865556555547756555555555444444444444
         7777777777777777774444444444777 7       75668886555544688888888888888888864444474777777756555555555444444444444
         7777777777777777774444444444777  7         48886665555688888888888888865477777774777777756555555555444444444444
          777777777777777777444444447777  7           586      746888888888864777777777774777777755555555555444444444444
           77777777777777777444444447777  7            7          5888888888857 7777777774777777755555555555444444444444
           77777777777777777744444447777  7                        6888888888867    777777 77777755555555555444444444444
            77777777777777774444444477777 7                         468888888886      7777  7777755555555554444444444444
            77777777777777774444444477777                              7468888886             77765555555555444444444444
             7777777777777777444444477777                                 48888885              765555555555544444444444
              77777777777777744444447777777                                 5888887      777   7745555555555444444444444
              7777777777777744444444777777777777                             768886              75555555555544444444444
               77777777777774444444447777777777777777                         788887777777777    75555555555544444444444
                7777777777774444444444447777777777777777   77                  68886777777777    45555555555555444444444
                777777777777444444444444777777777777777777777777777777777      48888577777777    45555555555554444444444
                 7777777777744444444477777777777777777777777777777777777777777776888847777777777745555555555555444444444
                  777777777444444477777777777777777777777777777777777777777777777688864444444777745555555555555444444444
                  777777774444447777777777777777777777777777777777777777777777777758885774444777745555555555555544444444
                   77777774447777777777777777777777777777777777777777777777777777775888574444444456666666555555554444444
                   77777744777777777777777777777777777777777777777777777777777777777588854444555666666666665555544444444
                    7777477777777777777777777777777777777777777777777777777777777777754455544455566666666665555554444444
                     777777777777777777777777777777777777777777777777777777777777777774444555564565566666655555555444444
               77777 777777777777777777777777777777777777777777777777777777777777777774454444554555566666655555555444444
              77777777777777777     777777777777777777777777777777777777777777777777777777774555565466666655555555544444
              777777777777            7777777777777777777  7777777777777777777777777777777777455565688886665555555554444
