7774477777777777777777744444444444447777777777777                                        777777    455555555555555554444
77777777777777777777777444444444444477777777777777                                       777777    455555555555555544444
77777777777777777777777444444444444477777777777777                                      7777777    455555555555555444444
777777777777777777777774444444444444477777777777777                                     7777777    455555555555555444444
7777777777777777777777774444444444444777777777777777                                   77777777    455555555555554444444
77777777777777777777777444444444444447777777777777777                                 777777777    455555555555554444444
 77777777777777777777744444444444444447777777777777777                              77777777777    455555555555554444444
 7777777777777777777774444444444444444777777777777777777              7777777      777777777777    455555555555544444444
  77777777777777777777744444444444444477777777777777777              7777777777   7777777777777    555555555555544444444
   77777777777777777777444444444444444777777777777777777          77777777777777777777777777777    555555555555544444444
   777777777777777777774444444444444447777777777777777777        777777777777777777777777777777   7555555555555444444444
    77777777777777777777444444444444444777777777777777447777     7777777777777777777777777777777777555555555554444444444
    777777777777777777774444444444444447777777       7745544          777777777            77777774555555555544444444444
     77777777777777777774444444444444477 77          74545665        777777777777777566655555477746555555555544444444444
      7777777777777777774444444444444477 7            555556667      754777777777758888888888888666666554555544444444444
      7777777777777777744444444444444477 7            465555665777447744777777774688888888888888888886554555544444444444
       777777777777777777444444444444477 7             56555566555555544444444468888888545666666668886544555544444444444
       777777777777777777444444444444477 7             45655555555555555444444688888886444444777756555555555444444444444
        77777777777777777444444444444477 7             75686554445555555654446888888885444444777756555555555444444444444
         7777777777777777744444444444477 77              758665455555446888888888888864444444444756555555555444444444444
         77777777777777777444444444447777 7                6888655554458888888888888844444444444456555555555444444444444
          7777777777777777744444444447777 7                5688665554468888888888888577774744444466555555555444444444444
           777777777777777744444444447777 7                 757    74456888888888888547774777444466555555555444444444444
           777777777777777744444444447777 7                             468888888888888644777774466555555555444444444444
            77777777777777744444444447777 7                               6888888888888886477777765555555555444444444444
            77777777777777774444444477777 7                                588888888888888885777765555555555544444444444
             7777777777777774444444447777                                   74566666888888888847765555555555544444444444
              777777777777774444444447777777                                        745688888887745555555555544444444444
              777777777777744444444447777777777777777                                    488886  75555555555544444444444
               777777777777444444444477777777777777777777  777                          7688887  75555555555555444444444
                77777777777444444444444477777777777777777777777                     7777688884   75555555555555444444444
                7777777777744444444444477777777777777777777777777777777777   77777777774888887   45555555555555444444444
                 7777777777444444444477777777777777777777777777777777777777777777777777588884777745555555555555444444444
                 7777777777444444477777777777777777777777777777777777777777777777777777688854777745555555555555444444444
                  777777774444447777777777777777777777777777777777777777777777777777777688844777745565655555555544444444
                   77777774444777777777777777777777777777777777777777777777777777777774888644444456666666655555544444444
                   77777744777777777777777777777777777777777777777777777777777777777774566544555666666666665555544444444
                    7777477777777777777777777777777777777777777777777777777777777777774445554555566666666665555554444444
               777  7777777777777777777777777777777777777777777777777777777777777777774445445564465566666655555554444444
              777777 777777777777777777777777777777777777777777777777777777777777777777444444565555566666655555554444444
            777777777777777777777777777777777777777777777777777777777777777777777777777777444555565466666655555555544444
          7 7777777777777777         77777777777777777777777777777777777777777777777777777774455565688886665555555554444
