7774477777777777777777774444444444477777777777777                                        777777    455555555555555554444
77777777777777777777777444444444444477777777777777                                       777777    455555555555555544444
77777777777777777777777744444444444477777777777777                                       777777    455555555555555444444
77777777777777777777777744444444444477777777777777                                      7777777    455555555555555544444
777777777777777777777774444444444444477777777777777                                     7777777    455555555555554444444
7777777777777777777777744444444444444777777777777777                                   77777777    455555555555554444444
 77777777777777777777744444444444444477777777777777777                                 77777777    455555555555554444444
 777777777777777777777744444444444444477777777777777777              777777        777777777777    455555555555554444444
  777777777777777777777444444444444444777777777777777777            77777777     77777777777777    555555555555544444444
   77777777777777777777444444444444444777777777777777777          77777777777777777777777777777    555555555555544444444
   777777777777777777774444444444444447777777777777777777777     777777777777777777777777777777  77555555555555444444444
    77777777777777777777444444444444447777777777777777777777    77777777777777777777777777777777777555555555554444444444
    77777777777777777777444444444444447777777      7455447          777777777             777777774555555555554444444444
     77777777777777777774444444444444477 77        44545664        77747777777777774688666665547746555555555554444444444
      7777777777777777774444444444444477 7         455555666        7754777777777568888888888888666666554555544444444444
      7777777777777777774444444444444477 7          56555566477744477744777777458888888888888888888886554555544444444444
       777777777777777777444444444444477 7          75655566655555564444444445888888886445566666668886544555544444444444
       777777777777777777444444444444477 7          75565555555555555655444468888888864444477777756555555555444444444444
        77777777777777777444444444444777 7           4566665444555544588886688888888844444477777756555555555444444444444
         7777777777777777744444444444777 77            45886655555544888888888888888544444444777756555555555444444444444
         77777777777777777444444444447777 7              488886555445888888888888885444444444444456555555555444444444444
          7777777777777777774444444447777 7              468864555556888888888888857777774744444466555555555444444444444
           777777777777777744444444447777 7                44      7 746888888888886477774777444466555555555444444444444
           777777777777777744444444447777 7                             688888888888885777 77777465555555555444444444444
            77777777777777744444444447777 7                              68888888888888647  7777765555555555444444444444
            77777777777777774444444447777 7                               46888888888888867   77765555555555444444444444
             7777777777777774444444477777                                      7756888888884   7765555555555544444444444
              777777777777774444444447777777                                       7456888887  7745555555555444444444444
              77777777777777444444444777777777777777                                   68886     75555555555544444444444
               777777777777744444444477777777777777777     777                        4888847    75555555555545444444444
                7777777777744444444444447777777777777777777777                       76888877    75555555555555444444444
                7777777777744444444444477777777777777777777777777777777777      7777778888877    45555555555554444444444
                 7777777777444444444477777777777777777777777777777777777777777777777748888577777745555555555555444444444
                 7777777777444444477777777777777777777777777777777777777777777777777778888444777745555555555555444444444
                  777777774444447777777777777777777777777777777777777777777777777777776888444777745555555555555544444444
                   77777774447777777777777777777777777777777777777777777777777777777776886444444456666666555555544444444
                   77777744777777777777777777777777777777777777777777777777777777777776886444555666666666665555544444444
                    7777477777777777777777777777777777777777777777777777777777777777774455544555566666666665555544444444
                 7  7777777777777777777777777777777777777777777777777777777777777777774445555564465566666655555554444444
              777777 777777777777777777777777777777777777777777777777777777777777777774455444564555566666655555554444444
            777777777777777777777 77777777777777777777777777777777777777777777777777777777444555555466666655555554444444
            7777777777777777         77777777777777777777777777777777777777777777777777777774455565688886655555555544444
