77744777777777777777777744444444444777777777777                                          777777    455555555555555554444
7777777777777777777777774444444444447777777777777                                        777777    455555555555555544444
7777777777777777777777777444444444447777777777777                                        777777    455555555555555444444
77777777777777777777777744444444444477777777777777                                       777777    455555555555555444444
777777777777777777777777444444444444477777777777777                                      777777    455555555555554444444
777777777777777777777774444444444444477777777777777                                     7777777    455555555555554444444
 777777777777777777777744444444444444777777777777777                                    7777777    455555555555554444444
 777777777777777777777744444444444444777777777777777                                    7777777    455555555555544444444
  77777777777777777777774444444444444777777777777777 7            777777                7777777    555555555555544444444
   7777777777777777777774444444444444777777777777777777         777777777777777         777777     555555555555544444444
   77777777777777777777444444444444447777777777777777777   7   77777777777777777        777777     555555555555444444444
    777777777777777777774444444444444477777774447777777777777  7777777777777777777         777    7555555555554444444444
    7777777777777777777744444444444444777777 74455447           7777777777                       77555555555554444444444
     77777777777777777774444444444444477     445456664         7777777777777777     777777777777746555555555554444444444
      7777777777777777774444444444444477 7   7555556666         777777577           777777777777746555554555544444444444
      7777777777777777774444444444444477 7    75655566654455547777777777777777777777744774455555568686554555544444444444
       777777777777777777444444444444477 7     4655555555555555544444444444456668888888888888888888888544555554444444444
        77777777777777777444444444444477 7     4456555445555555566554444568888888888888888888888888666555555544444444444
        77777777777777777744444444444777 7      766865544555544488888868888888888888886566666544756555555555544444444444
         7777777777777777774444444444777 7        4688865555544588888888888888888885444474777777756555555555444444444444
         7777777777777777774444444444777  7         88886665554688888888888888886544474474777777756555555555444444444444
          777777777777777777444444447777  7         75885774444588888888888886547777777774777777755555555555444444444444
           77777777777777777444444447777  7           47         4688888888884777777777774777777755555555555444444444444
           777777777777777774444444477777 7                       78888888888867  77777774777777755555555555544444444444
            77777777777777774444444477777 7                        48888888888867    77777777777765555555555444444444444
            77777777777777774444444477777 7                          4568888888867           777765555555555544444444444
             7777777777777774444444477777                                768888886             7765555555555544444444444
              77777777777777444444447777777                                76888885      777   7745555555555444444444444
              7777777777777744444444777777777777                             4688884            775555555555544444444444
               77777777777774444444447777777777777777                          68885777777777    75555555555545444444444
                7777777777774444444444447777777777777777   77                  48886777777777    45555555555555444444444
                777777777777444444444447777777777777777777777777777777777      78888577777777    45555555555554444444444
                 7777777777444444444477777777777777777777777777777777777777777776888847777777777745555555555555444444444
                  777777777444444477777777777777777777777777777777777777777777774888867444444777745555555555555444444444
                  777777774444447777777777777777777777777777777777777777777777777468884774444777745555555555555544444444
                   77777774447777777777777777777777777777777777777777777777777777746888474444444456666666555555544444444
                   77777744777777777777777777777777777777777777777777777777777777774888644444555666666666665555544444444
                    7777477777777777777777777777777777777777777777777777777777777777488654444455566666666665555554444444
                    7777777777777777777777777777777777777777777777777777777777777777744455555564555566666655555554444444
               77777 777777777777777777777777777777777777777777777777777777777777777774445544564555566666655555555444444
              777777777777777777    777777777777777777777777777777777777777777777777777444444555555466666655555555544444
              7777777777777           77777777777777777777  777777777777777777777777777777777455565688886655555555554444
