777447777777777777777777444444444447777777777777                                          77777    455555555555555554444
7777777777777777777777777444444444447777777777777                                        777777    455555555555555544444
7777777777777777777777777444444444447777777777777                                        777777    455555555555555444444
77777777777777777777777774444444444477777777777777                                       777777    455555555555555544444
77777777777777777777777744444444444477777777777777                                       777777    455555555555554444444
777777777777777777777777444444444444477777777777777                                     7777777    455555555555554444444
 77777777777777777777777444444444444477777777777777                                     7777777    455555555555554444444
 77777777777777777777777444444444444477777777777777                                777777777777    555555555555555444444
  7777777777777777777777444444444444477777777777777                  77777       77777777777777    555555555555544444444
   77777777777777777777774444444444447777777777777   7              77777777 7 7777777777777777    555555555555544444444
   77777777777777777777774444444444447777777777777                77777777777777777777777777777   7555555555555544444444
    7777777777777777777774444444444447777777777777 777           7777777777777777777777777777777777555555555555444444444
    7777777777777777777774444444444444777777       77457              77777                77777774555555555554444444444
     77777777777777777777744444444444477           74445664          777777777777777566555555477746566555555554444444444
      7777777777777777777744444444444777 7         7555456657        7547777  777758888888888888666666554555554444444444
      7777777777777777777744444444444777 7          455555666   77777747777777746888888888888888888886554555555444444444
       777777777777777777774444444444777 7          75655556655555555444444444588888888556666666668886544555555444444444
        77777777777777777774444444444777 7           4565555555555555654444446888888885444447777756655555555554444444444
        77777777777777777774444444447777 7           7466655444555555568654468888888864444444777756555555555544444444444
         7777777777777777777444444447777               45866544555544588888888888888844444444447756555555555544444444444
         7777777777777777777744444447777                 768886555544688888888888888544444444444456555555555544444444444
          777777777777777777744444447777                  68886655544888888888888885774444744444466555555555544444444444
           77777777777777777744444447777                   7657   747468888888888885477774774444466555555555554444444444
           77777777777777777744444447777                               7688888888888864774777744466555555555554444444444
            7777777777777777744444447777                                 58888888888888647 77777766555555555554444444444
            77777777777777777444444477777                                 46888888888888864  777765555555555554444444444
             7777777777777777444444477777                                   75555688888888857 77765555555555554444444444
              77777777777777744444447777777                                        4688888886777745555555555555444444444
              777777777777777444444477777777777                                       45688887  775555555555554444444444
               777777777777774444444777777777777777                                    768885    75555555555555444444444
                777777777777444444444447777777777777777                               7688884    45555555555555544444444
                777777777777444444444447777777777777777777777777777777777            74888887    45555555555555544444444
                 7777777777744444444777777777777777777777777777777777777777777777777775888857777745555555555555544444444
                  777777777444444777777777777777777777777777777777777777777777777777775888844777745555555555555544444444
                  777777777444447777777777777777777777777777777777777777777777777777775888544777745565655555555544444444
                   77777774447777777777777777777777777777777777777777777777777777777775888444444456666666555555554444444
                   77777744777777777777777777777777777777777777777777777777777777777775888444555666666666665555544444444
                    7777477777777777777777777777777777777777777777777777777777777777774566444455566666666665555554444444
                     777777777777777777777777777777777777777777777777777777777777777774445555564565566666655555554444444
               77777 777777777777777777777777777777777777777777777777777777777777777774445544564555566666655555555444444
               7777777777777777      77777777777777777777  7 77777777777777777777777777447744555565466666655555555544444
              777777777777              7 777 7777777         7777777777777777777777777777777455565688886665555555554444
