777447777777777777777777444444444447777777777777                                          77777    455555555555555554444
7777777777777777777777774444444444447777777777777                                        777777    455555555555555444444
7777777777777777777777774444444444447777777777777                                        777777    455555555555554444444
77777777777777777777777744444444444477777777777777                                       777777    455555555555554444444
7777777777777777777777774444444444444777777777777                                       7777777    455555555555544444444
777777777777777777777774444444444444477777777777777                                     7777777    455555555555544444444
 777777777777777777777744444444444444777777777777777                                    7777777    455555555555544444444
 777777777777777777777744444444444444777777777777777                                    7777777    555555555555544444444
  77777777777777777777774444444444444777777777777777              777777                7777777    555555555555444444444
   7777777777777777777774444444444444777777777777777 7          777777777777777        7777777     555555555554444444444
   7777777777777777777774444444444444777777777777777            777777777777777777777777777777     555555555554444444444
    77777777777777777777444444444444447777777444477777     7   77777777777777777777777777777777  77555555555554444444444
    7777777777777777777744444444444444777777 74445457           777777777777                  77777555555555544444444444
     77777777777777777774444444444444477     7455456647         77777777777777777777777777777777746655555555554444444444
      7777777777777777777444444444444477 7    5655556667   777  77777754777  77 7777777777777777746665554555544444444444
      7777777777777777777444444444444477 7     5665556665555555474777747777774455668888888888888888886554555544444444444
       777777777777777777444444444444477 7     7565555555555555565444444445688888888888888888888888886544555554444444444
        77777777777777777744444444444777 7      456665544455554456865444688888888888886668888866566665555555554444444444
        77777777777777777774444444444777 7       46686665555554458888888888888888888544444777777756555555555544444444444
         7777777777777777777444444447777           746888655544468888888888888888854444444777777756555555555444444444444
         7777777777777777777444444447777             5888666555588888888888888865444474444777777756555555555444444444444
          777777777777777777744444447777               667   77746888888888886477777777774777777756555555555444444444444
           77777777777777777744444447777                          768888888888677777777774777777755555555555454444444444
           77777777777777777744444447777                           78888888888884   777774777777765555555555544444444444
            7777777777777777744444447777                            76888888888884    7777 77777765555555555554444444444
            77777777777777777444444477777                             7445888888885          777765555555555544444444444
             7777777777777777444444477777                                  468888884           7765555555555554444444444
              77777777777777744444447777777                                  46888887    777   7745555555555554444444444
              777777777777777444444477777777777                                488885           775555555555554444444444
               7777777777777744444447777777777777777                            4888677777777    75555555555555444444444
                777777777777444444444444777777777777777                         7888877777777    45555555555555444444444
                777777777777444444444447777777777777777777777777777777777       7888867777777    45555555555555544444444
                 7777777777744444444477777777777777777777777777777777777777777777688884777777777745555555555555444444444
                  777777777444444477777777777777777777777777777777777777777777777488885444444777745555555555555544444444
                  777777777444447777777777777777777777777777777777777777777777777748888774444777445665655555555544444444
                   77777774447777777777777777777777777777777777777777777777777777775888574444444456666666655555554444444
                   77777744777777777777777777777777777777777777777777777777777777777588844444555666666666665555554444444
                    7777477777777777777777777777777777777777777777777777777777777777766654444555566666666665555555444444
                     777777777777777777777777777777777777777777777777777777777777777774455555564565566666655555555544444
                7777 777777777777777777777777777777777777777777777777777777777777777774445544554565566666655555555544444
               7777777777777777      777777777777777777777   77777777777777777777777777444444555565466666655555555544444
              777777777777             77777777777777        77777777777777777777777777777774455566688886665555555554444
