7774477777777777777777777444444444477777777777                                            77777    455555555555555554444
777777777777777777777777774444444444777777777777                                          77777    455555555555555544444
7777777777777777777777777444444444447777777777777                                        777777    455555555555555444444
7777777777777777777777777444444444447777777777777                                        777777    455555555555554444444
77777777777777777777777744444444444477777777777777                                      7777777    455555555555554444444
77777777777777777777777744444444444447777777777777                                     77777777    455555555555544444444
 777777777777777777777774444444444444777777777777                                    7777777777    455555555555554444444
 777777777777777777777774444444444444777777777777                       7  7       777777777777    455555555555544444444
  77777777777777777777774444444444444777777777777                     77777777    7777777777777    555555555555544444444
   7777777777777777777777444444444444777777777777                   777777777777777777777777777    555555555555544444444
   7777777777777777777777444444444444777777777777                  7777777777777777777777777777  77555555555555444444444
    777777777777777777777444444444444777777777777    77447        777777777777777777777777777777777555555555554444444444
    7777777777777777777777444444444447777777         7744555           777777777     77777777777774555555555554444444444
     77777777777777777777744444444444777             745545657       777777777777774688888666544746566555555554444444444
      7777777777777777777744444444444777 7            555555667      754777777777468888888888888668666554555544444444444
      7777777777777777777744444444444777 7            456555665444444744777777775888888888888888888886554555544444444444
       777777777777777777774444444444777 7             46544556555555654444444468888888445556666668886544555554444444444
        77777777777777777777444444447777 7             45665554555555556547444688888886444444477756655555555544444444444
        77777777777777777777444444447777 7              4666554445555555686546888888885444444447756555555555544444444444
         7777777777777777777744444447777                  46866545555445888888888888884444444444456555555555444444444444
         7777777777777777777744444447777                   4888655554448888888888888854444444444466555555555444444444444
          777777777777777777744444447777                   7688655555458888888888888677774744444466555555555444444444444
           77777777777777777744444447777                     47    77775688888888888647774777444466555555555444444444444
           77777777777777777744444447777                                 58888888888888644 77774466555555555544444444444
            7777777777777777744444447777                                  7688888888888886477777766555555555454444444444
            77777777777777777444444477777                                  768888888888888864777765555555555544444444444
             7777777777777777444444477777                                    7456666888888888847765555555555554444444444
              77777777777777744444447777777                                          45888888884745555555555554444444444
              777777777777777444444477777777777                                         74688887 75555555555554444444444
               777777777777774444444777777777777777                                      588885  75555555555555444444444
                777777777777744444444447777777777777777                               77588886   45555555555555444444444
                77777777777744444444444777777777777777777777777777777777            7777888884   45555555555555544444444
                 7777777777744444444477777777777777777777777777777777777777777777777777488886777745555555555555444444444
                  777777777444444477777777777777777777777777777777777777777777777777777588864777745555555555555444444444
                  777777777444477777777777777777777777777777777777777777777777777777777688844777745565655555555544444444
                   77777774447777777777777777777777777777777777777777777777777777777774888644444456666666555555554444444
                   77777744777777777777777777777777777777777777777777777777777777777774668544555666666666665555544444444
                    7777477777777777777777777777777777777777777777777777777777777777774445544455566666666665555554444444
                     777777777777777777777777777777777777777777777777777777777777777774444455564565566666655555554444444
                 777 777777777777777777777777777777777777777777777777777777777777777777444444554555566666655555555444444
               777777777777777       7777777777777777777     7 777777777777777777777777777774555555466666655555555544444
              777777777777              7      77777           777777777777777777777777777777455565688886665555555554444
