777447777777777777777777744444444447777777777                                             77777    455555555555544444444
77777777777777777777777777444444444777777777777                                          777777    455555555555444444444
7777777777777777777777777444444444447777777777777                                        777777    455555555555544444444
7777777777777777777777777444444444447777777777777                                        777777    455555555555444444444
77777777777777777777777744444444444477777777777777                                      7777777    455555555555444444444
77777777777777777777777744444444444477777777777777                                       777777    455555555555444444444
 77777777777777777777777444444444444777777777777777                                     7777777    455555555554444444444
 7777777777777777777777744444444444447777777777777                                       777777    455555555554444444444
  77777777777777777777774444444444444777777777777                  77777       77        77777     555555555544444444444
   7777777777777777777777444444444444777777777777                  777777    777777     777777     555555555544444444444
   7777777777777777777777444444444444777777777777                 77777777777777777777777777777   7555555555544444444444
    7777777777777777777744444444444447777777777774447            7777777777777777777777777777777777555555555544444444444
    777777777777777777777744444444444777777     774454              77777                    777774555555555544444444444
     77777777777777777777444444444444777         445455            77777777777777777566555554477746555555555544444444444
      7777777777777777777444444444444777 7       755555547         777547    7777568888888888886656666554555544444444444
      7777777777777777777444444444444777 7       76665555647774444777747777777468888888888888888888886554555544444444444
       777777777777777777744444444444777 7       78555445555555555544444444446888888886456668866688886544555544444444444
        77777777777777777774444444444777 7        4555655544455555566444444588888888854444477777756655555555544444444444
        77777777777777777774444444444777 7         745666554445555455865546888888888644444477777756555555555444444444444
         7777777777777777777444444447777            46868866655554746888888888888886444444444777756555555555444444444444
         7777777777777777777744444447777  7           745888865554458888888888888864444444444444456555555555444444444444
          777777777777777777744444447777  7              468666555558888888888888677777474744444466555555555444444444444
           77777777777777777744444447777  7               765    7774688888888888864777774774444466555555555444444444444
           77777777777777777744444447777  7                           76888888888888857774777774466555555555544444444444
            7777777777777777444444447777                                688888888888888577 77777765555555555444444444444
            77777777777777774444444477777                                468888888888888857  777765555555555544444444444
             7777777777777777444444477777                                    777468888888867  77765555555555554444444444
              77777777777777744444447777777                                        7456888857777745555555555554444444444
              777777777777774444444477777777777                                       788884    775555555555554444444444
               77777777777774444444477777777777777777                                76888877    75555555555555444444444
                777777777777444444444447777777777777777                             778888677    45555555555555444444444
                7777777777774444444444477777777777777777777777777777777            7748888577    45555555555555544444444
                 7777777777744444444477777777777777777777777777777777777777777777777748888477777745555555555555544444444
                  777777777444444477777777777777777777777777777777777777777777777777748888444777745555555555555544444444
                  777777777444447777777777777777777777777777777777777777777777777777778886444777445566655555555554444444
                   77777774447777777777777777777777777777777777777777777777777777777776886444444456666666655555554444444
                   77777744777777777777777777777777777777777777777777777777777777777775666444455666666666665555555444444
                    7777477777777777777777777777777777777777777777777777777777777777774455555555566666666665555555444444
                     777777777777777777777777777777777777777777777777777777777777777774445554564565566666665555555544444
                7777 777777777777777777777777777777777777777777777777777777777777777777444444555565566666665555555554444
               777777777777777       7777777777777777777    777777777777777777777777777777444555565466666665555555544444
              777777777777              7777777777777       777777777777777777777777777777744455566688886665555555554444
