77744777777777777777777774444444444777777777777                                          7 7777    455555555555555555445
777777777777777777777777774444444444777777777777                                         777777    455555555555555554444
7777777777777777777777777444444444447777777777777                                        777777    455555555555555554444
7777777777777777777777777444444444447777777777777                                         77777    455555555555555554444
7777777777777777777777774444444444447777777777777                                        777777    455555555555555554444
777777777777777777777777444444444444477777777777777                                      777777    455555555555555555444
 7777777777777777777777744444444444447777777777777                                      7777777    455555555555555455444
 7777777777777777777777744444444444447777777777777                    77              7 7777777    555555555555555544444
  77777777777777777777774444444444444777777777777                   777777      777777777777777    555555555555555444444
   7777777777777777777777444444444444777777777777                 77777777777777777777777777777    555555555555554444444
   7777777777777777777777444444444444777777777777                777777777777777777777777777777   7555555555555555444444
    77777777777777777777444444444444477777777777777444 7         7777777777777777777777777777777777555555555555545444444
    7777777777777777777774444444444447777777      7445565           77777777              777777774555555555555554444444
     77777777777777777777444444444444777          445456657       777747777777777777747777777777746665555555555554444444
      7777777777777777777744444444444777 7        755555666        777547777 7777756888888888665556666554555555444444444
      7777777777777777777744444444444777 7         465555665774444777747777777456888888888888888888886554555555444444444
       777777777777777777774444444444777 7         756555555555555644444444446888888888668888888888886544555555444444444
        77777777777777777774444444444777 7         745665544555555556544444688888888864444444447756665555555554444444444
        77777777777777777777444444447777 7           4666654445555446888658888888888644444477777756555555555555444444444
         7777777777777777777444444447777               46886555554458888888888888886444444447777756555555555554444444444
         7777777777777777777744444447777                8888665544468888888888888854444444444477756555555555544444444444
          777777777777777777744444447777                7586477445568888888888888477744444744444466555555555554444444444
           77777777777777777744444447777                  7         4688888888886477777774744444466555555555554444444444
           77777777777777777744444447777                              48888888888885777774777774466555555555554444444444
            7777777777777777744444447777                               5888888888888857777777777766555555555554444444444
            77777777777777774444444477777                               7688888888888864   77777765555555555554444444444
             7777777777777777444444477777                                  77456888888885  77777765555555555555444444444
              77777777777777744444447777777                                     7468888886777777745555555555555544444444
              77777777777777744444447777777777                                     74688887      75555555555555544444444
               777777777777774444444777777777777777                                  48886777    75555555555555544444444
                77777777777744444444444777777777777777                              768886777    45555555555555544444444
                777777777777444444444447777777777777777777777777777777777           788886777    45555555555555544444444
                 7777777777744444444477777777777777777777777777777777777777777777777488886777777745555555555555544444444
                  777777777444444477777777777777777777777777777777777777777777777777488885444777745555555555555544444444
                  777777777444477777777777777777777777777777777777777777777777777777768885444777745565555555555544444444
                   77777774447777777777777777777777777777777777777777777777777777777758884444444456666666555555554444444
                   77777744777777777777777777777777777777777777777777777777777777777748884444555666666666665555544444444
                    7777477777777777777777777777777777777777777777777777777777777777776685444555566666666665555554444444
                     777777777777777777777777777777777777777777777777777777777777777774455554554565566666655555554444444
               77777 777777777777777777777777777777777777777777777777777777777777777774444545564555566666655555554444444
               7777777777777777      7777777777777777777       777777777777777777777777444444555555466666655555555444444
              777777777777                 7777777777          777777777777777777777777777774455565688886655555555544444
