77744777777777777777777774444444444777777777777                                           77777    455555555555555554444
777777777777777777777777774444444444777777777777                                         777777    455555555555555544444
7777777777777777777777777444444444447777777777777                                         77777    455555555555555444444
77777777777777777777777774444444444477777777777777                                       777777    455555555555555444444
77777777777777777777777774444444444477777777777777                                       777777    455555555555554444444
777777777777777777777777444444444444477777777777777                                     7777777    455555555555554444444
 77777777777777777777777444444444444477777777777777                                    77777777    455555555555554444444
 77777777777777777777777444444444444477777777777777                                 77777777777    455555555555555444444
  7777777777777777777777444444444444477777777777777                    777  7      777777777777    555555555555544444444
   77777777777777777777774444444444447777777777777   7               77777777777  7777777777777    555555555555544444444
   77777777777777777777774444444444447777777777777                 7777777777777777777777777777  77555555555555544444444
    7777777777777777777774444444444447777777777777     7          777777777777777777777777777777777555555555555444444444
    7777777777777777777777444444444447777777          7444               7777        77777777777774555555555554444444444
     77777777777777777777744444444444777              7444554        777777777777774688888866554746566555555554444444444
      7777777777777777777744444444444777 7            445445657      754777777777758888888888888868666554555554444444444
      7777777777777777777744444444444777 7             555556667    7777777777774688888888888888888886554555555444444444
       777777777777777777774444444444777 7             55655566655555557444444448888888544555655568886544555554444444444
        77777777777777777774444444444777 7              5655555555555565544444488888888544444447756655555555554444444444
        77777777777777777777444444447777 7              4566554445555555665444688888888544444444756555555555544444444444
         7777777777777777777744444447777                 466665444555544588866888888888445444444456555555555544444444444
         7777777777777777777744444447777                   7588655555544688888888888886444444444466555555555444444444444
          777777777777777777744444447777                    588866554444888888888888884744744444466555555555544444444444
           77777777777777777744444447777                     46857444445888888888888864774774444466555555555544444444444
           77777777777777777744444447777                                 46888888888888865777774466655555555554444444444
            7777777777777777744444447777                                   468888888888888857777766655555555554444444444
            77777777777777777444444477777                                   76888888888888888577765555555555554444444444
             7777777777777777444444477777                                     456888888888888885765555555555554444444444
              77777777777777744444447777777                                          74688888888545555555555554444444444
              777777777777777444444477777777777                                          7468888675555555555554444444444
               777777777777774444444777777777777777                                       488888775555555555555444444444
                77777777777774444444444777777777777777                                7774888887 45555555555555444444444
                77777777777744444444444777777777777777777777777777777777            77777888885  45555555555555444444444
                 7777777777744444444477777777777777777777777777777777777777777777777777758888677745555555555555444444444
                  777777777444444477777777777777777777777777777777777777777777777777777768886777745555555555555444444444
                  777777777444477777777777777777777777777777777777777777777777777777777488864777745565555555555544444444
                   77777774447777777777777777777777777777777777777777777777777777777777688844444456666666555555544444444
                   77777744777777777777777777777777777777777777777777777777777777777777568644555666666666665555544444444
                    7777477777777777777777777777777777777777777777777777777777777777774445544455566666666665555554444444
                     777777777777777777777777777777777777777777777777777777777777777774444455564465566666655555554444444
               77777 777777777777777777777777777777777777777777777777777777777777777777444444564555566666655555554444444
               7777777777777777      7777777777777777777     77777777777777777777777777777777555555466666655555555444444
              777777777777             7   77 777777         77777777777777777777777777777777455565688886665555555554444
