777447777777777777777777744444444447777777777777                                           7777    455555555555555554444
7777777777777777777777777444444444447777777777777                                        777777    455555555555555544444
7777777777777777777777777444444444447777777777777                                        777777    455555555555555444444
77777777777777777777777774444444444477777777777777                                       777777    455555555555555544444
77777777777777777777777774444444444477777777777777                                      7777777    455555555555554544444
777777777777777777777777444444444444477777777777777                                     7777777    455555555555554444444
 77777777777777777777777444444444444477777777777777                                    77777777    455555555555554444444
 77777777777777777777777444444444444477777777777777                                  7777777777    455555555555555444444
  7777777777777777777777444444444444477777777777777                         777    777777777777    555555555555544444444
   777777777777777777777744444444444477777777777777  7                77777777777 7777777777777    555555555555544444444
   7777777777777777777777444444444444777777777777777               7777777777777777777777777777  77555555555555544444444
    777777777777777777777444444444444777777777777777              777777777777777777777777777777777555555555555444444444
    7777777777777777777777444444444444777777           7444                777       44777777777774555555555554444444444
     77777777777777777777744444444444777               7744554        77777777777774688888886654746566555555554444444444
      7777777777777777777744444444444777 7             745545657     754777777777748888888888888868666554555554444444444
      7777777777777777777744444444444777 7              555555667     77777777777588888868888888888888554555554444444444
       777777777777777777774444444444777 7              5565556665555554444444446888888644455555568886544555555444444444
        77777777777777777774444444444777 7               565555555555555544444458888888644444444756655555555554444444444
        77777777777777777777444444447777 7               456655544555555566544488888888844444444456655555555544444444444
         7777777777777777777744444447777                  46666544455554456866688888888645444444456655555555544444444444
         7777777777777777777744444447777                    468665555554458888888888888644444444466655555555544444444444
          777777777777777777744444447777                     48888655544488888888888888444744444466655555555544444444444
           77777777777777777744444447777                      5885444454588888888888888474774444466655555555544444444444
           77777777777777777744444447777                       7         74688888888888886477774466655555555554444444444
            7777777777777777744444447777                                    46888888888888885777766655555555554444444444
            77777777777777777444444477777                                    7688888888888888857765555555555554444444444
             7777777777777777444444477777                                      46888888888888888565556555555554444444444
              77777777777777744444447777777                                           7468888888885555555555555444444444
              7777777777777774444444777777777777                                          446888885555555555554444444444
               777777777777774444444777777777777777                                        46888855555555555555444444444
                77777777777774444444444777777777777777                                7777588888445555555555555544444444
                777777777777444444444447777777777777777777777777777777777           777774888885 45555555555555544444444
                 7777777777744444444477777777777777777777777777777777777777777777777777776888857745555555555555444444444
                  777777777444444477777777777777777777777777777777777777777777777777777748888477745555555555555444444444
                  777777777444477777777777777777777777777777777777777777777777777777777768885777745565655555555544444444
                   77777774447777777777777777777777777777777777777777777777777777777777588854444456666666655555544444444
                   77777744777777777777777777777777777777777777777777777777777777777777456644555666666666665555544444444
                    7777477777777777777777777777777777777777777777777777777777777777774445554455566666666665555554444444
                     777777777777777777777777777777777777777777777777777777777777777774455445564465566666655555554444444
               77777 777777777777777777777777777777777777777777777777777777777777777777777444564555566666655555554444444
               7777777777777777      777777777777777777  7  777777777777777777777777777777777555565466666655555555444444
              777777777777             77  777777777          7777777777777777777777777777777455565688886665555555544444
