77744777777777777777777444444444444477777777777777                                      7777777    455555555555555444444
777777777777777777777774444444444444477777777777777                                     7777777    455555555555555444444
7777777777777777777777444444444444444777777777777777                                   77777777    455555555555554444444
7777777777777777777777444444444444444777777777777777                                   77777777    455555555555554444444
77777777777777777777777444444444444444777777777777777                                  77777777    455555555555444444444
7777777777777777777777444444444444444477777777777777777                                77777777    455555555555544444444
 7777777777777777777774444444444444444777777777777777777                              777777777    455555555555544444444
 77777777777777777777744444444444444447777777777777777777                        7 777777777777    455555555555444444444
  7777777777777777777774444444444444447777777777777777777                    777777777777777777    555555555554444444444
   777777777777777777774444444444444447777777777777777777           77777  77777777777777777777   7555555555554444444444
   77777777777777777777444444444444444477777777777777777777        77777777777777777777777777777 77555555555554444444444
    77777777777777777774444444444444444777777777777777777777      777777777777777777777777777777777555555555544444444444
    777777777777777777744444444444444447777777               444                7777756665554777774555555555544444444444
     77777777777777777744444444444444447 77                 774557    7   7777777777688888888866546566555555544444444444
      7777777777777777774444444444444447 7                  7445554   57      777774888888888888888666554555544444444444
      7777777777777777744444444444444447 7                  655555564     7777777776888886688888888888554555544444444444
       777777777777777774444444444444447 7                  866655556444444447444448888888444555568686444555544444444444
       777777777777777774444444444444477 7                  765655556665555555444458888888844444456655555555444444444444
        77777777777777777444444444444477 7                   44566555455555555664458888888864444456555555555444444444444
         7777777777777777444444444444477777                  74566655444555554568668888888864444466655555555444444444444
         77777777777777777444444444447777 7                    466886655555544488888888888884444466655555555444444444444
          7777777777777777444444444447777 7                       468886555444588888888888884444466655555555444444444444
           777777777777777744444444447777 7                        68865555544888888888888884774466655555555444444444444
           777777777777777444444444447777 7                         54     777468888888888888865465565555555544444444444
            77777777777777444444444447777 7                                      568888888888888886566555555554444444444
            77777777777777444444444447777 7                                       76888888888888888866655555544444444444
             7777777777777444444444447777                                           468888888888888888665555554444444444
              777777777777744444444447777777                                           777744688888888865555554444444444
              777777777777744444444447777777777777777777   77                                 74688888886555554444444444
               77777777777744444444447777777777777777777777777                        777 7   75888888865555555444444444
                77777777777444444444444477777777777777777777777                    7777777777588888886655555555444444444
                77777777777444444444444477777777777777777777777777777777777777777777777777776888888655555555555444444444
                 7777777774444444444447777777777777777777777777777777777777777777777777777468888655555555555555444444444
                 7777777774444444447777777777777777777777777777777777777777777777777777775888864745555555555555444444444
                  777777774444447777777777777777777777777777777777777777777777777777777745688477745566655555555544444444
                   77777744444777777777777777777777777777777777777777777777777777777774444564444456666866655555554444444
                   77777444777777777777777777777777777777777777777777777777777777777777444454555666666666665555544444444
                    7777477777777777777777777777777777777777777777777777777777777777777774445565566666666665555554444444
              7777  7774777777777777777777777777777777777777777777777777777777777777777777444565465566666665555554444444
             77777777777777777777777777777777777777777777777777777777777777777777777777777444555565566666655555555444444
          7 777777777777777777777777777777777777777777777777777777777777777777777777777777444555565466666655555555544444
          77777777777777777777     7777777777777777777777777777777777777777777777777777777744455565688886665555555554444
