7774477777777777777777744444444444447777777777777                                       7777777    455555555555554444444
777777777777777777777774444444444444777777777777777                                     7777777    455555555555554444444
777777777777777777777774444444444444477777777777777                                    77777777    455555555555554444444
7777777777777777777777744444444444444777777777777777                                   77777777    455555555555544444444
77777777777777777777777444444444444447777777777777777                                  77777777    455555555555444444444
7777777777777777777777444444444444444477777777777777777                                77777777    455555555555444444444
 7777777777777777777774444444444444444777777777777777777                              777777777    455555555554444444444
 7777777777777777777774444444444444444777777777777777777                      7777    777777777    455555555554444444444
  777777777777777777777444444444444444777777777777777777              777777777777  77777777777    555555555554444444444
   777777777777777777774444444444444447777777777777777777           777777777777777777777777777    555555555544444444444
   7777777777777777777744444444444444447777777777777777777        77777777777777777777777777777  77555555555544444444444
    77777777777777777774444444444444444777777777777777777777      777777777777777777777777777777777555555555544444444444
    777777777777777777744444444444444447777777           77454               777    755555447777774555555555544444444444
     77777777777777777744444444444444477 77               74555       77777777777777688888888865446555555555444444444444
      7777777777777777774444444444444447 7                4555557     54   777777776888888888888888666554555544444444444
      7777777777777777744444444444444447 7               456555566    77777777777768888866688888888888554555444444444444
       777777777777777774444444444444477 7               465655556655555554444444588888864444555568686444555444444444444
       777777777777777777444444444444477 7                45565555555555556544444888888885444444456555555554444444444444
        7777777777777777744444444444447777                 4456655444555555566445888888886444444456555555554444444444444
         7777777777777777444444444444477777                7466665544455554458886888888886444444466555555555444444444444
         7777777777777777744444444444477777                  75688865555547488888888888886444444466555555554444444444444
          7777777777777777744444444447777 7                     58886554444588888888888885744444466555555555444444444444
           777777777777777744444444447777 7                     76864454554688888888888885477744466555555555444444444444
           777777777777777744444444447777 7                      74        746888888888888886547765555555555444444444444
            77777777777777744444444447777 7                                   468888888888888886465565555555444444444444
            77777777777777744444444447777 7                                     5888888888888888886556555555544444444444
             7777777777777744444444447777                                        756888888888888888866655555554444444444
              777777777777744444444447777777                                             7456888888886655555554444444444
              7777777777777444444444477777777777777777     777                               768888865655555554444444444
               777777777777444444444477777777777777777777777777                      77777775888888656555555555444444444
                77777777777444444444444477777777777777777777777                  777777777758888885555555555555444444444
                77777777777444444444444477777777777777777777777777777777777777777777777777488888545555555555555444444444
                 7777777777444444444447777777777777777777777777777777777777777777777777774888864745555555555555444444444
                 7777777774444444447777777777777777777777777777777777777777777777777777748888577745555555555555444444444
                  777777774444447777777777777777777777777777777777777777777777777777777758885777745566655555555544444444
                   77777744444777777777777777777777777777777777777777777777777777777774445654444456666666655555554444444
                   77777444777777777777777777777777777777777777777777777777777777777774444554555666666666665555554444444
                    7777477777777777777777777777777777777777777777777777777777777777777444445565566666666665555554444444
               777  7774777777777777777777777777777777777777777777777777777777777777777777444565465566666665555555444444
              7777777777777777777777777777777777777777777777777777777777777777777777777777444555565566666655555555444444
            777777777777777777777777777777777777777777777777777777777777777777777777777777444555565466666655555555544444
          7 77777777777777777       777777777777777777777777777777777777777777777777777777744455566688886665555555554444
