7774477777777777777777774444444444477777777777777                                        777777    455555555555555554444
7777777777777777777777774444444444447777777777777                                        777777    455555555555555544444
77777777777777777777777744444444444477777777777777                                      7777777    455555555555555444444
77777777777777777777777744444444444477777777777777                                      7777777    455555555555554444444
777777777777777777777777444444444444477777777777777                                     7777777    455555555555554444444
7777777777777777777777744444444444444777777777777777                                    7777777    455555555555544444444
 777777777777777777777444444444444444777777777777777                                    7777777    455555555555554444444
 77777777777777777777774444444444444477777777777777777               777                7777777    455555555555544444444
  77777777777777777777774444444444444477777777777777777            7777777    777777    7777777    555555555555544444444
   7777777777777777777774444444444444477777777777777777          7777777777777777777777 777777     555555555555544444444
   777777777777777777774444444444444447777777777777777777       777777777777777777777777777777     555555555554444444444
    77777777777777777777444444444444447777777777744477777777   77777777777777777777777777777777   7555555555554444444444
    77777777777777777777444444444444447777777   77445444           777777777                   7777555555555544444444444
     77777777777777777774444444444444477 77     745545665         777747777777777777777777777777746555555555544444444444
      7777777777777777774444444444444477 7       455555666        777754777   7   77444744444447746555554555544444444444
      7777777777777777774444444444444477 7        5655556654444447777747777777774568888888888888888886554555544444444444
       777777777777777777444444444444477 7        7565555555555556444444444445688888888888888888888886544555544444444444
       777777777777777777444444444444477 7        7456655445555555565444444588888888886566666655556665555555444444444444
        77777777777777777744444444444777 7         756665544555554468865458888888888854444777777756555555555444444444444
         7777777777777777774444444444777 77          7588665555544588888888888888886444444777777756555555555444444444444
         7777777777777777774444444444777  7            68886655444688888888888888854444444747777756555555555444444444444
          777777777777777777444444444777  7            45885445555688888888888886477777774744777756555555555444444444444
           77777777777777777444444444777  7              47       756888888888884777777774774444765555555555444444444444
           777777777777777777444444477777 7                          588888888888857777774777777765555555555444444444444
            77777777777777774444444477777 7                           5888888888888857 777777777765555555554444444444444
            77777777777777774444444477777 7                            4688888888888864    77777765555555555444444444444
             7777777777777774444444477777                                7445568888888867     77765555555555544444444444
              777777777777774444444477777777                                   75688888867777 77745555555555444444444444
              7777777777777744444444777777777777777                               74688887       75555555555544444444444
               77777777777774444444447777777777777777      77                       488887777    75555555555544444444444
                7777777777774444444444447777777777777777  7777                      588867777    45555555555554444444444
                7777777777774444444444477777777777777777777777777777777777        77688887777    45555555555554444444444
                 7777777777444444444477777777777777777777777777777777777777777777777688887777777745555555555554444444444
                 7777777777444444477777777777777777777777777777777777777777777777777588884444777745555555555555444444444
                  777777774444447777777777777777777777777777777777777777777777777777488864444777745555555555555444444444
                   77777774447777777777777777777777777777777777777777777777777777777768884444444456666666555555544444444
                   77777744777777777777777777777777777777777777777777777777777777777758884444555666666666665555544444444
                    7777477777777777777777777777777777777777777777777777777777777777746665444455566666666665555554444444
                 7  7777777777777777777777777777777777777777777777777777777777777777774455555564465566666655555554444444
               77777 777777777777777777777777777777777777777777777777777777777777777774445554564555566666655555554444444
              7777777777777777777  7777777777777777777777777777777777777777777777777777444444555555466666655555555444444
             77777777777777           7777777777777777777777777777777777777777777777777777774455565688886665555555554444
