7774477777777777777777774444444444477777777777                                            77777    455555555555444444444
7777777777777777777777774444444444447777777777777                                        777777    455555555555444444444
77777777777777777777777744444444444477777777777777                                       777777    455555555555444444444
77777777777777777777777744444444444477777777777777                                       777777    455555555555444444444
777777777777777777777777444444444444477777777777777                                     7777777    455555555554444444444
7777777777777777777777744444444444444777777777777777                                    7777777    455555555544444444444
 7777777777777777777774444444444444447777777777777777                                    777777    455555555544444444444
 777777777777777777777744444444444444777777777777777777                                  77777     455555555544444444444
  77777777777777777777744444444444444777777777777777777         777777777                 7777     555555555544444444444
   77777777777777777777744444444444447777777777777777777        777777777777777           7777     555555555444444444444
   777777777777777777774444444444444447777777777777777777 77    777777777777777         777777     555555555444444444444
    777777777777777777774444444444444477777774447777777777777  777777777777777777      77777777  77555555555444444444444
    77777777777777777777444444444444447777777445557             777777777                    777777555555555444444444444
     77777777777777777774444444444444477 7   45555547           777777777777777    7777777777777746555555554444444444444
      7777777777777777774444444444444477 7   7565555647         77777754777     7455666555555544446555554455444444444444
      7777777777777777774444444444444477 7    75655556654455554777777747777745688888888888888888888886554454444444444444
       777777777777777777444444444444477 7    76565555555555555554444444445688888888888888888888888886544454444444444444
       777777777777777777444444444444477 7     7456655544455555556665544688888888888654445555544456655555554444444444444
        77777777777777777744444444444477 7      446686555555554448888888888888888885444774777777756555555544444444444444
         7777777777777777744444444444777 77      46868888655554458888888888888888644444444777777756555555544444444444444
         77777777777777777744444444447777 7        455888866555468888888888888854744447774777777756555555554444444444444
          7777777777777777744444444447777 7           758654444458888888888888577777777774777777755555555544444444444444
           777777777777777774444444447777 7            464        768888888888885777777774777777755555555554444444444444
           777777777777777774444444447777 7                         588888888888864  77777777777765555555554444444444444
            77777777777777774444444447777 7                          4688888888888867    7  7777765555555554444444444444
            77777777777777744444444477777 7                            774456888888887          755555555554444444444444
             7777777777777744444444477777                                    7588888887          65555555555444444444444
              777777777777774444444447777777                                    7488885  777    745555555555444444444444
              77777777777777444444444777777777777777                              58884          75555555555444444444444
               7777777777777444444444777777777777777777    777                    68885777777    75555555555544444444444
                7777777777774444444444447777777777777777777777                    68888777777    45555555555544444444444
                777777777777444444444444777777777777777777777777777777777         58888477777    45555555555554444444444
                 7777777777444444444477777777777777777777777777777777777777777777746888577777777745555555555555444444444
                 7777777777444444477777777777777777777777777777777777777777777777774888644444777745555555555555544444444
                  777777774444447777777777777777777777777777777777777777777777777777688844444777445555555555555554444444
                   77777774447777777777777777777777777777777777777777777777777777777488854444444456666666555555554444444
                   77777744777777777777777777777777777777777777777777777777777777777756664444455666666666665555555444444
                    7777477777777777777777777777777777777777777777777777777777777777774455555555566666666665555555444444
                 7  7777777777777777777777777777777777777777777777777777777777777777774455554564565566666665555555544444
               77777 777777777777777777777777777777777777777777777777777777777777777777444444555565566666655555555444444
              7777777777777777777 77777777777777777777777777777777777777777777777777777777444555565466666655555555544444
             77777777777777          77777777777777777777777777777777777777777777777777777744455566688886665555555554444
