777447777777777777777777744444444447777777777777                                           7777    755555555555555554444
7777777777777777777777777744444444447777777777777                                         77777    455555555555555544444
7777777777777777777777777444444444447777777777777                                        777777    455555555555555444444
77777777777777777777777744444444444477777777777777                                       777777    455555555555555444444
777777777777777777777777444444444444777777777777777                                      777777    455555555555554444444
7777777777777777777777774444444444444777777777777777                                     777777    455555555555554444444
 777777777777777777777774444444444444777777777777777                                    7777777    455555555555554444444
 7777777777777777777777744444444444447777777777777777                                   7777777    455555555555555444444
  777777777777777777777744444444444447777777777777777                         7777   7777777777    555555555555544444444
   777777777777777777777744444444444477777777777777777                      7777777777777777777   7555555555555544444444
   777777777777777777777744444444444477777777777777777              7777777777777777777777777777 77555555555555444444444
    77777777777777777777744444444444447777777777777777             77777777777777777777777777777777555555555555444444444
    7777777777777777777777444444444444777777               744                 77   745444447777774555555555554444444444
     77777777777777777777444444444444477                   744557     7  77777777777688888888665446566555555554444444444
      7777777777777777777444444444444477 7                 4454564    57     7777776888888888888888666554555554444444444
      7777777777777777777744444444444777 7                 555555667  7  77777777758888886888888888888554555544444444444
       777777777777777777774444444444777 7                 6565555657444444774444488888884445555568686544555554444444444
        77777777777777777774444444444777 7                  565555666555555544444588888886444444456655555555554444444444
        77777777777777777774444444444777 7                  446655545555555555444688888888444444456655555555544444444444
         7777777777777777777444444447777                    756665544455555556865688888888544444466655555555444444444444
         7777777777777777777744444447777                      4588655455554446888888888888544444466655555555544444444444
          777777777777777777744444447777  7                     78888555554458888888888888444444466655555555544444444444
           77777777777777777744444447777  7                     76886555544468888888888888477444466655555555544444444444
           77777777777777777744444447777  7                       54     77746888888888888886477466655555555554444444444
            77777777777777777444444477777                                     758888888888888885765665555555554444444444
            77777777777777774444444477777                                        688888888888888866566555555554444444444
             7777777777777777444444477777                                         46888888888888888666655555554444444444
              77777777777777744444447777777                                         774444568888888886665555555444444444
              7777777777777774444444777777777777                                            7568888888665555554444444444
               7777777777777744444447777777777777777                                          46888886655555555444444444
                777777777777744444444447777777777777777                              77777774688888866555555555444444444
                777777777777444444444447777777777777777777777777777777777           777777748888886555555555555444444444
                 7777777777744444444477777777777777777777777777777777777777777777777777777488888655555555555555444444444
                  777777777444444477777777777777777777777777777777777777777777777777777774888864745555555555555444444444
                  777777777444477777777777777777777777777777777777777777777777777777777748888577745566655555555544444444
                   77777774447777777777777777777777777777777777777777777777777777777777446884444456666666655555544444444
                   77777744777777777777777777777777777777777777777777777777777777777774444554555666666666665555544444444
                    7777477777777777777777777777777777777777777777777777777777777777774444455555566666666665555544444444
                 7  7777777777777777777777777777777777777777777777777777777777777777777774445564455566666655555554444444
               77777 777777777777777777777777777777777777777777777777777777777777777777777744554555566666655555554444444
              777777777777777777     777777777777777777777  777777777777777777777777777777777555555466666655555555444444
              7777777777777             77777777777777       77777777777777777777777777777777455565688886665555555544444
