777447777777777777777777444444444447777777777777                                         777777    455555555555555544444
7777777777777777777777774444444444447777777777777                                        777777    455555555555555444444
77777777777777777777777744444444444477777777777777                                      7777777    455555555555554444444
777777777777777777777777444444444444777777777777777                                     7777777    455555555555554444444
777777777777777777777777444444444444477777777777777                                     7777777    455555555555544444444
7777777777777777777777744444444444444777777777777777                                   77777777    455555555555544444444
 7777777777777777777777444444444444447777777777777777                 7                 7777777    455555555555544444444
 77777777777777777777777444444444444477777777777777777             777777     77       77777777    455555555555544444444
  77777777777777777777774444444444444477777777777777777           77777777    7777777 777777777    555555555555444444444
   7777777777777777777774444444444444477777777777777777          777777777777777777777 7777777     555555555554444444444
   77777777777777777777444444444444444777777777777777777        7777777777777777777777777777777    555555555554444444444
    77777777777777777777444444444444447777777777745477777777   777777777777777777777777777777777777555555555554444444444
    7777777777777777777744444444444444777777    44445554          777777777777             77777774555555555544444444444
     77777777777777777774444444444444477 7      4555456647       7777747777777777777744777777777746555555555544444444444
      7777777777777777774444444444444477 7       565555666        777454777777777456888888886665556665554555544444444444
      7777777777777777774444444444444477 7        5655556655555554777747777774568888888888888888888886554555544444444444
       777777777777777777444444444444477 7        4565555555555555554444444568888888886668888888888886544555444444444444
       777777777777777777744444444444477 7        7466655444555554566654446888888888854474444447756555555555444444444444
        77777777777777777744444444444777 7         756866554555544488888688888888888444444777777756555555554444444444444
         7777777777777777774444444444777 7           7468886555544688888888888888864444444777777756555555554444444444444
         7777777777777777777444444444777  7            68886665554888888888888888577477774777777756555555554444444444444
          777777777777777777444444447777  7             4864 77744588888888888867777777774777777756555555554444444444444
           77777777777777777444444447777  7                        74888888888885777777774777777765555555554444444444444
           777777777777777777444444477777 7                          48888888888885   7774777777765555555554444444444444
            77777777777777774444444477777 7                           488888888888867   77 77777765555555554444444444444
            77777777777777774444444477777 7                             46688888888884        77765555555555444444444444
             7777777777777777444444477777                                    4688888884         765555555555444444444444
              77777777777777744444447777777                                    468888884 777    745555555555444444444444
              777777777777774444444477777777777777                               7588885         75555555555444444444444
               777777777777744444444777777777777777777     77                      5888577777    75555555555544444444444
                7777777777774444444444447777777777777777  7777                    76888577777    45555555555554444444444
                777777777777444444444447777777777777777777777777777777777         78888677777    45555555555554444444444
                 7777777777444444444477777777777777777777777777777777777777777777776888877777777745555555555554444444444
                  777777777444444477777777777777777777777777777777777777777777777775888844444777745555555555555444444444
                  777777774444447777777777777777777777777777777777777777777777777774888844444777745555555555555544444444
                   77777774447777777777777777777777777777777777777777777777777777777588844444444456666666555555544444444
                   77777744777777777777777777777777777777777777777777777777777777777788864444555666666666665555544444444
                    7777477777777777777777777777777777777777777777777777777777777777758884444455566666666665555554444444
                 7  7777777777777777777777777777777777777777777777777777777777777777774455555564565566666655555554444444
               77777 777777777777777777777777777777777777777777777777777777777777777774444554564555566666655555555444444
              777777777777777777    777777777777777777777777777777777777777777777777777454444555565466666655555555544444
             77777777777777           7777777777777777777 77777777777777777777777777777777744455565688886655555555554444
