7774477777777777777777774444444444477777777777777                                        777777    455555555555555554444
77777777777777777777777744444444444477777777777777                                       777777    455555555555555554444
77777777777777777777777444444444444477777777777777                                      7777777    455555555555555544444
777777777777777777777774444444444444477777777777777                                     7777777    455555555555555544444
7777777777777777777777744444444444444777777777777777                                   77777777    455555555555555544444
77777777777777777777777444444444444447777777777777777                                  77777777    455555555555555554444
 77777777777777777777744444444444444447777777777777777                777           77777777777    455555555555555445444
 7777777777777777777777444444444444444777777777777777777             7777777       777777777777    455555555555555444444
  777777777777777777777444444444444444777777777777777777            7777777777   77777777777777    555555555555554444444
   777777777777777777774444444444444447777777777777777777         77777777777777777777777777777    555555555555554444444
   777777777777777777774444444444444447777777777777777777777     777777777777777777777777777777   7555555555555544444444
    77777777777777777777444444444444447777777777777774477777    77777777777777777777777777777777777555555555555444444444
    77777777777777777777444444444444444777777       7445447          777777777            777777774555555555554444444444
     77777777777777777774444444444444477 77         44545667        7777777777777774566666555447746555555555554444444444
      7777777777777777774444444444444447 7          755555665       7754777777777468888888888888666666554555554444444444
      7777777777777777744444444444444447 7           5655556677777777744777777756888888888888888888886554555544444444444
       777777777777777774444444444444477 7           4565556665555555444444444688888886445666666668886544555554444444444
       777777777777777777444444444444477 7           4456555455555555555444458888888884444477777756555555555544444444444
        77777777777777777444444444444477 7            466665444555554568866688888888854444447777756555555555444444444444
         7777777777777777444444444444777 77             4686654555544588888888888888644444444477756555555555444444444444
         77777777777777777444444444447777 7              788886555544688888888888886444444444444456555555555444444444444
          7777777777777777774444444447777 7              766885555555888888888888887777774744444466555555555444444444444
           777777777777777744444444447777 7                457     7 756888888888888547774777444466555555555444444444444
           777777777777777744444444447777 7                             588888888888888577 77777466555555555544444444444
            77777777777777744444444447777 7                              588888888888888857 7777765555555555444444444444
            77777777777777744444444477777 7                               768888888888888884  77765555555555544444444444
             7777777777777744444444477777                                    77774568888888857 7765555555555544444444444
              777777777777774444444447777777                                        7456888884 7745555555555444444444444
              777777777777744444444447777777777777777                                   68886    75555555555544444444444
               777777777777744444444477777777777777777     777                        7588884    75555555555545444444444
                7777777777744444444444447777777777777777777777                       77888887    75555555555555444444444
                7777777777774444444444447777777777777777777777777777777777      7777774888867    45555555555554444444444
                 7777777777444444444477777777777777777777777777777777777777777777777775888847777745555555555555444444444
                 7777777777444444477777777777777777777777777777777777777777777777777775888644777745555555555555444444444
                  777777774444447777777777777777777777777777777777777777777777777777774888544777745555555555555544444444
                   77777774444777777777777777777777777777777777777777777777777777777775888444444456666666555555544444444
                   77777744777777777777777777777777777777777777777777777777777777777775668444555666666666665555544444444
                    7777477777777777777777777777777777777777777777777777777777777777774445544555566666666665555554444444
                77  7774777777777777777777777777777777777777777777777777777777777777774444555564465566666655555554444444
              7777777777777777777777777777777777777777777777777777777777777777777777777444444564555566666655555554444444
            777777777777777777777777777777777777777777777777777777777777777777777777777777744555565466666655555554444444
            7777777777777777         77777777777777777777777777777777777777777777777777777774455565688886655555555544444
