77744777777777777777777744444444444777777777777                                          777777    455555555555555544444
7777777777777777777777774444444444447777777777777                                        777777    455555555555555444444
7777777777777777777777777444444444447777777777777                                         77777    455555555555554444444
77777777777777777777777744444444444477777777777777                                        77777    455555555555554444444
77777777777777777777777744444444444447777777777777                                      7777777    455555555555544444444
777777777777777777777774444444444444477777777777777                                     7777777    455555555555544444444
 77777777777777777777774444444444444477777777777777                                     7777777    455555555555544444444
 777777777777777777777744444444444444777777777777777                                    7777777    455555555555544444444
  77777777777777777777774444444444444777777777777777              77777                 7777777    555555555555444444444
   7777777777777777777774444444444444777777777777777 7          777777777777777        7777777     555555555554444444444
   77777777777777777777744444444444447777777777777777          7777777777777777777777777777777     555555555554444444444
    777777777777777777774444444444444477777774447777777    7   77777777777777777777777777777777   7555555555554444444444
    777777777777777777774444444444444477777777445544            77777777777                   77777555555555544444444444
     77777777777777777777444444444444477     445555654          77777777777777777777777777777777746555555555554444444444
      7777777777777777777444444444444477 7   7555555665   7777  7777775477      7777777777777777746665554555544444444444
      7777777777777777777444444444444477 7    75655556655555555474777747777774455566886666888888688886554555544444444444
       777777777777777777444444444444477 7     4565555455555555565444444445688888888888888888888888886544555554444444444
        77777777777777777744444444444777 7      456655544455554458865445688888888888886688888866666666555555554444444444
        77777777777777777774444444444777 7      746686665555554468888888888888888888544444444777756555555555544444444444
         7777777777777777774444444444777           458888655544488888888888888888854444444777777756555555555444444444444
         7777777777777777777444444447777             6888665555588888888888888865444477444777777756555555555444444444444
          777777777777777777744444447777              7867    7746888888888886777777777774777777756555555555444444444444
           77777777777777777744444447777                          768888888888577777777774777777755555555555444444444444
           77777777777777777744444447777                           48888888888867   777774777777765555555555544444444444
            7777777777777777744444447777                            76888888888867    7777 77777765555555555454444444444
            77777777777777777444444477777                              745888888867          777765555555555544444444444
             7777777777777777444444477777                                  58888886            7765555555555554444444444
              77777777777777744444447777777                                  5888885     777   7745555555555554444444444
              777777777777777444444477777777777                               768888            775555555555554444444444
               7777777777777744444447777777777777777                           76888477777777    75555555555555444444444
                777777777777444444444447777777777777777                         5888677777777    45555555555555444444444
                777777777777444444444447777777777777777777777777777777777       5888847777777    45555555555555544444444
                 7777777777744444444477777777777777777777777777777777777777777774888887777777777745555555555555444444444
                  777777777444444477777777777777777777777777777777777777777777777488885444444777745555555555555544444444
                  777777777444447777777777777777777777777777777777777777777777777758886774444777445655555555555544444444
                   77777774447777777777777777777777777777777777777777777777777777775888574444444456666666655555554444444
                   77777744777777777777777777777777777777777777777777777777777777777688844444555666666666665555554444444
                    7777477777777777777777777777777777777777777777777777777777777777766554444555566666666665555555444444
                     777777777777777777777777777777777777777777777777777777777777777774444555564565566666655555555544444
               77777 777777777777777777777777777777777777777777777777777777777777777774445544554565566666655555555444444
               7777777777777777      777777777777777777777 7777777777777777777777777777444444555565466666655555555544444
              77777777777              77777777777777        77777777777777777777777777777774455566688886665555555554444
