7774477777777777777777774444444444477777777777777                                        777777    455555555555555554444
77777777777777777777777444444444444477777777777777                                      7777777    455555555555555544444
77777777777777777777777444444444444477777777777777                                      7777777    455555555555555444444
777777777777777777777774444444444444477777777777777                                    77777777    455555555555555544444
7777777777777777777777744444444444444777777777777777                                   77777777    455555555555554444444
777777777777777777777774444444444444477777777777777777                                 77777777    455555555555554544444
 777777777777777777777444444444444444777777777777777777                               777777777    455555555555554444444
 7777777777777777777777444444444444444777777777777777777               777  7       77777777777    455555555555555444444
  777777777777777777777444444444444444777777777777777777             77777777777   777777777777    555555555555544444444
   77777777777777777777444444444444444777777777777777777          77777777777777777777777777777   7555555555555544444444
   777777777777777777774444444444444447777777777777777777         77777777777777777777777777777  77555555555555444444444
    77777777777777777777444444444444444777777777777777777777     7777777777777777777777777777777777555555555555444444444
    777777777777777777774444444444444447777777        744577           777777777    745444777777774555555555554444444444
     77777777777777777774444444444444447 77           74445667       777777777777775888888888655446566555555554444444444
      7777777777777777774444444444444447 7            745545665      754777777777768888888888888888666554555544444444444
      7777777777777777744444444444444447 7             565555664  777747777777774888888856888888888886554555544444444444
       777777777777777777444444444444477 7             45655566655555554444444458888888544445555568686544555544444444444
       777777777777777777444444444444477 7              5565555555555555554444588888888544444477756555555555444444444444
        77777777777777777444444444444477 7              4566655445555555566655888888888444444444756555555555444444444444
         7777777777777777444444444444477777              756866544555544588888888888886444444444456555555555444444444444
         77777777777777777444444444447777 7                 488865555444888888888888884444444444466555555555444444444444
          7777777777777777744444444447777 7                 488866655545888888888888867774744444466555555555444444444444
           777777777777777774444444447777 7                  7657  77777568888888888865474777744466555555555444444444444
           777777777777777744444444447777 7                               4688888888888885777777466555555555544444444444
            77777777777777744444444447777 7                                768888888888888857777765555555555444444444444
            77777777777777744444444447777 7                                 75888888888888888577765555555555544444444444
             7777777777777774444444447777                                      44445568888888884765555555555554444444444
              777777777777744444444447777777                                          7568888888745555555555544444444444
              777777777777744444444447777777777777777                                     488886775555555555554444444444
               77777777777744444444447777777777777777777   777                        7774888867 75555555555555444444444
                77777777777444444444444477777777777777777777777                    777774888887  75555555555555444444444
                7777777777744444444444447777777777777777777777777777777777   7 777777777688885   45555555555554444444444
                 7777777777444444444477777777777777777777777777777777777777777777777777788886777745555555555555444444444
                 7777777777444444477777777777777777777777777777777777777777777777777777488884777745555555555555444444444
                  777777774444447777777777777777777777777777777777777777777777777777777588854777745565555555555544444444
                   77777774444777777777777777777777777777777777777777777777777777777777688844444456666666555555544444444
                   77777744777777777777777777777777777777777777777777777777777777777774456644555666666666665555544444444
                    7777477777777777777777777777777777777777777777777777777777777777774445554555566666666665555554444444
               777  7777777777777777777777777777777777777777777777777777777777777777774545555564465566666655555554444444
              7777777777777777777777777777777777777777777777777777777777777777777777777444444564555566666655555554444444
            777777777777777777777777777777777777777777777777777777777777777777777777777777444555555466666655555555444444
          7 77777777777777777       777777777777777777777777777777777777777777777777777777774455565688886665555555544444
