77744777777777777777777444444444444477777777777777                                      7777777    455555555555444444444
77777777777777777777777444444444444477777777777777                                      7777777    455555555555444444444
777777777777777777777777444444444444777777777777777                                     7777777    455555555555444444444
7777777777777777777777744444444444444777777777777777                                   77777777    455555555555444444444
7777777777777777777777744444444444444777777777777777                                   77777777    455555555554444444444
777777777777777777777774444444444444477777777777777777                                 77777777    455555555544444444444
 777777777777777777777444444444444444777777777777777777                                77777777    455555555544444444444
 7777777777777777777777444444444444444777777777777777777                            77777777777    455555555544444444444
  777777777777777777777444444444444444777777777777777777                     777777777777777777    555555555544444444444
   77777777777777777777744444444444444777777777777777777                    7777777777777777777   7555555555544444444444
   777777777777777777774444444444444447777777777777777777          77777777777777777777777777777 77555555555444444444444
    77777777777777777777444444444444447777777777777777777         777777777777777777777777777777777555555555444444444444
    777777777777777777774444444444444477777777              777                     756666654777774555555555444444444444
     77777777777777777774444444444444477 77                 74557     7      7777777688888888865446556555555444444444444
      7777777777777777774444444444444477 7                  445554    57        7774888888888888888666554455444444444444
      7777777777777777774444444444444477 7                 755555557        77777776888886668888888886554455444444444444
       777777777777777777444444444444477 7                 6656555567  7777777774448888888544445568685444455444444444444
       777777777777777777444444444444477 7                 4855655556665555554444448888888854444456555555554444444444444
        7777777777777777744444444444447777                  465665555555555556554448888888864444456555555554444444444444
         7777777777777777744444444444777777                  54568555444555555566558888888884444466655555555444444444444
         77777777777777777444444444447777 7                  74586666554555554468888888888885444466655555555444444444444
          7777777777777777774444444447777 7                    745668886555544488888888888884444466655555555444444444444
           777777777777777774444444447777 7                        58886655444588888888888885474466655555555444444444444
           777777777777777744444444447777 7                         6647777444568888888888888885465565555555444444444444
            77777777777777744444444447777 7                         7           7568888888888888886566555555444444444444
            77777777777777744444444447777 7                                       76888888888888888866655555544444444444
             7777777777777774444444447777                                           468888888888888888665555554444444444
              777777777777774444444447777777                                           777774588888888865555554444444444
              7777777777777444444444477777777777777777     77                                  7688888865555554444444444
               77777777777744444444447777777777777777777777777                       77777777 58888888665555555444444444
                77777777777444444444444477777777777777777777777                    7777777777688888866655555555444444444
                7777777777744444444444447777777777777777777777777777777777  77777777777777748888886555555555555544444444
                 7777777777444444444477777777777777777777777777777777777777777777777777777588886555555555555555544444444
                 7777777777444444447777777777777777777777777777777777777777777777777777746888647745555555555555544444444
                  777777774444447777777777777777777777777777777777777777777777777777777444686477745566655555555554444444
                   77777744444777777777777777777777777777777777777777777777777777777774444564444556666866655555554444444
                   77777444777777777777777777777777777777777777777777777777777777777777444455555666666666665555554444444
                    7777477777777777777777777777777777777777777777777777777777777777777774445665566666666665555555444444
               777  7777777777777777777777777777777777777777777777777777777777777777777777444555465566666665555555444444
              7777777777777777777777777777777777777777777777777777777777777777777777777774444555565566666665555555444444
            777777777777777777777777777777777777777777777777777777777777777777777777777777444555565466666665555555544444
            77777777777777777        77777777777777777777777777777777777777777777777777777744455566688886665555555554444
