77744777777777777777777774444444444777777777777                                           77777    455555555555544444444
777777777777777777777777744444444444777777777777                                         777777    455555555555544444444
7777777777777777777777777444444444447777777777777                                        777777    455555555555544444444
 777777777777777777777774444444444447777777777777                                        777777    455555555555444444444
77777777777777777777777744444444444447777777777777                                      7777777    455555555555444444444
777777777777777777777777444444444444477777777777777                                      777777    455555555555444444444
 77777777777777777777777444444444444477777777777777                                     7777777    455555555554444444444
 7777777777777777777777744444444444447777777777777                   7777          77    777777    455555555554444444444
  77777777777777777777774444444444444777777777777                   777777      7777777  77777     555555555544444444444
   7777777777777777777777444444444444777777777777                  777777777777777777777777777     555555555554444444444
   7777777777777777777777444444444444777777777777 77             777777777777777777777777777777   7555555555544444444444
    77777777777777777777744444444444477777777777774447          77777777777777777777777777777777777555555555544444444444
    7777777777777777777777444444444444777777     774454             77777777                 777774555555555544444444444
     77777777777777777777444444444444477          4454554          77747777777777777565544444777746555555555544444444444
      7777777777777777777744444444444777 7        465555664         7754777   777468888888888866556666554555544444444444
      7777777777777777777744444444444777 7        5565555664444444777747777777758888888888888888888886554555444444444444
       777777777777777777774444444444777 7        7656545555555555644444444445888888886556888888888886544555444444444444
        77777777777777777774444444444777 7          45665544455555556544444468888888864444474777756655555555444444444444
        77777777777777777774444444447777 7          45666654445555445685444888888888644444477777756555555555444444444444
         7777777777777777777444444447777             7568886655555445888888888888888444444444777756555555555444444444444
         7777777777777777777744444447777                7688865554448888888888888884444444444444756555555555444444444444
          777777777777777777744444447777                 468655555558888888888888847777444744444466555555555444444444444
           77777777777777777744444447777                  747    7775688888888888854777774744444466555555555444444444444
           77777777777777777744444447777                              46888888888888857774777744466555555555444444444444
            7777777777777777744444447777                                688888888888888577 77777766555555555444444444444
             777777777777777744444447777                                 588888888888888857  777765555555555544444444444
             7777777777777777444444477777                                  74444568888888867  77765555555555544444444444
              77777777777777744444447777777                                       74568888867777745555555555544444444444
              77777777777777744444447777777777                                        788884     75555555555554444444444
               7777777777777744444447777777777777                                     5888877    75555555555555444444444
                77777777777774444444444777777777777777                               78888877    45555555555555444444444
                7777777777774444444444477777777777777777777777777777777             748888677    45555555555555444444444
                 7777777777744444444777777777777777777777777777777777777777777777777748888577777745555555555555444444444
                  777777777744444777777777777777777777777777777777777777777777777777748888444777745555555555555544444444
                  777777777444477777777777777777777777777777777777777777777777777777778886444777745566655555555554444444
                   77777774447777777777777777777777777777777777777777777777777777777776886444444456666666655555554444444
                   77777744777777777777777777777777777777777777777777777777777777777776686444455666666666665555555444444
                    7777477777777777777777777777777777777777777777777777777777777777774455554555566666666665555555444444
                     777777777777777777777777777777777777777777777777777777777777777774445555564565566666655555555544444
                 777 777777777777777777777777777777777777777777777777777777777777777777444444555565566666655555555544444
               777777777777777        7777777777777777       77777777777777777777777777777444555565466666655555555544444
               7777777777                                    77777777777777777777777777777774455566688886665555555554444
