7774477777777777777777777444444444477777777777                                            77777    455555555555555554444
777777777777777777777777444444444444777777777777                                          77777    455555555555555544444
7777777777777777777777777444444444447777777777777                                        777777    455555555555555444444
77777777777777777777777744444444444477777777777777                                       777777    455555555555555444444
7777777777777777777777774444444444447777777777777                                       7777777    455555555555554444444
77777777777777777777777744444444444447777777777777                                      7777777    455555555555544444444
 777777777777777777777744444444444444777777777777                                       7777777    455555555555554444444
 777777777777777777777774444444444444777777777777                    7777       77777 777777777    455555555555544444444
  77777777777777777777774444444444444777777777777                  7777777    77777777777777777    555555555555544444444
   7777777777777777777777444444444444777777777777                 77777777777777777777777777777    555555555555544444444
   7777777777777777777777444444444444777777777777777             777777777777777777777777777777   7555555555555444444444
    7777777777777777777774444444444447777777777777745777        77777777777777777777777777777777777555555555554444444444
    777777777777777777777444444444444477777      77445664          77777777777            777777774555555555554444444444
     77777777777777777777444444444444477         7555456657       777747777777777777455444477777746665555555554444444444
      7777777777777777777444444444444777 7        465555665       777454777777777468888888888866556666554555544444444444
      7777777777777777777744444444444777 7         565555665555555477747777777568888888888888888888886554555544444444444
       777777777777777777774444444444777 7         456555555555555554444444458888888886568888888888886544555554444444444
        77777777777777777777444444444777 7         746665544455555556544444688888888854444444447756655555555554444444444
        77777777777777777777444444447777 7           4586654455554458888668888888888544444477777756555555555544444444444
         7777777777777777777444444447777               48886555554468888888888888885444444447777756555555555544444444444
         7777777777777777777744444447777                8886665544488888888888888844444444444477756555555555444444444444
          777777777777777777744444447777                 564  7744468888888888886777777774744444466555555555544444444444
           77777777777777777744444447777                            7588888888888577777774774444466555555555554444444444
           77777777777777777744444447777                              58888888888886777774777777466555555555554444444444
            7777777777777777744444447777                               588888888888884  77 77777766555555555554444444444
            7777777777777777744444447777                                7568888888888867    7777765555555555544444444444
             7777777777777777444444477777                                    746888888884      7765555555555554444444444
              77777777777777744444447777777                                     7568888885777777745555555555554444444444
              777777777777777444444477777777777                                    7488885       75555555555554444444444
               777777777777774444444777777777777777                                 768884777    75555555555555444444444
                777777777777444444444447777777777777777                             488884777    45555555555555544444444
                77777777777744444444444777777777777777777777777777777777            588884777    45555555555555544444444
                 7777777777744444444477777777777777777777777777777777777777777777777588884777777745555555555555444444444
                  777777777444444477777777777777777777777777777777777777777777777777488884444777745555555555555544444444
                  777777774444447777777777777777777777777777777777777777777777777777768884444777745565655555555544444444
                   77777774447777777777777777777777777777777777777777777777777777777758884444444456666666555555554444444
                   77777744777777777777777777777777777777777777777777777777777777777748884444555666666666665555554444444
                    7777477777777777777777777777777777777777777777777777777777777777746665444555566666666665555554444444
                     777777777777777777777777777777777777777777777777777777777777777774455555564565566666655555554444444
                7777 777777777777777777777777777777777777777777777777777777777777777774445554564555566666655555555444444
               777777777777777       7777777777777777777       777777777777777777777777444444555565466666655555555544444
              777777777777             77  777777777          7777777777777777777777777777774455565688886665555555554444
