7774477777777777777777774444444444477777777777777                                        777777    455555555555555544444
7777777777777777777777774444444444447777777777777                                        777777    455555555555555444444
77777777777777777777777744444444444477777777777777                                      7777777    455555555555554444444
777777777777777777777777444444444444477777777777777                                     7777777    455555555555554444444
777777777777777777777774444444444444477777777777777                                     7777777    455555555555544444444
77777777777777777777777444444444444447777777777777777                                  77777777    455555555555544444444
 77777777777777777777744444444444444477777777777777777                7            777777777777    455555555555544444444
 777777777777777777777744444444444444777777777777777777              777777      77777777777777    455555555555544444444
  77777777777777777777744444444444444477777777777777777             777777777  7777777777777777    555555555555444444444
   77777777777777777777744444444444444777777777777777777         777777777777777777777777777777    555555555554444444444
   777777777777777777774444444444444447777777777777777777        777777777777777777777777777777   7555555555554444444444
    77777777777777777777444444444444447777777777777745477777    77777777777777777777777777777777777555555555544444444444
    77777777777777777777444444444444444777777      4445554          77777777777            77777774555555555544444444444
     77777777777777777774444444444444477 77        445555657       77747777777777777566555554477746555555555544444444444
      7777777777777777774444444444444477 7         7555556667      77754777777777468888888888886656666554555544444444444
      7777777777777777774444444444444477 7          46655566544455547744777777758888888888888888888886554555544444444444
       777777777777777777444444444444477 7           5655555555555565444444445888888886455666666668886544555444444444444
       777777777777777777744444444444477 7           4566554445555555665444468888888864444477777756555555554444444444444
        77777777777777777744444444444777 7           7466665544555544588865688888888844444447777756555555554444444444444
         7777777777777777744444444444777 77            75688655555544888888888888888544444444777756555555554444444444444
         7777777777777777774444444444777  7              488886555445888888888888885744444744444756555555554444444444444
          777777777777777777444444444777  7               58854445556888888888888857777774744444466555555554444444444444
           777777777777777774444444477777 7                47      7 458888888888865777774777444466555555554444444444444
           777777777777777774444444477777 7                            4888888888888857777 77777465555555555444444444444
            77777777777777774444444477777 7                             788888888888888577  7777765555555554444444444444
            77777777777777774444444477777 7                              758888888888888857   77765555555555444444444444
             7777777777777777444444477777                                   7444568888888867   7765555555555544444444444
              777777777777774444444477777777                                      74668888887  7745555555555444444444444
              77777777777777444444444777777777777777                                  7688867    75555555555544444444444
               777777777777744444444477777777777777777     777                        7888857    75555555555544444444444
                7777777777774444444444447777777777777777777777                       76888877    75555555555554444444444
                7777777777774444444444477777777777777777777777777777777777     77777778888877    45555555555554444444444
                 7777777777444444444477777777777777777777777777777777777777777777777748888677777745555555555555444444444
                  777777777444444477777777777777777777777777777777777777777777777777748888444777745555555555555444444444
                  777777774444447777777777777777777777777777777777777777777777777777778888444777745565555555555444444444
                   77777774447777777777777777777777777777777777777777777777777777777778886444444456666666555555544444444
                   77777744777777777777777777777777777777777777777777777777777777777776886444555666666666665555544444444
                    7777477777777777777777777777777777777777777777777777777777777777774566444555566666666665555554444444
                 7  7777777777777777777777777777777777777777777777777777777777777777774445555564465566666655555554444444
              777777 777777777777777777777777777777777777777777777777777777777777777774455544565555566666655555555444444
              7777777777777777777777777777777777777777777777777777777777777777777777777447444555565466666655555555544444
             777777777777777          7777777777777777777777777777777777777777777777777777744455565688886665555555554444
