77744777777777777777777444444444444477777777777777                                      7777777    455555555555555544444
77777777777777777777777444444444444477777777777777                                     77777777    455555555555555444444
777777777777777777777774444444444444477777777777777                                    77777777    455555555555554444444
7777777777777777777777444444444444444777777777777777                                   77777777    455555555555554444444
77777777777777777777774444444444444444777777777777777                                 777777777    455555555555544444444
7777777777777777777777444444444444444477777777777777777                               777777777    455555555555544444444
 7777777777777777777744444444444444444777777777777777777                             7777777777    455555555555544444444
 7777777777777777777774444444444444444777777777777777777                 7    7      7777777777    455555555555444444444
  777777777777777777777444444444444444777777777777777777             77777 777777  777777777777    555555555554444444444
   777777777777777777774444444444444444777777777777777777          7777777777777777777777777777   7555555555554444444444
   77777777777777777777444444444444444477777777777777777777       77777777777777777777777777777  77555555555554444444444
    77777777777777777777444444444444444777777777777777777777      777777777777777777777777777777777555555555544444444444
    777777777777777777774444444444444447777777          74547              77777    756555547777774555555555544444444444
     77777777777777777744444444444444447 77             745454       777777777777774888888888865446566555555544444444444
      7777777777777777774444444444444447 7              74555567     754777777777748888888888888888666554555544444444444
      7777777777777777744444444444444447 7              456555566    747777777777488888856688888888888554555444444444444
       777777777777777777444444444444477 7              4656555566555555544444444888888854444555568686444555444444444444
       777777777777777774444444444444477 7               456655555555555555444446888888864444444456555555555444444444444
        77777777777777777444444444444477 7               745665554455555555665458888888864444444456555555555444444444444
         7777777777777777444444444444477777               75666655445555444688888888888864444444456555555555444444444444
         77777777777777777444444444447777 7                 756888655555445888888888888854444444466555555555444444444444
          7777777777777777744444444447777 7                    688866554448888888888888874744444466555555555444444444444
           777777777777777744444444447777 7                    768647444446888888888888855777744466555555555444444444444
           777777777777777744444444447777 7                     77         758888888888888865777765555555555444444444444
            77777777777777744444444447777 7                                  7688888888888888864765555555555444444444444
            77777777777777744444444447777 7                                    58888888888888888665555555555544444444444
             7777777777777744444444447777                                       7456666688888888886556555555554444444444
              777777777777744444444447777777                                             4566888888655555555554444444444
              7777777777777444444444477777777777777777     77                               7688888555555555554444444444
               777777777777444444444477777777777777777777777777                      77777758888865555555555555444444444
                77777777777444444444444477777777777777777777777                  777777777588888645555555555555444444444
                77777777777444444444444477777777777777777777777777777777777777777777777777888885745555555555555444444444
                 7777777777444444444447777777777777777777777777777777777777777777777777776888847745555555555555444444444
                 7777777774444444447777777777777777777777777777777777777777777777777777758888477745555555555555444444444
                  777777774444447777777777777777777777777777777777777777777777777777777488884777745566655555555544444444
                   77777744444777777777777777777777777777777777777777777777777777777777456854444456666666655555554444444
                   77777444777777777777777777777777777777777777777777777777777777777774445554555666666666665555544444444
                    7777477777777777777777777777777777777777777777777777777777777777774444455555566666666665555554444444
               777  7774777777777777777777777777777777777777777777777777777777777777777774444565465566666665555555444444
             77777777777777777777777777777777777777777777777777777777777777777777777777777444555565566666655555555444444
          7 777777777777777777777777777777777777777777777777777777777777777777777777777777444555565466666655555555544444
          7777777777777777777       777777777777777777777777777777777777777777777777777777744455565688886665555555554444
