7774477777777777777777777444444444477777777777777                                        777777    755555555555555554444
7777777777777777777777777444444444447777777777777                                        777777    455555555555555544444
77777777777777777777777774444444444477777777777777                                       777777    455555555555555444444
77777777777777777777777744444444444477777777777777                                       777777    455555555555555444444
777777777777777777777777444444444444477777777777777                                      777777    455555555555554444444
7777777777777777777777774444444444444777777777777777                                     777777    455555555555554444444
 777777777777777777777774444444444444777777777777777                                    7777777    455555555555554444444
 7777777777777777777777744444444444447777777777777777                                   7777777    455555555555544444444
  7777777777777777777777444444444444477777777777777777                         7777777777777777    555555555555544444444
   777777777777777777777744444444444477777777777777777                      7777777777777777777   7555555555555544444444
   7777777777777777777777444444444444477777777777777777              777777777777777777777777777 77555555555555444444444
    777777777777777777777444444444444477777777777777777            77777777777777777777777777777777555555555555444444444
    77777777777777777777744444444444447777777               774                777  744444447777774555555555554444444444
     77777777777777777777444444444444477                    744557    7    777777777688888888665446566555555554444444444
      7777777777777777777444444444444477 7                  4454564   57      777775888888888888888666554555554444444444
      7777777777777777777744444444444477 7                 7555555667    77777777748888886888888888888554555544444444444
       777777777777777777774444444444477 7                 7656555565777444777444458888885445555568886544555554444444444
       777777777777777777774444444444777 7                  756555566655555554444468888888544444456665555555554444444444
        77777777777777777774444444444777 7                   45665555555555555544488888888644444456655555555544444444444
         7777777777777777777444444444777                     75666554445555555665588888888844444466655555555444444444444
         7777777777777777777444444447777  7                    458665445555544688888888888854444466655555555444444444444
          777777777777777777744444447777  7                      4888855555445888888888888854444466655555555544444444444
           77777777777777777744444447777  7                      7888666554446888888888888847744466655555555544444444444
           77777777777777777744444447777  7                        54    77475688888888888886547766665555555554444444444
            77777777777777777444444477777 7                                    75888888888888886565665555555554444444444
            77777777777777774444444477777                                        768888888888888886566555555554444444444
             7777777777777777444444477777                                          5888888888888888866655555554444444444
              777777777777777444444477777777                                         74444468888888888665555555444444444
              77777777777777744444447777777777777                                           7468888888865555554444444444
               7777777777777744444444777777777777777                                   7       4688888665555555444444444
                7777777777774444444444477777777777777777                              77777 7588888886655555555444444444
                777777777777444444444447777777777777777777777777777777777           777777776888888656555555555444444444
                 7777777777744444444477777777777777777777777777777777777777777777777777777768888865555555555555444444444
                  777777777444444477777777777777777777777777777777777777777777777777777774688885445555555555555444444444
                  777777777444447777777777777777777777777777777777777777777777777777777748888677745566655555555544444444
                   77777774447777777777777777777777777777777777777777777777777777777777445685444456666866655555544444444
                   77777744777777777777777777777777777777777777777777777777777777777774444554555666666666665555544444444
                    7777477777777777777777777777777777777777777777777777777777777777777444455555566666666665555544444444
                 7  7777777777777777777777777777777777777777777777777777777777777777777774445564455566666655555554444444
               77777 777777777777777777777777777777777777777777777777777777777777777777777774554555566666655555554444444
              777777777777777777     777777777777777777777   77777777777777777777777777777777555555466666655555555444444
             77777777777777            77777777777777        77777777777777777777777777777777455565688886665555555544444
