77744777777777777777777774444444444777777777777                                            7777    455555555555555554444
777777777777777777777777444444444444777777777777                                         777777    455555555555555554444
7777777777777777777777777444444444447777777777777                                         77777    455555555555555544444
77777777777777777777777744444444444477777777777777                                        77777    455555555555555544444
77777777777777777777777744444444444477777777777777                                       777777    455555555555555544444
777777777777777777777777444444444444477777777777777                                      777777    455555555555555554444
 7777777777777777777777444444444444447777777777777                                      7777777    455555555555555445444
 7777777777777777777777744444444444447777777777777                                      7777777    555555555555555444444
  777777777777777777777744444444444447777777777777                 77777      7         7777777    555555555555554444444
   7777777777777777777777444444444444777777777777    7           777777777777777        777777     555555555555554444444
   7777777777777777777777444444444444777777777777               777777777777777777777777777777     555555555555545444444
    777777777777777777774444444444444777777777744477777        77777777777777777777777777777777  77555555555555444444444
    777777777777777777774444444444444477777   77445554           7777777777                 7777774555555555555444444444
     77777777777777777777444444444444477      7455456657        77777777777777777777777777777777746655555555554444444444
      7777777777777777777444444444444477 7     455555666        7777775477   7777777447777444447746666554555554444444444
      7777777777777777777444444444444477 7      565555665555555477777747777777455668888888888888888886554555555444444444
       777777777777777777444444444444777 7      756555555555555555544444444568888888888888888888888886544555555444444444
        77777777777777777774444444444777 7      745665544455555455686544568888888888886666888665566665555555554444444444
        77777777777777777774444444444777 7       74686654455555446888886888888888888544444777777756555555555554444444444
         7777777777777777774444444444777            46888555554458888888888888888864444444777777756555555555554444444444
         7777777777777777777444444447777             8888666555468888888888888886444444444777777756555555555544444444444
          777777777777777777744444447777              7864 7774456888888888888577774444444777777756555555555544444444444
           77777777777777777444444447777                          768888888888857777777774777777766555555555554444444444
           77777777777777777744444447777                            68888888888867 7777774777777765555555555554444444444
            7777777777777777744444447777                             58888888888884   7777777777765555555555554444444444
            77777777777777774444444477777                             745568888888867       7777765555555555554444444444
             7777777777777777444444477777                                   468888886     7    7765555555555555444444444
              77777777777777744444447777777                                   75888886   7777  7745555555555555544444444
              777777777777777444444477777777777                                 758888   7      775555555555554544444444
               777777777777744444444777777777777777                              788887777777    75555555555555544444444
                777777777777444444444447777777777777777                          788884777777    45555555555555544444444
                777777777777444444444447777777777777777777777777777777777        788886777777    45555555555555544444444
                 7777777777744444444477777777777777777777777777777777777777777777768888477777777745555555555555544444444
                  777777777444444477777777777777777777777777777777777777777777777746888544444777745555555555555544444444
                  777777777444477777777777777777777777777777777777777777777777777774888674444777745555555555555544444444
                   77777774447777777777777777777777777777777777777777777777777777777588844444444456666666555555554444444
                   77777744777777777777777777777777777777777777777777777777777777777488864444555666666666665555544444444
                    7777477777777777777777777777777777777777777777777777777777777777745555444455566666666665555554444444
                     777777777777777777777777777777777777777777777777777777777777777774444555554565566666655555554444444
               77777 777777777777777777777777777777777777777777777777777777777777777774455544564555566666655555554444444
              77777777777777777     7777777777777777777777   7 777777777777777777777777447444555565466666655555555544444
              777777777777            7777777777777777        7777777777777777777777777777777455565688886665555555554444
