777447777777777777777774444444444444777777777777777                                     7777777    455555555555555554444
777777777777777777777774444444444444777777777777777                                     7777777    455555555555555554444
777777777777777777777774444444444444477777777777777                                    77777777    455555555555555544444
7777777777777777777777744444444444444777777777777777                                   77777777    455555555555555554444
77777777777777777777777444444444444447777777777777777                                   7777777    455555555555555544444
7777777777777777777777744444444444444477777777777777777                                 7777777    455555555555555554444
 7777777777777777777774444444444444444777777777777777777                               77777777    455555555555555445444
 77777777777777777777774444444444444447777777777777777777                           77777777777    455555555555555444444
  7777777777777777777774444444444444447777777777777777777                      7777777777777777    555555555555554444444
   7777777777777777777744444444444444477777777777777777777          777777777777777777777777777  77555555555555554444444
   777777777777777777774444444444444444777777777777777777777       77777777777777777777777777777777555555555555545444444
    77777777777777777777444444444444444777777777777777777777      777777777777777777777777777777774555555555555544444444
    777777777777777777774444444444444447777777                7                 7777744444447777774555555555555444444444
     77777777777777777774444444444444477 77                  74554    7   7777777777588888888665446566555555554444444444
      7777777777777777774444444444444477 7                   445555   57       77774888888888888888666554555554444444444
      7777777777777777774444444444444477 7                  545555664     7777777776888886888888888888554555554444444444
       777777777777777777444444444444477 7                  656555566777744477744448888886445555568886544555554444444444
       777777777777777777444444444444477 7                   55655556665555554444458888888644444456655555555554444444444
        7777777777777777744444444444447777                   44565555555555555544468888888854444456655555555544444444444
         7777777777777777744444444444477777                  74566555445555555566568888888864444466655555555544444444444
         77777777777777777444444444447777 7                    466865544555544588888888888864444466655555555544444444444
          7777777777777777774444444447777 7                      7688865555544688888888888864444466655555555544444444444
           777777777777777774444444447777 7                       688866655444888888888888857744466655555555554444444444
           777777777777777744444444447777 7                        654  777444688888888888886547765665555555554444444444
            77777777777777744444444447777 7                                    74688888888888888565565555555554444444444
            77777777777777744444444447777 7                                       58888888888888886666655555554444444444
             7777777777777774444444447777                                          4688888888888888866665555555444444444
              777777777777744444444447777777                                         74455556888888888665555555444444444
              7777777777777444444444477777777777777777                                       456888888865555554444444444
               77777777777744444444447777777777777777777  7777                       77777777  7588888865555555444444444
                77777777777444444444444477777777777777777777777                     777777777768888888665555555544444444
                77777777777444444444444477777777777777777777777777777777777777 77777777777774888888866655555555544444444
                 7777777777444444444477777777777777777777777777777777777777777777777777777748888886555555555555444444444
                 7777777777444444477777777777777777777777777777777777777777777777777777774588886545555555555555444444444
                  777777774444447777777777777777777777777777777777777777777777777777777776888847745566655555555544444444
                   77777744444777777777777777777777777777777777777777777777777777777777444686444456666866555555544444444
                   77777744777777777777777777777777777777777777777777777777777777777774444564555666666666665555544444444
                    7777477777777777777777777777777777777777777777777777777777777777777444455555566666666665555544444444
              7777  7774777777777777777777777777777777777777777777777777777777777777777774445564455566666655555554444444
             77777777777777777777777777777777777777777777777777777777777777777777777777777744565455566666655555554444444
          77777777777777777777777777777777777777777777777777777777777777777777777777777777744555555466666655555554444444
          77777777777777777777      777777777777777777777777777777777777777777777777777777777455565688886655555555544444
