77744777777777777777777444444444444477777777777777                                      7777777    455555555555554444444
777777777777777777777774444444444444477777777777777                                     7777777    455555555555554444444
777777777777777777777774444444444444477777777777777                                     7777777    455555555555554444444
7777777777777777777777744444444444444777777777777777                                   77777777    455555555555554444444
77777777777777777777777444444444444447777777777777777                                  77777777    455555555555444444444
777777777777777777777774444444444444447777777777777777                                 77777777    455555555555544444444
 777777777777777777777444444444444444477777777777777777                                77777777    455555555555544444444
 7777777777777777777774444444444444444777777777777777777                           777777777777    455555555555444444444
  777777777777777777777444444444444444777777777777777777                       7777777777777777    555555555554444444444
   777777777777777777774444444444444447777777777777777777                    777777777777777777   7555555555554444444444
   777777777777777777774444444444444447777777777777777777          77777777777777777777777777777 77555555555544444444444
    777777777777777777774444444444444447777777777777777777        777777777777777777777777777777777555555555544444444444
    777777777777777777774444444444444447777777                747                 7 745555544777774555555555544444444444
     77777777777777777774444444444444477 77                  774557   7     77777777688888888865446566555555544444444444
      7777777777777777774444444444444477 7                   7745457  57       77774888888888888888666554555544444444444
      7777777777777777774444444444444477 7                   655555567     777777775888888688888888888554555544444444444
       777777777777777777444444444444477 7                  785665556644444444744446888888544555568686444555444444444444
       777777777777777777444444444444477 7                   56565555666555555544446888888864444456655555555444444444444
        77777777777777777744444444444477 7                    5456655545555555565446888888885444456655555555444444444444
         7777777777777777744444444444777 77                   4456665544455555456866888888886444466655555555444444444444
         7777777777777777774444444444777  7                     46686655455554446888888888888444466655555555444444444444
          777777777777777777444444444777  7                        56888655554458888888888888444466655555555444444444444
           777777777777777774444444447777 7                         6886665544468888888888888474466665555555444444444444
           777777777777777774444444447777 7                          64     74756888888888888886465565555555544444444444
            77777777777777744444444447777 7                                      758888888888888886566555555554444444444
            77777777777777744444444447777 7                                        7688888888888888866655555544444444444
             7777777777777774444444447777                                            56888888888888888665555554444444444
              777777777777744444444447777777                                           774444588888888886555554444444444
              7777777777777744444444477777777777777777                                         4688888888555554444444444
               777777777777444444444477777777777777777777 777                                  7568888886555555444444444
                7777777777744444444444447777777777777777777777                      777777777768888888665555555444444444
                7777777777744444444444447777777777777777777777777777777777    777777777777774688888866655555555444444444
                 7777777777444444444477777777777777777777777777777777777777777777777777777758888866555555555555444444444
                 7777777777444444447777777777777777777777777777777777777777777777777777775888885445555555555555444444444
                  777777774444447777777777777777777777777777777777777777777777777777777444688577745566655555555544444444
                   77777744444777777777777777777777777777777777777777777777777777777774444564444456666866655555544444444
                   77777444777777777777777777777777777777777777777777777777777777777777444455555666666666665555544444444
                    7777477777777777777777777777777777777777777777777777777777777777777774445565566666666665555554444444
               777  7777777777777777777777777777777777777777777777777777777777777777777777444565465566666665555555444444
              7777777777777777777777777777777777777777777777777777777777777777777777777777444555555566666655555555444444
            777777777777777777777777777777777777777777777777777777777777777777777777777777444555565466666655555555544444
            7777777777777777         77777777777777777777777777777777777777777777777777777744455565688886665555555554444
