777447777777777777777777444444444447777777777777                                          77777    455555555555555554444
7777777777777777777777774444444444447777777777777                                        777777    455555555555555544444
77777777777777777777777744444444444477777777777777                                       777777    455555555555555444444
77777777777777777777777744444444444477777777777777                                       777777    455555555555555544444
777777777777777777777777444444444444477777777777777                                     7777777    455555555555555544444
7777777777777777777777744444444444444777777777777777                                     777777    455555555555555554444
 777777777777777777777744444444444444777777777777777                                    7777777    455555555555555445444
 777777777777777777777744444444444444777777777777777                                    7777777    555555555555555444444
  777777777777777777777744444444444447777777777777777            7777777                7777777    555555555555554444444
   777777777777777777777444444444444477777777777777777          777777777777777        7777777     555555555555554444444
   77777777777777777777444444444444447777777777777777777   7   777777777777777777    777777777     555555555555544444444
    777777777777777777774444444444444477777774447777777777777 777777777777777777777777777777777   7555555555555444444444
    7777777777777777777744444444444444777777774455557          777777777777                   77777555555555554444444444
     77777777777777777774444444444444477     455456654         777777777777777777777777777777777746555555555554444444444
      7777777777777777774444444444444477 7   7655556664        777777754777 77777777777777777777746665554555554444444444
      7777777777777777774444444444444477 7    46655566655555557774777747777774444445555555566666668886554555554444444444
       777777777777777777444444444444477 7     5655555555555555555444444456688888888888888888888888888544555554444444444
       777777777777777777444444444444477 7     4566655444555554468886656888888888888888888888888668666555555554444444444
        77777777777777777744444444444777 7      756866555555544588888888888888888888654455555447756555555555544444444444
         7777777777777777774444444444777 7        7588886555544688888888888888888654444444777777756555555555444444444444
         7777777777777777774444444444777  7        788886655555688888888888888654444777774777777756555555555444444444444
          777777777777777777444444447777  7          4867      746888888888887777777777774777777755555555555444444444444
           77777777777777777444444447777  7                       5888888888867 7777777774777777755555555555444444444444
           77777777777777777444444447777  7                        6888888888884    777777777777755555555555544444444444
            77777777777777774444444477777 7                         4688888888884     7777 77777765555555555454444444444
            77777777777777774444444477777                               7588888884            77765555555555544444444444
             7777777777777774444444477777                                 76888886              765555555555554444444444
              77777777777777444444447777777                                 7688885      777   7745555555555544444444444
              7777777777777744444444777777777777                              48888             775555555555554444444444
               77777777777774444444447777777777777777                          68885777777777    75555555555555444444444
                7777777777774444444444447777777777777777   77                  58888477777777    45555555555555444444444
                777777777777444444444447777777777777777777777777777777777      78888877777777    45555555555554444444444
                 7777777777444444444477777777777777777777777777777777777777777774888867777777777745555555555555444444444
                  777777777444444477777777777777777777777777777777777777777777777488884444444777745555555555555444444444
                  777777774444447777777777777777777777777777777777777777777777777748888474444777745555555555555544444444
                   77777774447777777777777777777777777777777777777777777777777777774688647444444456666666555555544444444
                   77777744777777777777777777777777777777777777777777777777777777777488654444555666666666665555544444444
                    7777477777777777777777777777777777777777777777777777777777777777744455544455566666666665555554444444
                    7777777777777777777777777777777777777777777777777777777777777777774444555554565566666655555554444444
               77777 777777777777777777777777777777777777777777777777777777777777777777444444564555566666655555554444444
              777777777777777777     77777777777777777777777777777777777777777777777777777774555565466666655555555444444
              7777777777777           7777777777777777777   777777777777777777777777777777777455565688886655555555544444
