7774477777777777777777744444444444447777777777777                                        777777    455555555555444444444
77777777777777777777777444444444444477777777777777                                      7777777    455555555555444444444
777777777777777777777774444444444444777777777777777                                     7777777    455555555555444444444
7777777777777777777777744444444444444777777777777777                                   77777777    455555555555444444444
7777777777777777777777744444444444444777777777777777                                   77777777    455555555554444444444
777777777777777777777774444444444444477777777777777777                                 77777777    455555555554444444444
 777777777777777777777444444444444444477777777777777777                               777777777    455555555554444444444
 7777777777777777777777444444444444444777777777777777777                             7777777777    455555555544444444444
  777777777777777777777444444444444444777777777777777777              7777777777    77777777777    555555555544444444444
   77777777777777777777444444444444444777777777777777777            7777777777777  777777777777   7555555555544444444444
   77777777777777777777444444444444444777777777777777777           7777777777777777777777777777  77555555555444444444444
    7777777777777777777744444444444444777777777777777777777       777777777777777777777777777777777555555555444444444444
    77777777777777777777444444444444444777777          7447                         488886655477777555555555444444444444
     77777777777777777774444444444444447 77            774557         77777777777775888888888886546556555555444444444444
      7777777777777777774444444444444447 7              445554        57   777777758888888888888888666554455444444444444
      7777777777777777774444444444444447 7             756555565      77777777777488888854568888888888554454444444444444
       777777777777777777444444444444447 7             46565555654444455477444474888888854444444456665444455444444444444
       777777777777777777444444444444477 7              6656555555555555654444446888888864444444756555555554444444444444
        7777777777777777744444444444447777               545665554455555556644448888888884444444456555555554444444444444
         7777777777777777744444444444477777              445666555445555545688668888888864444444456555555554444444444444
         7777777777777777744444444444777777               75668866655555445888888888888854444444466555555554444444444444
          7777777777777777744444444447777 7                  74688865554446888888888888844744444466555555554444444444444
           777777777777777744444444447777 7                    768655555556888888888888866477744466555555554444444444444
           777777777777777744444444447777 7                     457     7  456888888888888886477765555555555444444444444
            77777777777777744444444447777 7                                  7688888888888888864765555555555444444444444
            77777777777777744444444447777 7                                    46888888888888888865555555555544444444444
             7777777777777744444444447777                                        745544568888888886555555555544444444444
              777777777777744444444447777777                                             7455688888555555555544444444444
              7777777777777444444444477777777777777777     77                               4888886555555555554444444444
               777777777777444444444477777777777777777777777777                     777777768888855555555555555444444444
                77777777777444444444444477777777777777777777777                   77777777688888445555555555555444444444
                77777777777444444444444477777777777777777777777777777777777 77777777777774888867745555555555555444444444
                 7777777777444444444447777777777777777777777777777777777777777777777777748888677745555555555555444444444
                 7777777777444444447777777777777777777777777777777777777777777777777777468885777745555555555555544444444
                  777777774444447777777777777777777777777777777777777777777777777777777488864777745566655555555554444444
                   77777744444777777777777777777777777777777777777777777777777777777774445644444556666666655555554444444
                   77777744777777777777777777777777777777777777777777777777777777777774445554555666666666665555555444444
                    7777477777777777777777777777777777777777777777777777777777777777774444445565566666666665555555444444
                77  7774777777777777777777777777777777777777777777777777777777777777777774444565465566666665555555444444
              7777777777777777777777777777777777777777777777777777777777777777777777777774444555565566666655555555444444
            777777777777777777777777777777777777777777777777777777777777777777777777777777444555565466666665555555544444
            77777777777777777        77777777777777777777777777777777777777777777777777777744455566688886665555555554444
