77744777777777777777777774444444444777777777777                                           77777    455555555555544444444
777777777777777777777777774444444444777777777777                                         777777    455555555555544444444
7777777777777777777777777444444444447777777777777                                        777777    455555555555544444444
77777777777777777777777774444444444477777777777777                                       777777    455555555555444444444
77777777777777777777777744444444444477777777777777                                      7777777    455555555555444444444
777777777777777777777777444444444444477777777777777                                    77777777    455555555555444444444
 77777777777777777777777444444444444477777777777777                                  7777777777    455555555554444444444
 7777777777777777777777744444444444447777777777777                    777         7777777777777    455555555554444444444
  77777777777777777777774444444444444777777777777                     77777      7777777777777     555555555544444444444
   7777777777777777777777444444444444777777777777                  7777777777777777777777777777    555555555554444444444
   7777777777777777777777444444444444777777777777                 77777777777777777777777777777   7555555555544444444444
    777777777777777777777444444444444777777777777  74447         7777777777777777777777777777777777555555555544444444444
    7777777777777777777777444444444444777777       774454             777777                 777774555555555544444444444
     77777777777777777777744444444444777            445455           777777777777774686666655477746565555555544444444444
      7777777777777777777744444444444777 7          56555566         7547777   77468888888888888666666554555544444444444
      7777777777777777777744444444444777 7          65655556577774477747777777746888888888888888888886554555444444444444
       777777777777777777774444444444777 7          55564455565555555444444444588888888445666666668886544555444444444444
        77777777777777777777444444447777 7           7456555445555555554444446888888885444447777756655555555444444444444
        77777777777777777777444444447777 7           7456665544455555556647468888888864444444777756555555555444444444444
         7777777777777777777744444447777               46686665555554458886688888888854444444447756555555555444444444444
         7777777777777777777744444447777                  58888555544488888888888888544444444444456555555555444444444444
          777777777777777777744444447777                   6886665544588888888888886777744744444466555555555444444444444
           77777777777777777744444447777                    557   744468888888888886547774774444466555555555444444444444
           77777777777777777774444447777                               7688888888888886574777744466555555555444444444444
            7777777777777777744444447777                                 48888888888888885777777766555555555444444444444
             777777777777777744444447777                                  7688888888888888857 77765555555555544444444444
             7777777777777777444444477777                                   745555688888888884 7765555555555544444444444
              77777777777777744444447777777                                         745688888877745555555555544444444444
              77777777777777744444447777777777                                          768885   75555555555554444444444
               7777777777777744444447777777777777 7                                    7688887   75555555555554444444444
                77777777777774444444444777777777777777                               77588886    45555555555555444444444
                7777777777774444444444477777777777777777777777777777777             777688884    45555555555554444444444
                 7777777777744444444777777777777777777777777777777777777777777777777777888867777745555555555555444444444
                  777777777444444777777777777777777777777777777777777777777777777777774888844777745555555555555444444444
                  777777777444477777777777777777777777777777777777777777777777777777774888544777745565655555555544444444
                   77777774447777777777777777777777777777777777777777777777777777777775888444444456666666655555554444444
                   77777744777777777777777777777777777777777777777777777777777777777774566444455666666666665555555444444
                    7777477777777777777777777777777777777777777777777777777777777777774445555555566666666665555554444444
                     777777777777777777777777777777777777777777777777777777777777777774445544564465566666655555555444444
                 777 777777777777777777777777777777777777777777777777777777777777777777447444554555566666655555555444444
               777777777777777        7777777777777777       77777777777777777777777777777744555555466666655555555544444
               7777777777                                     7777777777777777777777777777774455565688866665555555554444
