77744777777777777777777444444444444477777777777777                                      7777777    455555555555555554444
777777777777777777777774444444444444777777777777777                                     7777777    455555555555555544444
777777777777777777777774444444444444477777777777777                                    77777777    455555555555555444444
7777777777777777777777744444444444444777777777777777                                   77777777    455555555555555444444
77777777777777777777777444444444444447777777777777777                                  77777777    455555555555554444444
7777777777777777777777744444444444444477777777777777777                                77777777    455555555555554444444
 7777777777777777777774444444444444444777777777777777777                              777777777    455555555555554444444
 7777777777777777777774444444444444444777777777777777777                        777777777777777    455555555555544444444
  7777777777777777777774444444444444447777777777777777777                   7777777777777777777    555555555555544444444
   777777777777777777774444444444444447777777777777777777           777777777777777777777777777   7555555555555544444444
   7777777777777777777744444444444444477777777777777777777         77777777777777777777777777777 77555555555554444444444
    77777777777777777774444444444444444777777777777777777777      777777777777777777777777777777777555555555554444444444
    777777777777777777774444444444444447777777              7454              777777755555444777774555555555544444444444
     77777777777777777774444444444444477 77                 4445657   7  77777777777688888888865446566555555554444444444
      7777777777777777774444444444444447 7                  44555654  57    77777775888888888888888666554555544444444444
      7777777777777777774444444444444447 7                 7565555667 77777777777748888886688888888888554555544444444444
       777777777777777777444444444444447 7                  556555566555555444444468888885445555568686544555544444444444
       777777777777777777444444444444477 7                  756555555655555554444488888888444444456655555555544444444444
        7777777777777777744444444444447777                  745665554555555556644588888888544444456555555555444444444444
         7777777777777777444444444444477777                   5666654445555545686688888888644444466655555555444444444444
         77777777777777777444444444447777 7                     46866555555445888888888888644444466655555555444444444444
          7777777777777777444444444447777 7                      5888665454446888888888888544444466655555555444444444444
           777777777777777744444444447777 7                      7686445555458888888888888577774466655555555444444444444
           777777777777777744444444447777 7                        7        74688888888888886547765555555555544444444444
            77777777777777744444444447777 7                                    76888888888888886465565555555554444444444
            77777777777777744444444447777 7                                      588888888888888886556555555544444444444
             7777777777777444444444447777                                         75888888888888888866655555554444444444
              777777777777744444444447777777                                         77774468888888888665555554444444444
              7777777777777444444444477777777777777777     7 7                               456888888665555554444444444
               777777777777444444444477777777777777777777777777                      77777    56888886655555555444444444
                77777777777444444444444477777777777777777777777                    7777777774888888866555555555444444444
                77777777777444444444444477777777777777777777777777777777777777  7777777777748888886555555555555444444444
                 7777777777444444444447777777777777777777777777777777777777777777777777777488888655555555555555444444444
                 7777777774444444447777777777777777777777777777777777777777777777777777775888864745555555555555444444444
                  777777774444447777777777777777777777777777777777777777777777777777777748888477745566655555555544444444
                   77777744444777777777777777777777777777777777777777777777777777777777445684444456666866655555544444444
                   77777744777777777777777777777777777777777777777777777777777777777774444554555666666666665555544444444
                    7777477777777777777777777777777777777777777777777777777777777777777444455555566666666665555554444444
               777  7774777777777777777777777777777777777777777777777777777777777777777774444565465566666665555554444444
             77777777777777777777777777777777777777777777777777777777777777777777777777777444555555566666655555554444444
          77777777777777777777777777777777777777777777777777777777777777777777777777777777744555565466666655555555444444
          7777777777777777777       777777777777777777777777777777777777777777777777777777774455565688886665555555554444
