7774477777777777777777774444444444477777777777777                                        777777    455555555555544444444
77777777777777777777777744444444444477777777777777                                      7777777    455555555555544444444
777777777777777777777774444444444444477777777777777                                    77777777    455555555555544444444
7777777777777777777777774444444444444777777777777777                                   77777777    455555555555444444444
7777777777777777777777744444444444444777777777777777                                   77777777    455555555554444444444
777777777777777777777774444444444444477777777777777777                                777777777    455555555555444444444
 777777777777777777777444444444444444777777777777777777                             77777777777    455555555554444444444
 777777777777777777777744444444444444777777777777777777              77777         777777777777    455555555544444444444
  777777777777777777777444444444444444777777777777777777             77777777     7777777777777    555555555544444444444
   77777777777777777777744444444444444777777777777777777           7777777777777777777777777777   7555555555544444444444
   7777777777777777777744444444444444477777777777777777777        77777777777777777777777777777  77555555555444444444444
    77777777777777777777444444444444447777777777777777777777     7777777777777777777777777777777777555555555444444444444
    77777777777777777777444444444444447777777       74557             77777         466655547777777555555555444444444444
     77777777777777777774444444444444477 77         745554           777777777777746888888888865446555555555444444444444
      7777777777777777774444444444444477 7           4555557         7547777   77588888888888888888666554455444444444444
      7777777777777777774444444444444477 7          456555565    7777777777777776888888645688888888886554455444444444444
       777777777777777777444444444444477 7          56565555666555555544444444468888888444474444456685444455444444444444
       777777777777777777444444444444477 7           6656555555555555555444444688888888444444777756555555554444444444444
        77777777777777777444444444444777 7            445665554455555555665446888888886444444477756555555554444444444444
         7777777777777777744444444444777 77           456666655555555445888888888888884444444444456555555554444444444444
         7777777777777777774444444444777  7             4566888855555446888888888888854444744444466555555554444444444444
          7777777777777777744444444447777 7                 688866555448888888888888847774744444466555555544444444444444
           777777777777777774444444447777 7                  58677744445688888888888886544777744466555555554444444444444
           777777777777777744444444447777 7                   7          46888888888888886477777765555555554444444444444
            77777777777777774444444477777 7                                588888888888888865777765555555554444444444444
            77777777777777774444444477777 7                                 75888888888888888847765555555555444444444444
             7777777777777774444444477777                                      77777756888888884765555555555544444444444
              777777777777774444444447777777                                            74688884745555555555444444444444
              777777777777774444444447777777777777777                                    488885  75555555555544444444444
               77777777777774444444447777777777777777777777777                       7774888867  75555555555544444444444
                7777777777774444444444447777777777777777777777                     77777688884   45555555555555444444444
                7777777777774444444444447777777777777777777777777777777777   7777777777488886    45555555555554444444444
                 7777777777444444444477777777777777777777777777777777777777777777777777588884777745555555555555444444444
                 7777777777444444477777777777777777777777777777777777777777777777777777688844777745555555555555444444444
                  777777774444447777777777777777777777777777777777777777777777777777777688644777745565655555555544444444
                   77777774447777777777777777777777777777777777777777777777777777777774568544444456666666655555554444444
                   77777744777777777777777777777777777777777777777777777777777777777774445544455666666666665555554444444
                    7777477777777777777777777777777777777777777777777777777777777777774445555565566666666665555555444444
                 7  7777777777777777777777777777777777777777777777777777777777777777777444444565465566666655555555444444
              777777 777777777777777777777777777777777777777777777777777777777777777777777444555565566666655555555444444
             77777777777777777777777777777777777777777777777777777777777777777777777777777444555565466666655555555544444
             777777777777777         77777777777777777777777777777777777777777777777777777744455566688886665555555554444
