77744777777777777777777774444444444777777777777                                           77777    455555555555554444444
7777777777777777777777777444444444447777777777777                                        777777    455555555555554444444
7777777777777777777777777444444444447777777777777                                        777777    455555555555554444444
7777777777777777777777774444444444447777777777777                                       7777777    455555555555544444444
77777777777777777777777744444444444447777777777777                                      7777777    455555555555444444444
777777777777777777777777444444444444477777777777777                                    77777777    455555555555444444444
 77777777777777777777777444444444444477777777777777                                  7777777777    455555555555544444444
 7777777777777777777777744444444444447777777777777                                  77777777777    455555555555444444444
  777777777777777777777744444444444447777777777777                     777777      777777777777    555555555554444444444
   7777777777777777777777444444444444777777777777                   777777777777777777777777777    555555555554444444444
   7777777777777777777777444444444444777777777777                  7777777777777777777777777777   7555555555554444444444
    777777777777777777777444444444444777777777777     777         777777777777777777777777777777777555555555544444444444
    7777777777777777777777444444444444777777          77454              7777        7777  77777774555555555544444444444
     77777777777777777777744444444444777              7754554        777777777777774688888866554746566555555544444444444
      7777777777777777777744444444444777 7            755545657      754777777777758888888888888868666554555544444444444
      7777777777777777777744444444444777 7            7565555667   77777777777774688888888888888888886554555544444444444
       777777777777777777774444444444777 7             65655556665555554444444446888888544556665668886544555544444444444
        77777777777777777777444444444777 7              4565555555555555554444468888888544444447756655555555544444444444
        77777777777777777777444444447777 7              4466655444555555566544688888888444444444456555555555444444444444
         7777777777777777777744444447777                 766865544555544568886888888888444444444456555555555444444444444
         7777777777777777777744444447777                   7468885555544588888888888886444444444466555555555444444444444
          777777777777777777744444447777                     68866655444888888888888884774744444466555555555444444444444
           77777777777777777744444447777                      5657744444888888888888864474774444466555555555444444444444
           77777777777777777744444447777                                 46888888888888866777774466555555555544444444444
            7777777777777777744444447777                                   468888888888888864777766555555555444444444444
            77777777777777777444444477777                                   76888888888888888657765555555555544444444444
             7777777777777777444444477777                                     458888888888888888465555555555554444444444
              77777777777777744444447777777                                           7568888888855555555555544444444444
              777777777777777444444477777777777                                           758888645555555555554444444444
               777777777777774444444777777777777777                                       488888775555555555555444444444
                777777777777444444444447777777777777777                              77775888884 45555555555555444444444
                77777777777744444444444777777777777777777777777777777777            77777888885  45555555555554444444444
                 7777777777744444444477777777777777777777777777777777777777777777777777758888577745555555555555444444444
                  777777777444444777777777777777777777777777777777777777777777777777777768885777745555555555555444444444
                  777777777444477777777777777777777777777777777777777777777777777777777488864777745565655555555544444444
                   77777774447777777777777777777777777777777777777777777777777777777777688844444456666666655555554444444
                   77777744777777777777777777777777777777777777777777777777777777777777446644455666666666665555544444444
                    7777477777777777777777777777777777777777777777777777777777777777774444555555566666666665555554444444
                     777777777777777777777777777777777777777777777777777777777777777774444444564465566666655555555444444
                7777 777777777777777777777777777777777777777777777777777777777777777777777744554555566666655555555444444
               7777777777777777       777777777777777777     77777777777777777777777777777744555555466666655555555544444
              777777777777                 777777 77         77777777777777777777777777777774455565688866665555555554444
