7774477777777777777777774444444444477777777777777                                        777777    455555555555555444444
77777777777777777777777744444444444477777777777777                                       777777    455555555555554444444
77777777777777777777777444444444444477777777777777                                      7777777    455555555555554444444
777777777777777777777777444444444444477777777777777                                     7777777    455555555555554444444
7777777777777777777777744444444444444777777777777777                                   77777777    455555555555444444444
777777777777777777777774444444444444477777777777777777                                 77777777    455555555555444444444
 777777777777777777777444444444444444777777777777777777                                77777777    455555555555544444444
 7777777777777777777774444444444444444777777777777777777            7777               77777777    455555555555444444444
  777777777777777777777444444444444444777777777777777777          7777777     77777777 7777777     555555555554444444444
   77777777777777777777444444444444444777777777777777777         77777777777777777777777777777     555555555554444444444
   777777777777777777774444444444444447777777777777777777777     777777777777777777777777777777   7555555555544444444444
    77777777777777777777444444444444447777777777774777777777   777777777777777777777777777777777777555555555544444444444
    77777777777777777777444444444444444777777   744547             77777777                 7777774555555555544444444444
     77777777777777777774444444444444477 77     74554554          777747777777777777555444444777746555555555544444444444
      7777777777777777774444444444444477 7       455555654         77754777  7777568888888888866556666554555444444444444
      7777777777777777774444444444444447 7       76655556647744447777747777777568888888888888888888886554555444444444444
       777777777777777777444444444444477 7        5565555665555556544444444458888888886556688888888886544555444444444444
       777777777777777777444444444444477 7         556655545555555565544444688888888854474777777756555555554444444444444
        77777777777777777744444444444477 7         456666554455554458886668888888888544444777777756555555554444444444444
         7777777777777777774444444444777 77         76688666555554468888888888888885444444477777756555555554444444444444
         7777777777777777774444444444777  7           776888655544488888888888888844444444744777756555555554444444444444
          777777777777777777444444444777  7             4688655555588888888888888777777774744444466555555554444444444444
           777777777777777774444444447777 7               65       74688888888888854777774777444466555555554444444444444
           777777777777777744444444447777 7                           48888888888888647777 77777765555555554444444444444
            77777777777777744444444447777 7                            48888888888888864 7 77777765555555554444444444444
            77777777777777744444444447777 7                              46888888888888867    77765555555554444444444444
             7777777777777774444444477777                                      746888888867     765555555555544444444444
              777777777777774444444477777777                                       4568888577   745555555555444444444444
              77777777777777444444444777777777777777                                 788887      75555555555544444444444
               777777777777744444444477777777777777777    7777                       58888777    75555555555544444444444
                77777777777744444444444477777777777777777777777                     768888777    45555555555554444444444
                7777777777774444444444477777777777777777777777777777777777    77  77788886777    45555555555554444444444
                 7777777777444444444477777777777777777777777777777777777777777777777768886777777745555555555555444444444
                 7777777777444444477777777777777777777777777777777777777777777777777758885444777745555555555555444444444
                  777777774444447777777777777777777777777777777777777777777777777777758885444777745565655555555544444444
                   77777774447777777777777777777777777777777777777777777777777777777748885444444456666666655555544444444
                   77777744777777777777777777777777777777777777777777777777777777777776686444455666666666665555544444444
                    7777477777777777777777777777777777777777777777777777777777777777774455554555566666666665555554444444
                 7  7777777777777777777777777777777777777777777777777777777777777777774445555564465566666655555555444444
              777777 777777777777777777777777777777777777777777777777777777777777777774444444555555566666655555555444444
             77777777777777777777777777777777777777777777777777777777777777777777777777777444555565466666655555555544444
            777777777777777          77777777777777777777777777777777777777777777777777777744455566688886665555555554444
