77744777777777777777777744444444444477777777777777                                       777777    455555555555555554444
77777777777777777777777444444444444477777777777777                                      7777777    455555555555555544444
777777777777777777777774444444444444777777777777777                                     7777777    455555555555555444444
777777777777777777777774444444444444477777777777777                                    77777777    455555555555555544444
7777777777777777777777744444444444444777777777777777                                   77777777    455555555555554444444
777777777777777777777774444444444444477777777777777777                                 77777777    455555555555554444444
 777777777777777777777444444444444444477777777777777777                               777777777    455555555555554444444
 7777777777777777777774444444444444444777777777777777777               777   77     77777777777    455555555555555444444
  777777777777777777777444444444444444777777777777777777              77777777777  777777777777    555555555555544444444
   77777777777777777777444444444444444777777777777777777           7777777777777777777777777777   7555555555555544444444
   777777777777777777774444444444444447777777777777777777         77777777777777777777777777777  77555555555555544444444
    77777777777777777777444444444444444777777777777777777777     7777777777777777777777777777777777555555555555444444444
    777777777777777777774444444444444447777777         745577            7777777    755544477777774555555555554444444444
     77777777777777777774444444444444447 77            7444565       777777777777775888888888665446566555555554444444444
      7777777777777777774444444444444447 7             745545665     754777777777758888888888888888666554555544444444444
      7777777777777777744444444444444447 7             7555555667  77747777777774688888856888888888886554555544444444444
       777777777777777777444444444444477 7              5565556665555555444444446888888644445555568686544555544444444444
       777777777777777777444444444444477 7               565555555555555554444468888888644444447756555555555544444444444
        77777777777777777444444444444477 7               456655544555555556654588888888644444444456555555555444444444444
         7777777777777777444444444444477777               76686554455554458888888888888544444444456555555555444444444444
         77777777777777777444444444447777 7                 758886555544488888888888888444444444466555555555444444444444
          7777777777777777744444444447777 7                  58886665544588888888888885774744444466555555555444444444444
           777777777777777744444444447777 7                   4657 77744468888888888886544777744466555555555444444444444
           777777777777777744444444447777 7                               7588888888888886477777466555555555544444444444
            77777777777777744444444447777 7                                 48888888888888885777765555555555444444444444
            77777777777777744444444447777 7                                  7688888888888888857765555555555544444444444
             7777777777777444444444447777                                      74555568888888888465555555555554444444444
              777777777777744444444447777777                                           456888888855555555555554444444444
              777777777777774444444447777777777777777                                     758888675555555555554444444444
               7777777777774444444444777777777777777777    7777                      77777588886775555555555555444444444
                77777777777444444444444477777777777777777777777                   77777775888887 45555555555555444444444
                77777777777444444444444477777777777777777777777777777777777  777777777777888884  45555555555555444444444
                 7777777777444444444477777777777777777777777777777777777777777777777777758888577745555555555555444444444
                 7777777777444444477777777777777777777777777777777777777777777777777777768885777745555555555555444444444
                  777777774444447777777777777777777777777777777777777777777777777777777488864777745565655555555544444444
                   77777774444777777777777777777777777777777777777777777777777777777777688844444456666666555555544444444
                   77777744777777777777777777777777777777777777777777777777777777777777456644555666666666665555544444444
                    7777477777777777777777777777777777777777777777777777777777777777774445554555566666666665555554444444
               777  7777777777777777777777777777777777777777777777777777777777777777774555455564465566666655555554444444
              7777777777777777777777777777777777777777777777777777777777777777777777777777444564555566666655555554444444
            777777777777777777777777777777777777777777777777777777777777777777777777777777744555565466666655555555444444
          7 77777777777777777       777777777777777777777777777777777777777777777777777777774455565688886665555555544444
