77744777777777777777777744444444444777777777777                                           77777    455555555555555554444
7777777777777777777777774444444444447777777777777                                        777777    455555555555555554444
77777777777777777777777744444444444477777777777777                                        77777    455555555555555444444
77777777777777777777777744444444444477777777777777                                       777777    455555555555555544444
777777777777777777777777444444444444777777777777777                                      777777    455555555555555544444
777777777777777777777774444444444444477777777777777                                      777777    455555555555555554444
 777777777777777777777744444444444444777777777777777                                    7777777    455555555555555445444
 777777777777777777777774444444444444777777777777777                                    7777777    555555555555555444444
  77777777777777777777774444444444444777777777777777             7777777               77777777    555555555555554444444
   7777777777777777777774444444444444777777777777777 7          777777777777777        7777777     555555555555554444444
   7777777777777777777744444444444444777777777777777777    7   7777777777777777777777777777777     555555555555544444444
    77777777777777777777444444444444447777777444777777777 777  77777777777777777777777777777777   7555555555555544444444
    7777777777777777777744444444444444777777774455557           77777777777                   77777555555555554444444444
     77777777777777777774444444444444477     445455664         777777777777777777777777777777777746555555555554444444444
      7777777777777777774444444444444477 7   7655556664    7   777777754777 77777777777777777777746665554555554444444444
      7777777777777777774444444444444477 7    75655566655555554774777747777774444455555555566666668886554555554444444444
       777777777777777777444444444444477 7     5655555555555555555444444456688888888888888888888888888544555555444444444
        77777777777777777744444444444777 7     4566655444555554468886556888888888888888888888888668666555555554444444444
        77777777777777777744444444444777 7      756866554555544588888888888888888888654455555447756555555555544444444444
         7777777777777777774444444444777          7488886555544688888888888888888854444444777777756555555555544444444444
         7777777777777777774444444447777            88886655555688888888888888654444444474777777756555555555444444444444
          777777777777777777444444447777  7          7867      746888888888884777777777774777777756555555555544444444444
           77777777777777777444444447777  7                       5888888888884 7777777774777777755555555555544444444444
           77777777777777777744444447777  7                        6888888888884    777774777777755555555555544444444444
            7777777777777777444444447777                            4688888888884     7777 77777765555555555554444444444
            77777777777777774444444477777                               7588888884            77765555555555544444444444
             7777777777777777444444477777                                 768888887            7765555555555554444444444
              77777777777777744444447777777                                 7588886      7777  7745555555555554444444444
              7777777777777744444444777777777777                              488887            775555555555554444444444
               7777777777777444444447777777777777777                           58885777777777    75555555555555444444444
                7777777777774444444444477777777777777777   77                  48888477777777    45555555555555544444444
                7777777777774444444444477777777777777777777777777777777777     76888877777777    45555555555555544444444
                 7777777777444444444477777777777777777777777777777777777777777774888867777777777745555555555555444444444
                  777777777444444477777777777777777777777777777777777777777777777488885444444777745555555555555544444444
                  777777774444447777777777777777777777777777777777777777777777777748888474444777745555555555555544444444
                   77777774447777777777777777777777777777777777777777777777777777774888644444444456666666555555554444444
                   77777744777777777777777777777777777777777777777777777777777777777488654444555666666666665555544444444
                    7777477777777777777777777777777777777777777777777777777777777777744455544455566666666665555554444444
                     777777777777777777777777777777777777777777777777777777777777777774444555564565566666655555554444444
               77777 777777777777777777777777777777777777777777777777777777777777777774444444564555566666655555554444444
              777777777777777777    7777777777777777777777 7777777777777777777777777777777774555565466666655555555544444
              7777777777777           777777777777777777    777777777777777777777777777777777455565688886665555555554444
