77744777777777777777777774444444444777777777777                                           77777    455555555555555554444
777777777777777777777777444444444444777777777777                                         777777    455555555555555544444
7777777777777777777777777444444444447777777777777                                        777777    455555555555555444444
7777777777777777777777774444444444447777777777777                                        777777    455555555555554444444
77777777777777777777777744444444444477777777777777                                      7777777    455555555555554444444
777777777777777777777774444444444444477777777777777                                     7777777    455555555555544444444
 7777777777777777777777444444444444447777777777777                                      7777777    455555555555554444444
 7777777777777777777777444444444444447777777777777                 777                 77777777    555555555555544444444
  77777777777777777777774444444444444777777777777                 77777777  77777      77777777    555555555555544444444
   7777777777777777777774444444444444777777777777    7          777777777777777777777777777777     555555555555544444444
   777777777777777777777444444444444477777777777447             7777777777777777777777777777777    555555555555444444444
    77777777777777777777444444444444447777777777445477         777777777777777777777777777777777 77555555555554444444444
    777777777777777777774444444444444477777   744545664          777777777777              77777774555555555554444444444
     77777777777777777777444444444444477       455555666        77777747777777777777777777777777746665555555554444444444
      7777777777777777777444444444444477 7      565555664777777 77777754777777777745565555555544446666554555544444444444
      7777777777777777777744444444444477 7      756555566555555547447747777745668888888888888888888886554555544444444444
       777777777777777777444444444444777 7       45655544555555556544444445688888888888888888888888886544555555444444444
        77777777777777777774444444444777 7       75666554445555445866544588888888888864455666555456665555555554444444444
        77777777777777777774444444444777 7         458866555555446888888888888888886444444777777756555555555544444444444
         7777777777777777774444444447777             4888865554458888888888888888654444444777777756555555555544444444444
         7777777777777777777444444447777             7668855555558888888888888865444477444777777756555555555444444444444
          777777777777777777744444447777               457       4588888888888477777777774777777756555555555544444444444
           77777777777777777744444447777                           48888888888857777777774777777765555555555544444444444
           77777777777777777744444447777                            58888888888867  777774777777765555555555554444444444
            7777777777777777744444447777                             46888888888867   7777 77777765555555555554444444444
            77777777777777774444444477777                              7456888888867         777765555555555544444444444
             7777777777777777444444477777                                  768888886           7765555555555554444444444
              77777777777777744444447777777                                  46888885    7777  7745555555555554444444444
              777777777777777444444477777777777                                4688887          775555555555554444444444
               777777777777774444444777777777777777                             7888877777777    75555555555555444444444
                777777777777444444444447777777777777777                          688857777777    45555555555555444444444
                777777777777444444444447777777777777777777777777777777777        688887777777    45555555555555544444444
                 7777777777744444444477777777777777777777777777777777777777777777588885777777777745555555555555444444444
                  777777777444444477777777777777777777777777777777777777777777777768886444444777745555555555555544444444
                  777777777444447777777777777777777777777777777777777777777777777748888474444777745655555555555544444444
                   77777774447777777777777777777777777777777777777777777777777777774888574444444456666666655555554444444
                   77777744777777777777777777777777777777777777777777777777777777777588844444555666666666665555554444444
                    7777477777777777777777777777777777777777777777777777777777777777768664444455566666666665555554444444
                     777777777777777777777777777777777777777777777777777777777777777744455555564565566666655555555444444
               77777 777777777777777777777777777777777777777777777777777777777777777774445554564555566666655555555444444
               7777777777777777      777777777777777777777    7777777777777777777777777444444555565466666655555555544444
              777777777777             77777777777777         7777777777777777777777777777777455566688886665555555554444
