777447777777777777777777444444444447777777777777                                         777777    455555555555544444444
77777777777777777777777744444444444477777777777777                                       777777    455555555555544444444
77777777777777777777777744444444444477777777777777                                      7777777    455555555555544444444
777777777777777777777777444444444444477777777777777                                     7777777    455555555555444444444
7777777777777777777777774444444444444777777777777777                                    7777777    455555555555444444444
77777777777777777777777444444444444447777777777777777                                   7777777    455555555555444444444
 77777777777777777777774444444444444477777777777777777                                  7777777    455555555554444444444
 77777777777777777777777444444444444447777777777777777                                  7777777    455555555554444444444
  7777777777777777777777444444444444447777777777777777                        77777777777777777    555555555544444444444
   7777777777777777777774444444444444477777777777777777                      777777777777777777    555555555544444444444
   7777777777777777777777444444444444477777777777777777              77777777777777777777777777  77555555555544444444444
    7777777777777777777744444444444444777777777777777777           77777777777777777777777777777777555555555444444444444
    77777777777777777777444444444444447777777                744                     44554447777774555555555544444444444
     77777777777777777777444444444444477 77                  74557    7     77777777588888888865446555555555444444444444
      7777777777777777777444444444444477 7                   445454   57       77774888888888888888666554555544444444444
      7777777777777777777444444444444477 7                  655555564      777777776888888888888888888554555444444444444
       777777777777777777444444444444477 7                  665655556444444447444448888888445555568686444555444444444444
        77777777777777777774444444444477 7                  785554455665555555444448888888844444456655555555444444444444
        77777777777777777774444444444777 7                   74566555445555555554448888888864444456655555555444444444444
         7777777777777777774444444444777 7                   74466655444455555566558888888884444466655555555444444444444
         7777777777777777777444444444777  7                    766686654455554468888888888885444466655555555444444444444
          777777777777777777744444447777  7                       768886554547488888888888885444466655555555444444444444
           77777777777777777444444447777  7                        48866655444588888888888885774466655555555444444444444
           777777777777777777444444477777 7                         457    744468888888888888865465665555555544444444444
            77777777777777774444444477777 7                                     7568888888888888886566555555444444444444
            77777777777777774444444477777 7                                       76888888888888888666655555544444444444
             7777777777777774444444477777                                           468888888888888888665555554444444444
              777777777777777444444447777777                                          7444445688888888865555554444444444
              77777777777777444444444777777777777777                                          75688888886555554444444444
               777777777777744444444477777777777777777      7                                 75688888865555555444444444
                77777777777744444444444477777777777777777 7777                       77777777488888886655555555444444444
                777777777777444444444447777777777777777777777777777777777         77777777775888888665555555554444444444
                 7777777777444444444477777777777777777777777777777777777777777777777777777468888865555555555555444444444
                 7777777777444444477777777777777777777777777777777777777777777777777777775888864745555555555555444444444
                  777777774444447777777777777777777777777777777777777777777777777777777445686477745566655555555544444444
                   77777774447777777777777777777777777777777777777777777777777777777774444564444456666666655555554444444
                   77777744777777777777777777777777777777777777777777777777777777777777444455555666666666665555554444444
                    7777477777777777777777777777777777777777777777777777777777777777777774445565566666666665555554444444
                 7  7777777777777777777777777777777777777777777777777777777777777777777777444565465566666665555555444444
               77777 777777777777777777777777777777777777777777777777777777777777777777777444555555566666655555555444444
              7777777777777777777   777777777777777777777777777777777777777777777777777777744555565466666655555555544444
              7777777777777           7777777777777777  7  7777777777777777777777777777777774455565688886665555555554444
