77744777777777777777777744444444444777777777777                                           77777    455555555555555554444
777777777777777777777777444444444444777777777777                                          77777    455555555555555544444
7777777777777777777777777444444444447777777777777                                         77777    455555555555555444444
7777777777777777777777774444444444447777777777777                                        777777    455555555555555444444
7777777777777777777777774444444444447777777777777                                       7777777    455555555555554444444
777777777777777777777777444444444444477777777777777                                     7777777    455555555555544444444
 7777777777777777777777444444444444447777777777777                                      7777777    455555555555554444444
 7777777777777777777777744444444444447777777777777                  7777        77777 777777777    555555555555544444444
  77777777777777777777774444444444444777777777777                  7777777    77777777777777777    555555555555544444444
   7777777777777777777774444444444444777777777777                 77777777777777777777777777777    555555555555544444444
   7777777777777777777777444444444444777777777777777            7777777777777777777777777777777   7555555555555444444444
    7777777777777777777744444444444447777777777777454777        77777777777777777777777777777777777555555555554444444444
    777777777777777777774444444444444477777      74445657          77777777777            777777774555555555554444444444
     77777777777777777777444444444444477         455545665        777747777777777777444777777777746665555555554444444444
      7777777777777777777444444444444477 7        555555667       777454777777777458888888888665556666554555544444444444
      7777777777777777777744444444444777 7        4565556665555555777747777774568888888888888888888886554555544444444444
       777777777777777777774444444444777 7        7555555555555556554444444468888888886668888888888886544555554444444444
        77777777777777777774444444444777 7         456655444455555556544445888888888854444444447756655555555554444444444
        77777777777777777774444444447777 7          75686554455554468888668888888888444444477777756555555555544444444444
         7777777777777777777444444447777               58886555544588888888888888884444444477777756555555555544444444444
         7777777777777777777744444447777               48886665544688888888888888644444444444777756555555555444444444444
          777777777777777777744444447777                 657   744568888888888884777777774744444766555555555544444444444
           77777777777777777744444447777                            7688888888886477777774777444466555555555554444444444
           77777777777777777744444447777                              68888888888884 77774777777766555555555554444444444
            7777777777777777744444447777                               688888888888867 777 77777765555555555554444444444
            7777777777777777744444447777                                456888888888884     7777765555555555544444444444
             7777777777777777444444477777                                    75888888885       7765555555555554444444444
              77777777777777744444447777777                                     4688888857777777745555555555554444444444
              777777777777777444444477777777777                                   7468886        75555555555554444444444
               777777777777774444444777777777777777                                 588857777    75555555555555444444444
                777777777777444444444447777777777777777                            7688857777    45555555555555444444444
                77777777777744444444444777777777777777777777777777777777           7888867777    45555555555555544444444
                 7777777777744444444477777777777777777777777777777777777777777777777888867777777745555555555555444444444
                  777777777444444477777777777777777777777777777777777777777777777777688864444777745555555555555544444444
                  777777777444477777777777777777777777777777777777777777777777777777488864444777745565655555555544444444
                   77777774447777777777777777777777777777777777777777777777777777777768864444444456666666555555554444444
                   77777744777777777777777777777777777777777777777777777777777777777758884444555666666666665555554444444
                    7777477777777777777777777777777777777777777777777777777777777777746665444455566666666665555554444444
                     777777777777777777777777777777777777777777777777777777777777777774455555564565566666655555555444444
               77777 777777777777777777777777777777777777777777777 77777777777777777774445554564555566666655555555444444
               7777777777777777       777777777777777777 7  7  777777777777777777777777444444555565466666655555555544444
              777777777777             77777777777777         7777777777777777777777777777774455565688886665555555554444
