7774477777777777777777777744444444477777777777                                             7777    455555555555555554444
777777777777777777777777774444444444777777777777                                          77777    455555555555555554444
7777777777777777777777777744444444447777777777777                                         77777    455555555555555544444
7777777777777777777777777744444444447777777777777                                        777777    455555555555555544444
7777777777777777777777777444444444447777777777777                                        777777    455555555555555544444
77777777777777777777777747444444444447777777777777                                      7777777    455555555555555554444
 7777777777777777777777744444444444447777777777777                                    777777777    455555555555555445444
 7777777777777777777777774444444444447777777777777                                  77777777777    555555555555555444444
  77777777777777777777777444444444444777777777777                      7777777     777777777777    555555555555554444444
   7777777777777777777777744444444444777777777777                   777777777777777777777777777    555555555555554444444
   7777777777777777777777444444444444777777777777                  7777777777777777777777777777  77555555555555544444444
    777777777777777777777444444444444777777777777     7447        777777777777777777777777777777777555555555555444444444
    777777777777777777777744444444444777777           74454            7777777      744777777777774565555555555444444444
     77777777777777777777744444444444777              7454564        777777777777774688888886654446666555555554444444444
      7777777777777777777744444444444777 7            55555566       754777777777468888888888888868666554555554444444444
      7777777777777777777744444444444777 7            655555665 77777747777777775888888868888888888888554555555444444444
       777777777777777777774444444444777 7            756555566555555544444444468888888444555555568886544555555444444444
        77777777777777777774444444444777 7             45655555555555555544444688888888444444447756655555555554444444444
        77777777777777777777444444447777 7             75666554445555555688656888888886444444444756555555555544444444444
         7777777777777777777744444447777                 468665445555445888888888888885444444444456555555555544444444444
         7777777777777777777744444447777                   5888655555446888888888888864444444444466555555555544444444444
          777777777777777777744444447777                   4888666555448888888888888847744744444466555555555544444444444
           77777777777777777744444447777                     657   77445688888888888854774774444466555555555554444444444
           77777777777777777744444447777                                 46888888888888854 77774466555555555554444444444
            7777777777777777744444447777                                   688888888888888577777766655555555554444444444
            77777777777777777444444477777                                   48888888888888886777765555555555554444444444
             7777777777777777444444477777                                     745555688888888857765555555555555444444444
              77777777777777744444447777777                                          75688888885745555555555555444444444
              777777777777777444444477777777777                                          7688884 75555555555554444444444
               777777777777774444444777777777777777                                     7588885  75555555555555444444444
                777777777777744444444447777777777777777                                7488888   45555555555555544444444
                777777777777444444444447777777777777777777777777777777777           7777688885   45555555555555544444444
                 7777777777744444444777777777777777777777777777777777777777777777777777488886777745555555555555444444444
                  777777777444444477777777777777777777777777777777777777777777777777777488884777745555555555555544444444
                  777777777444477777777777777777777777777777777777777777777777777777777588854777745565555555555544444444
                   77777774447777777777777777777777777777777777777777777777777777777777688844444456666666555555544444444
                   77777744777777777777777777777777777777777777777777777777777777777777568544555666666666665555544444444
                    7777477777777777777777777777777777777777777777777777777777777777774445544555566666666665555554444444
                     777777777777777777777777777777777777777777777777777777777777777774444455554465566666655555554444444
                 777 777777777777777777777777777777777777777777777777777777777777777777444444564555566666655555554444444
               777777777777777        777777777777777777     77777777777777777777777777777774555555466666655555555444444
              77777777777                  7   77777          7777777777777777777777777777777455565688886655555555544444
