7774477777777777777777774444444444477777777777777                                        777777    455555555555544444444
7777777777777777777777774444444444447777777777777                                        777777    455555555555544444444
77777777777777777777777744444444444477777777777777                                      7777777    455555555555544444444
777777777777777777777777444444444444477777777777777                                     7777777    455555555555444444444
777777777777777777777777444444444444477777777777777                                     7777777    455555555555444444444
7777777777777777777777744444444444444777777777777777                                    7777777    455555555555444444444
 7777777777777777777774444444444444447777777777777777                                   7777777    455555555554444444444
 777777777777777777777744444444444444777777777777777777                                 7777777    455555555544444444444
  77777777777777777777744444444444444777777777777777777         7777777777               77777     555555555544444444444
   77777777777777777777744444444444447777777777777777777       777777777777777           77777     555555555544444444444
   777777777777777777774444444444444447777777777777777777 77   77777777777777777         77777     555555555444444444444
    77777777777777777774444444444444447777774447777777777777777777777777777777777        77777    7555555555444444444444
    777777777777777777774444444444444477777744554              77777777777                      777555555555444444444444
     77777777777777777774444444444444477 7 74554554            777777777777777777777777777777777746555555555444444444444
      7777777777777777774444444444444477 7  465555565          77777 75477        77777777777777746555554455444444444444
      7777777777777777774444444444444477 7   666555566555555547777777747777777444455555555566666668686554555444444444444
       777777777777777777444444444444477 7   556655555555555555544444444455688888888888888888888888886544455444444444444
        77777777777777777444444444444477 7    45566555445555544588665556888888888888888888888888668665555554444444444444
        77777777777777777444444444444777 7    75566665555555544588888888888888888888654445555447756555555554444444444444
         7777777777777777744444444444777 77    7466888885555544688888888888888888654444474777777756555555554444444444444
         7777777777777777774444444444777  7       7768886665555888888888888888654444477774777777756555555554444444444444
          777777777777777777444444444777  7          4685777777456888888888884777777777774777777755555555544444444444444
           77777777777777777444444447777  7           47         7688888888888577777777774777777755555555554444444444444
           777777777777777774444444477777 7                       768888888888867  7777777777777755555555554444444444444
            77777777777777774444444477777 7                         46888888888867    7777  7777755555555554444444444444
            77777777777777774444444477777 7                             74688888887            7755555555554444444444444
             7777777777777774444444477777                                  46888886             765555555555444444444444
              777777777777774444444477777777                                 7588885     777   7745555555555444444444444
              77777777777777444444444777777777777 77                           48886             75555555555444444444444
               777777777777744444444477777777777777777     77                  78888477777777    75555555555544444444444
                7777777777774444444444447777777777777777777777                  6888677777777    45555555555544444444444
                777777777777444444444444777777777777777777777777777777777       4888857777777    45555555555554444444444
                 7777777777444444444477777777777777777777777777777777777777777777688884777777777745555555555554444444444
                 7777777777444444477777777777777777777777777777777777777777777777758886444444777745555555555555444444444
                  777777774444447777777777777777777777777777777777777777777777777775888574444777445555555555555544444444
                   77777774447777777777777777777777777777777777777777777777777777777688844444444456666666655555554444444
                   77777744777777777777777777777777777777777777777777777777777777777766554444455666666666665555554444444
                    7777477777777777777777777777777777777777777777777777777777777777774444555555566666666665555555444444
                 7  7777777777777777777777777777777777777777777777777777777777777777774455544564565566666655555555444444
               77777 777777777777777777777777777777777777777777777777777777777777777777444444554565566666655555555444444
              7777777777777777777  7777777777777777777777777777777777777777777777777777777444555565466666655555555544444
              7777777777777           7777777777777777777777777777777777777777777777777777744455566688886665555555554444
