77744777777777777777777774444444444777777777777                                           77777    455555555555544444444
7777777777777777777777774444444444447777777777777                                        777777    455555555555544444444
7777777777777777777777777444444444447777777777777                                        777777    455555555555544444444
77777777777777777777777744444444444477777777777777                                       777777    455555555555444444444
77777777777777777777777744444444444447777777777777                                      7777777    455555555555444444444
777777777777777777777777444444444444477777777777777                                    77777777    455555555555444444444
 77777777777777777777777444444444444477777777777777                                   777777777    455555555554444444444
 77777777777777777777777444444444444477777777777777                                   777777777    455555555554444444444
  7777777777777777777777444444444444477777777777777                         7777    77777777777    555555555544444444444
   777777777777777777777744444444444477777777777777                   7777777777777777777777777    555555555554444444444
   777777777777777777777744444444444477777777777777                7777777777777777777777777777  77555555555544444444444
    77777777777777777777744444444444447777777777777     777       777777777777777777777777777777777555555555544444444444
    7777777777777777777777444444444447777777            77457               777     745544477777774555555555544444444444
     77777777777777777777744444444444777                774454        77777777777774688888888665446566555555544444444444
      7777777777777777777744444444444777 7              74554554      54  7777777748888888888888888666554555544444444444
      7777777777777777777744444444444777 7              656555565     77777777777488888866888888888888554555544444444444
       777777777777777777774444444444777 7              5656555566555555544444444888888844445555568686544555544444444444
        77777777777777777774444444444777 7               445655555555555554444446888888854444444456655555555444444444444
        77777777777777777777444444444777 7               744565554445555556654448888888864444444456555555555444444444444
         7777777777777777777744444447777                  75656655445555545686568888888865444444456655555555444444444444
         7777777777777777777744444447777                    746888655555474888888888888854444444466655555555444444444444
          777777777777777777744444447777                       688865544446888888888888844744444466655555555444444444444
           77777777777777777744444447777  7                     68544455548888888888888854777444466655555555444444444444
           77777777777777777744444447777  7                      7      7 7568888888888888854777466655555555544444444444
            7777777777777777744444447777                                     4688888888888888657765665555555444444444444
            77777777777777774444444477777                                      68888888888888888565565555555544444444444
             7777777777777777444444477777                                       4588888888888888886556555555554444444444
              77777777777777744444447777777                                             74688888888656555555544444444444
              7777777777777774444444777777777777                                            7688888655555555554444444444
               7777777777777744444447777777777777777                                       76888886555555555555444444444
                777777777777444444444447777777777777777                              77777488888845555555555555444444444
                77777777777744444444444777777777777777777777777777777777           7777777688886745555555555554444444444
                 7777777777744444444477777777777777777777777777777777777777777777777777775888857745555555555555444444444
                  777777777444444477777777777777777777777777777777777777777777777777777748888477745555555555555444444444
                  777777777444477777777777777777777777777777777777777777777777777777777488884777745566655555555544444444
                   77777774447777777777777777777777777777777777777777777777777777777777456854444456666666655555554444444
                   77777744777777777777777777777777777777777777777777777777777777777774445554455666666666665555554444444
                    7777477777777777777777777777777777777777777777777777777777777777774444455555566666666665555554444444
                    7777777777777777777777777777777777777777777777777777777777777777777774444564465566666665555555444444
                7777 777777777777777777777777777777777777777777777777777777777777777777777744555555566666655555555444444
               7777777777777777      7777777777777777777    777777777777777777777777777777774555565466666655555555544444
              777777777777               7 777777777        777777777777777777777777777777777455565688886665555555554444
