777447777777777777777777744444444447777777777                                             77777    455555555555544444444
77777777777777777777777777444444444777777777777                                          777777    455555555555544444444
777777777777777777777777744444444444777777777777                                         777777    455555555555544444444
7777777777777777777777777444444444447777777777777                                        777777    455555555555444444444
77777777777777777777777744444444444477777777777777                                       777777    455555555555444444444
77777777777777777777777744444444444477777777777777                                       777777    455555555555444444444
 7777777777777777777777744444444444477777777777777                                      7777777    455555555554444444444
 7777777777777777777777744444444444447777777777777                                       777777    455555555554444444444
  77777777777777777777774444444444444777777777777                  7777        7         77777     555555555544444444444
   7777777777777777777777444444444444777777777777                 7777777    7777        77777     555555555544444444444
   7777777777777777777777444444444444777777777777                 77777777777777777777777777777   7555555555544444444444
    777777777777777777774444444444444777777777777447            77777777777777777777 77777777777777555555555544444444444
    777777777777777777777444444444444777777     74454              777777                   7777774555555555544444444444
     77777777777777777777444444444444777        7455457           777777777777777777555444444777746555555555544444444444
      7777777777777777777444444444444777 7       55555554          777547     777568888888888886556666554555544444444444
      7777777777777777777444444444444777 7       65655556547744447777747777777568888888888888888888886554555544444444444
       777777777777777777744444444444777 7       56565455555555556444444444458888888886556888886888886544555544444444444
        77777777777777777774444444444777 7        5456655444555555565444444688888888854444477777756655555555544444444444
        77777777777777777774444444444777 7         446666554455554458865558888888888544444477777756555555555444444444444
         7777777777777777777444444447777           756668886555554468888888888888885444444447777756555555555444444444444
         7777777777777777777744444447777              446888655544488888888888888844444444444444756555555555444444444444
          777777777777777777744444447777  7              566655555588888888888888477777474744444466555555555444444444444
           77777777777777777744444447777  7               567    7745688888888888657777774744444466555555555444444444444
           77777777777777777744444447777  7                           58888888888888647774777774466555555555544444444444
            7777777777777777444444447777                               4888888888888885777 77777765555555555444444444444
            77777777777777774444444477777                               756888888888888857   777765555555555544444444444
             7777777777777777444444477777                                     7758888888867   77765555555555554444444444
              77777777777777744444447777777                                       74568888577777745555555555554444444444
              777777777777774444444477777777777                                       68884      75555555555554444444444
               7777777777777444444447777777777777777                                 48888777    75555555555555444444444
                7777777777774444444444477777777777777777                            768888777    45555555555555544444444
                7777777777774444444444477777777777777777777777777777777            7768888777   745555555555555544444444
                 7777777777744444444477777777777777777777777777777777777777777777777768886777777745555555555555544444444
                  777777777444444477777777777777777777777777777777777777777777777777758885444777745555555555555544444444
                  777777777444447777777777777777777777777777777777777777777777777777748885444777445565655555555554444444
                   77777774447777777777777777777777777777777777777777777777777777777748885444444456666666655555555444444
                   77777744777777777777777777777777777777777777777777777777777777777776685444455666666666665555555444444
                    7777477777777777777777777777777777777777777777777777777777777777774455554555566666666665555555444444
                     777777777777777777777777777777777777777777777777777777777777777774445555564565566666665555555544444
                7777 777777777777777777777777777777777777777777777777777777777777777777444444555565566666665555555554444
               777777777777777       7777777777777777777 7  777777777777777777777777777777444555565466666665555555554444
              777777777777               7777777777777      777777777777777777777777777777744455566688886665555555554444
