777447777777777777777777444444444447777777777777                                         777777    455555555555555554444
7777777777777777777777774444444444447777777777777                                        777777    455555555555555554444
77777777777777777777777774444444444477777777777777                                       777777    455555555555555444444
77777777777777777777777744444444444477777777777777                                       777777    455555555555555544444
777777777777777777777777444444444444477777777777777                                      777777    455555555555555544444
7777777777777777777777774444444444444777777777777777                                     777777    455555555555554554444
 7777777777777777777777744444444444447777777777777777                                  77777777    455555555555555444444
 77777777777777777777777444444444444477777777777777777                             777777777777    455555555555555444444
  7777777777777777777777444444444444477777777777777777                         7777777777777777    555555555555554444444
   7777777777777777777777444444444444477777777777777777                      777777777777777777  77555555555555554444444
   7777777777777777777777444444444444477777777777777777              777777777777777777777777777777555555555555544444444
    7777777777777777777744444444444444777777777777777777           77777777777777777777777777777774555555555555444444444
    77777777777777777777744444444444447777777                7444              77777755555544777774555555555555444444444
     77777777777777777777444444444444477                     774557   7   7777777777688888888865446566555555554444444444
      7777777777777777777444444444444477 7                   4455454  57      777775888888888888888666554555554444444444
      7777777777777777777744444444444477 7                  465555566     7777777776888886688888888888554555554444444444
       777777777777777777444444444444477 7                  765655556544444447444448888888445555568686544555554444444444
       777777777777777777774444444444777 7                   44654556665555555444458888888644444456655555555554444444444
        77777777777777777774444444444777 7                   74566555455555555555458888888854444456655555555544444444444
         7777777777777777777444444444777 7                    7566655444555555568888888888864444466655555555544444444444
         7777777777777777777444444444777  7                     45866554555544468888888888884444466655555555544444444444
          777777777777777777744444447777  7                       588865555544588888888888884444466655555555544444444444
           77777777777777777744444447777  7                       488855555544688888888888884774466655555555554444444444
           777777777777777777444444477777 7                        447     777468888888888888854766665555555554444444444
            77777777777777774444444477777 7                                      568888888888888665566555555554444444444
            77777777777777774444444477777 7                                       76888888888888888666655555554444444444
             7777777777777774444444477777                                           468888888888888886665555555444444444
              777777777777777444444477777777                                          7777446888888888665555555444444444
              7777777777777744444444777777777777777                                          746888888865555554444444444
               77777777777774444444447777777777777777                                   7      7588888865555555444444444
                7777777777774444444444447777777777777777   777                        777777 768888888665555555544444444
                7777777777774444444444477777777777777777777777777777777777          777777774888888866655555555444444444
                 7777777777444444444477777777777777777777777777777777777777777777777777777758888886555555555555444444444
                 7777777777444444477777777777777777777777777777777777777777777777777777774688886445555555555555444444444
                  777777774444447777777777777777777777777777777777777777777777777777777776888647745566655555555544444444
                   77777774447777777777777777777777777777777777777777777777777777777777444685444456666866655555544444444
                   77777744777777777777777777777777777777777777777777777777777777777774444564555666666666665555544444444
                    7777477777777777777777777777777777777777777777777777777777777777777444455555566666666665555554444444
                 7  7777777777777777777777777777777777777777777777777777777777777777777777445564455566666655555554444444
              777777 777777777777777777777777777777777777777777777777777777777777777777777744554555566666655555554444444
             77777777777777777777   777777777777777777777777777777777777777777777777777777777555555466666655555554444444
             777777777777777           77777777777777777    777777777777777777777777777777777455565688886655555555544444
