7774477777777777777777774444444444477777777777777                                        777777    455555555555555554444
77777777777777777777777444444444444477777777777777                                      7777777    455555555555555554444
777777777777777777777777444444444444777777777777777                                     7777777    455555555555555544444
777777777777777777777777444444444444477777777777777                                     7777777    455555555555555544444
7777777777777777777777744444444444444777777777777777                                    7777777    455555555555555544444
77777777777777777777777444444444444447777777777777777                                  77777777    455555555555555554444
 777777777777777777777444444444444444477777777777777777                               777777777    455555555555555455444
 7777777777777777777777444444444444444777777777777777777              7777          77777777777    455555555555555444444
  777777777777777777777444444444444444777777777777777777             77777777      777777777777    555555555555554444444
   777777777777777777774444444444444447777777777777777777         77777777777777 77777777777777    555555555555554444444
   777777777777777777774444444444444447777777777777777777777     777777777777777777777777777777  77555555555555545444444
    77777777777777777777444444444444444777777777777777777777     7777777777777777777777777777777777555555555555544444444
    777777777777777777774444444444444447777777      7444              7777777             777777774555555555555444444444
     77777777777777777774444444444444447 77         77455667         777777777777774688666665547746555555555554444444444
      7777777777777777774444444444444477 7           45555664        754777777777468888888888888666666554555554444444444
      7777777777777777774444444444444477 7           555555665   7777747777777746888888888888888888886554555554444444444
       777777777777777777444444444444477 7           7565556666555555474444444588888888445556666668886544555554444444444
       777777777777777777444444444444477 7            455555555555555555444446888888885444447777756555555555554444444444
        77777777777777777444444444444477 7            446665544555555556866568888888884444444777756555555555544444444444
         7777777777777777744444444444777 77            75666655455554458888888888888854444444444756555555555444444444444
         77777777777777777744444444447777 7               48886555554488888888888888644444444444456555555555444444444444
          7777777777777777774444444447777 7               78888665555588888888888888477774744444466555555555444444444444
           777777777777777744444444447777 7                75857  777746888888888888654774777444466555555555444444444444
           777777777777777774444444447777 7                             768888888888888644 77777466555555555544444444444
            77777777777777744444444447777 7                               5888888888888886477777765555555555444444444444
            77777777777777774444444447777 7                                468888888888888884777765555555555544444444444
             7777777777777774444444477777                                    7444456888888888677765555555555554444444444
              777777777777774444444477777777                                         45688888857745555555555544444444444
              77777777777777444444444777777777777777                                     588884  75555555555554444444444
               777777777777744444444477777777777777777     777                         7488885   75555555555555444444444
                7777777777744444444444447777777777777777777777                       777888887   75555555555555444444444
                77777777777744444444444777777777777777777777777777777777777      777777588886    45555555555554444444444
                 7777777777444444444477777777777777777777777777777777777777777777777777688884777745555555555555444444444
                 7777777777444444477777777777777777777777777777777777777777777777777777688854777745555555555555444444444
                  777777774444447777777777777777777777777777777777777777777777777777777688844777745555555555555544444444
                   77777774447777777777777777777777777777777777777777777777777777777774888644444456666666555555544444444
                   77777744777777777777777777777777777777777777777777777777777777777774568544555666666666665555544444444
                    7777477777777777777777777777777777777777777777777777777777777777774445544555566666666665555544444444
               777  7777777777777777777777777777777777777777777777777777777777777777774444555554455566666655555554444444
              7777777777777777777777777777777777777777777777777777777777777777777777777444444564555566666655555554444444
            777777777777777777777 77777777777777777777777777777777777777777777777777777777744555555466666655555554444444
            7777777777777777         77777777777777777777777777777777777777777777777777777774455565688886655555555544444
