77744777777777777777777444444444444477777777777777                                      7777777    455555555555544444444
777777777777777777777774444444444444777777777777777                                    77777777    455555555555444444444
777777777777777777777774444444444444477777777777777                                    77777777    455555555555544444444
7777777777777777777777744444444444444777777777777777                                   77777777    455555555555444444444
77777777777777777777777444444444444447777777777777777                                  77777777    455555555555444444444
7777777777777777777777744444444444444477777777777777777                                77777777    455555555555444444444
 7777777777777777777774444444444444444777777777777777777                              777777777    455555555554444444444
 7777777777777777777774444444444444444777777777777777777                      77      777777777    455555555544444444444
  777777777777777777777444444444444444777777777777777777               777 7777777   7777777777    555555555544444444444
   777777777777777777774444444444444447777777777777777777           777777777777777777777777777   7555555555544444444444
   777777777777777777774444444444444447777777777777777777          7777777777777777777777777777  77555555555544444444444
    77777777777777777774444444444444444777777777777777777777      777777777777777777774477777777777555555555444444444444
    777777777777777777774444444444444447777777           7454                       488888665477774555555555544444444444
     77777777777777777774444444444444477 77              745557       77777777777774888888888886546566555555444444444444
      7777777777777777774444444444444477 7               7455554      57    77777748888888888888888666554555444444444444
      7777777777777777774444444444444477 7              465655555     77777777777768888864566888888888554555444444444444
       777777777777777777444444444444477 7              5855655556555555547744444588888884444444456665444455444444444444
       777777777777777777444444444444477 7              7865655555555555565444444888888886444444456555555554444444444444
        77777777777777777444444444444477 7                54566555445555555654445888888886444444456555555554444444444444
         7777777777777777744444444444777777               54566665544555554568666888888886444444456555555554444444444444
         77777777777777777444444444447777 7                7566886665555544588888888888885444444466555555554444444444444
          7777777777777777774444444447777 7                   7468886555444688888888888884744444466555555555444444444444
           777777777777777774444444447777 7                     76865555554688888888888886544774466555555555444444444444
           777777777777777774444444447777 7                      457     77746888888888888888647765555555555444444444444
            77777777777777744444444447777 7                                   768888888888888886565555555555444444444444
            77777777777777774444444447777 7                                     4888888888888888886556555555544444444444
             7777777777777774444444447777                                         45555556888888888856655555544444444444
              777777777777774444444447777777                                              745688888865655555554444444444
              777777777777774444444447777777777777777                                        588888655555555554444444444
               77777777777774444444447777777777777777777777777                       77777746888886555555555555444444444
                77777777777444444444444477777777777777777777777                    7777777788888855555555555555444444444
                7777777777744444444444447777777777777777777777777777777777 777777777777777688886745555555555555444444444
                 7777777777444444444477777777777777777777777777777777777777777777777777775888857745555555555555444444444
                 7777777777444444477777777777777777777777777777777777777777777777777777758886777745555555555555544444444
                  777777774444447777777777777777777777777777777777777777777777777777777756884777745566655555555544444444
                   77777744444777777777777777777777777777777777777777777777777777777774445654444556666666655555554444444
                   77777444777777777777777777777777777777777777777777777777777777777774544554555666666666665555555444444
                    7777477777777777777777777777777777777777777777777777777777777777777444445565566666666665555554444444
               777  7774777777777777777777777777777777777777777777777777777777777777777777444565465566666665555555444444
              777777 777777777777777777777777777777777777777777777777777777777777777777774444555565566666655555555444444
            777777777777777777777777777777777777777777777777777777777777777777777777777777444555565466666655555555544444
            77777777777777777        77777777777777777777777777777777777777777777777777777744455566688886665555555554444
