777447777777777777777777444444444447777777777777                                          77777    455555555555555554444
7777777777777777777777774444444444447777777777777                                        777777    455555555555555554444
77777777777777777777777744444444444477777777777777                                       777777    455555555555555444444
77777777777777777777777744444444444477777777777777                                       777777    455555555555555544444
777777777777777777777777444444444444777777777777777                                      777777    455555555555555544444
7777777777777777777777744444444444444777777777777777                                    7777777    455555555555554554444
 777777777777777777777744444444444444777777777777777                                    7777777    455555555555555445444
 7777777777777777777777444444444444447777777777777777                                   7777777    455555555555555444444
  7777777777777777777777444444444444477777777777777777           7777777                7777777    555555555555554444444
   7777777777777777777774444444444444777777777777777777        7777777777777777         777777     555555555555554444444
   77777777777777777777444444444444444777777777777777777   7   777777777777777777     77777777     555555555555544444444
    777777777777777777774444444444444477777774447777777777777 7777777777777777777777 7777777777   7555555555555444444444
    777777777777777777774444444444444477777777445555           777777777777                   77777555555555554444444444
     77777777777777777774444444444444477    7455456654         777777777777777777777777777777777746555555555554444444444
      7777777777777777774444444444444477 7   4655556664        777777754777   777777777777777777746665554555554444444444
      7777777777777777774444444444444477 7    46655566655555557774777747777774444444555445555666668686554555544444444444
       777777777777777777444444444444477 7     5655555555555555555444444456688888888888888888888888888544555554444444444
       777777777777777777444444444444477 7     4566655444555554568886556888888888888888888888888668666555555554444444444
        77777777777777777744444444444777 7      766866554555544588888888888888888888655555555547756555555555544444444444
         7777777777777777744444444444777 7        7588886555544688888888888888888854444474777777756555555555444444444444
         7777777777777777774444444444777  7        788886665555688888888888888654444777774777777756555555555444444444444
          777777777777777777444444447777  7          4867      746888888888867777777777774777777755555555555444444444444
           77777777777777777444444447777  7                       5888888888867 7777777774777777755555555555444444444444
           77777777777777777444444447777  7                        6888888888887    777777777777755555555555544444444444
            77777777777777774444444477777 7                         4688888888887     7777 77777765555555555444444444444
            77777777777777774444444477777                              74688888887            77765555555555544444444444
             7777777777777774444444477777                                 46888886              765555555555554444444444
              77777777777777444444447777777                                 4688885      777   7745555555555444444444444
              77777777777777444444447777777777777                             58888              75555555555544444444444
               77777777777774444444447777777777777777                          68884777777777    75555555555555444444444
                7777777777774444444444447777777777777777   77                  58888777777777    45555555555555444444444
                777777777777444444444447777777777777777777777777777777777      78888677777777    45555555555554444444444
                 7777777777444444444477777777777777777777777777777777777777777775888857777777777745555555555555444444444
                  777777777444444477777777777777777777777777777777777777777777777588884444444777745555555555555444444444
                  777777774444447777777777777777777777777777777777777777777777777748886774444777745555555555555544444444
                   77777774447777777777777777777777777777777777777777777777777777774888647444444456666666555555544444444
                   77777744777777777777777777777777777777777777777777777777777777777488654444555666666666665555544444444
                    7777477777777777777777777777777777777777777777777777777777777777744455544455566666666665555554444444
                    7777777777777777777777777777777777777777777777777777777777777777774444555554465566666655555554444444
               77777 777777777777777777777777777777777777777777777777777777777777777774444444564555566666655555554444444
              777777777777777777    777777777777777777777777777777777777777777777777777777774555565466666655555555444444
              7777777777777            777777777777777777   777777777777777777777777777777777455565688886665555555554444
