77744777777777777777777774444444444777777777777                                           77777    455555555555544444444
777777777777777777777777444444444444777777777777                                         777777    455555555555544444444
7777777777777777777777777444444444447777777777777                                        777777    455555555555544444444
77777777777777777777777744444444444477777777777777                                       777777    455555555555444444444
77777777777777777777777744444444444447777777777777                                      7777777    455555555555444444444
777777777777777777777777444444444444477777777777777                                      777777    455555555555444444444
 77777777777777777777777444444444444477777777777777                                      777777    455555555554444444444
 7777777777777777777777744444444444447777777777777                   77                  777777    455555555554444444444
  77777777777777777777774444444444444777777777777                  777777     7777       77777     555555555544444444444
   7777777777777777777777444444444444777777777777    7            777777777777777777     77777     555555555544444444444
   77777777777777777777774444444444447777777777777               777777777777777777777777777777    555555555544444444444
    7777777777777777777774444444444444777777777774547           77777777777777777777777777777777 77555555555544444444444
    7777777777777777777774444444444444777777    744457             77777777                  777774555555555544444444444
     77777777777777777777444444444444477        45554557          777777777777777777444777777777746555555555544444444444
      7777777777777777777744444444444477 7      755555566         77775477   7777456888888886655456666554555544444444444
      7777777777777777777744444444444777 7       65655556554555547777747777777468888888888888888888886554555544444444444
       777777777777777777774444444444777 7       45565555555555555444444444458888888886688888888888886544555544444444444
        77777777777777777774444444444777 7        7456655444555555565444445688888888854444444444456655555555544444444444
        77777777777777777774444444444777 7        7566665544555554468865468888888888544444477777756555555555444444444444
         7777777777777777777444444447777            75688886555544488888888888888885444444477777756555555555444444444444
         7777777777777777777744444447777               58886655444688888888888888644444444444777756555555555444444444444
          777777777777777777744444447777                4685445555688888888888885777777474744444466555555555444444444444
           77777777777777777744444447777                 47       746888888888888547777774744444466555555555444444444444
           77777777777777777744444447777                             488888888888886477774777777766555555555544444444444
            7777777777777777744444447777                              76888888888888867 77 77777765555555555444444444444
             777777777777777744444447777                                46888888888888857    777765555555555544444444444
             7777777777777777444444477777                                    7758888888867     7765555555555544444444444
              77777777777777744444447777777                                      745688886777777745555555555544444444444
              77777777777777744444447777777777                                       68885       75555555555554444444444
               777777777777774444444777777777777                                    788884777    75555555555555444444444
                77777777777774444444444777777777777777                              588884777    45555555555555444444444
                7777777777774444444444477777777777777777777777777777777            7588884777    45555555555555444444444
                 7777777777744444444777777777777777777777777777777777777777777777777588884777777745555555555555444444444
                  777777777444444777777777777777777777777777777777777777777777777777488884444777745555555555555544444444
                  777777777444477777777777777777777777777777777777777777777777777777768884444777445565655555555554444444
                   77777774447777777777777777777777777777777777777777777777777777777758884444444456666666655555554444444
                   77777744777777777777777777777777777777777777777777777777777777777748885444455666666666665555555444444
                    7777477777777777777777777777777777777777777777777777777777777777774455554555566666666665555555444444
                     777777777777777777777777777777777777777777777777777777777777777774445555564565566666665555555544444
                 777 77777777777777 777777777777777777777777777777777777777777777777777454444555565566666655555555544444
               777777777777777        7777777777777777       77777777777777777777777777777444555565466666655555555544444
              77777777777                                    77777777777777777777777777777744455566688886665555555554444
