7774477777777777777777774444444444477777777777777                                        777777    455555555555555554444
77777777777777777777777444444444444477777777777777                                      7777777    455555555555555554444
77777777777777777777777744444444444477777777777777                                      7777777    455555555555555544444
777777777777777777777774444444444444477777777777777                                     7777777    455555555555555544444
7777777777777777777777744444444444444777777777777777                                    7777777    455555555555555544444
77777777777777777777777444444444444447777777777777777                                  77777777    455555555555555554444
 77777777777777777777744444444444444477777777777777777                 777           7777777777    455555555555555445444
 7777777777777777777777444444444444444777777777777777777             777777       7777777777777    455555555555555444444
  777777777777777777777444444444444444777777777777777777            7777777777  777777777777777    555555555555554444444
   777777777777777777777444444444444447777777777777777777        777777777777777777777777777777    555555555555554444444
   777777777777777777774444444444444447777777777777777777777     777777777777777777777777777777   7555555555555544444444
    77777777777777777777444444444444447777777777777744477777    77777777777777777777777777777777777555555555555444444444
    77777777777777777777444444444444444777777      7445544          777777777             777777774555555555554444444444
     77777777777777777774444444444444477 77        74545665        77747777777777777566555554477746555555555554444444444
      7777777777777777774444444444444477 7         755555666       77754777777777468888888888886556666554555544444444444
      7777777777777777774444444444444447 7          56555566477774777744777777758888888888888888888886554555544444444444
       777777777777777777444444444444477 7          75655556655555554444444445888888886455666866668886544555554444444444
       777777777777777777444444444444477 7          74565554555555555654444468888888864444477777756555555555544444444444
        77777777777777777744444444444777 7           7568655444555544688866888888888844444477777756555555555444444444444
         7777777777777777744444444444777 77            46866555555444888888888888888544444444777756555555555444444444444
         77777777777777777444444444447777 7              688865555446888888888888884444444444444456555555555444444444444
          777777777777777777444444444777  7              568864555556888888888888847777774744444466555555555444444444444
           777777777777777744444444447777 7               754      7 468888888888886477774777444466555555555444444444444
           777777777777777774444444447777 7                            4688888888888885777777777466555555555444444444444
            77777777777777744444444477777 7                             768888888888888857 77777765555555555444444444444
            77777777777777744444444477777 7                               56888888888888884   77765555555555544444444444
             7777777777777774444444477777                                    7777568888888867  7765555555555544444444444
              777777777777774444444447777777                                       7456888884 77745555555555444444444444
              77777777777774444444444777777777777777                                   588867    75555555555544444444444
               777777777777744444444477777777777777777     777                        4888857    75555555555544444444444
                7777777777774444444444447777777777777777777777                       76888847    75555555555555444444444
                7777777777774444444444447777777777777777777777777777777777      7777778888877    45555555555554444444444
                 7777777777444444444477777777777777777777777777777777777777777777777776888677777745555555555555444444444
                 7777777777444444477777777777777777777777777777777777777777777777777776888544777745555555555555444444444
                  777777774444447777777777777777777777777777777777777777777777777777776888444777745555555555555544444444
                   77777774447777777777777777777777777777777777777777777777777777777776888444444456666666555555544444444
                   77777744777777777777777777777777777777777777777777777777777777777775688444555666666666665555544444444
                    7777477777777777777777777777777777777777777777777777777777777777774445544555566666666665555554444444
                77  7777777777777777777777777777777777777777777777777777777777777777774444555564465566666655555554444444
               77777 777777777777777777777777777777777777777777777777777777777777777774444444564555566666655555554444444
            777777777777777777777  7777777777777777777777777777777777777777777777777777777744555555466666655555554444444
            7777777777777777         77777777777777777777777777777777777777777777777777777774455565688886655555555544444
