777447777777777777777777444444444447777777777777                                          77777    455555555555555554444
7777777777777777777777774444444444447777777777777                                         77777    455555555555555444444
7777777777777777777777777444444444447777777777777                                        777777    455555555555554444444
77777777777777777777777744444444444477777777777777                                       777777    455555555555554444444
77777777777777777777777744444444444447777777777777                                      7777777    455555555555544444444
777777777777777777777774444444444444477777777777777                                     7777777    455555555555544444444
 77777777777777777777774444444444444477777777777777                                     7777777    455555555555544444444
 7777777777777777777777444444444444447777777777777 7                                    7777777    555555555555544444444
  777777777777777777777744444444444447777777777777                 777777     77       77777777    555555555555444444444
   7777777777777777777774444444444444777777777777    7            77777777777777777 7   777777     555555555555544444444
   7777777777777777777774444444444444477777777777               7777777777777777777777777777777    555555555554444444444
    77777777777777777777444444444444447777777777444777          7777777777777777777777777777777  77555555555554444444444
    7777777777777777777774444444444444777777   74445557           7777777777                7777774555555555544444444444
     77777777777777777777444444444444477       7455456647        7777747777777777777777777777777746655555555554444444444
      7777777777777777777444444444444477 7      465555666        777775477   7777745666556665555446666554555544444444444
      7777777777777777777444444444444777 7       56555566655555547777747777777456888888888888888888886554555544444444444
       777777777777777777744444444444777 7       75655555555555565544444444468888888888888888888888886544555554444444444
        77777777777777777774444444444777 7        4566555444555555565444456888888888864445555554456665555555554444444444
        77777777777777777774444444444777 7         466865544555544588865688888888888544444777777756555555555544444444444
         7777777777777777777444444447777             4588865555444888888888888888864444444477777756555555555444444444444
         7777777777777777777444444447777               88886655445888888888888888544444444447777756555555555444444444444
          777777777777777777744444447777                5867774445888888888888867777777774744477756555555555544444444444
           77777777777777777744444447777                           46888888888864777777774777777766555555555454444444444
           77777777777777777744444447777                             68888888888864 777774777777766555555555544444444444
            7777777777777777744444447777                              68888888888885   777777777765555555555454444444444
            77777777777777777444444477777                              468888888888867      7777765555555555544444444444
             7777777777777777444444477777                                  775888888884        7765555555555554444444444
              77777777777777744444447777777                                    468888885 7777  7745555555555554444444444
              777777777777777444444477777777777                                  7588886         75555555555554444444444
               7777777777777444444447777777777777777                               4888677777    75555555555555444444444
                777777777777444444444447777777777777777                            5888677777    45555555555555444444444
                77777777777744444444444777777777777777777777777777777777           6888877777    45555555555555544444444
                 7777777777744444444477777777777777777777777777777777777777777777776888847777777745555555555555444444444
                  777777777444444477777777777777777777777777777777777777777777777774888844444777745555555555555544444444
                  777777774444477777777777777777777777777777777777777777777777777777688844444777445665655555555544444444
                   77777774447777777777777777777777777777777777777777777777777777777488854444444456666666655555554444444
                   77777744777777777777777777777777777777777777777777777777777777777768864444555666666666665555554444444
                    7777477777777777777777777777777777777777777777777777777777777777758884444555566666666665555555444444
                     777777777777777777777777777777777777777777777777777777777777777774455555564565566666655555555544444
               77777 777777777777777777777777777777777777777777777777777777777777777774445554564555566666655555555544444
               7777777777777777       777777777777777777     77777777777777777777777777454444555565466666655555555544444
              777777777777              7777777777777        77777777777777777777777777777774455566688886665555555554444
