77744777777777777777777774444444444777777777                                               7777    455555555555544444444
7777777777777777777777774444444444477777777777                                            77777    455555555555444444444
777777777777777777777777744444444444777777777777                                         777777    455555555555544444444
7777777777777777777777774444444444447777777777777                                        777777    455555555555444444444
7777777777777777777777774444444444447777777777777                                        777777    455555555555444444444
77777777777777777777777744444444444477777777777777                                      7777777    455555555555444444444
 7777777777777777777777744444444444477777777777777                                      7777777    455555555554444444444
 7777777777777777777777744444444444447777777777777                                       777777    455555555544444444444
  77777777777777777777774444444444444777777777777                                        77777     555555555544444444444
   7777777777777777777774444444444444777777777777               777 7777777              77777     555555555544444444444
   7777777777777777777744444444444444777777777777               7777777777777           777777     555555555544444444444
    7777777777777777777744444444444447777777744477 77      7   7777777777777777        77777777  77555555555444444444444
    777777777777777777774444444444444777777 744454              777777777                    777774555555555544444444444
     77777777777777777774444444444444777    74554557           777777777777777   777777777777777746555555555544444444444
      7777777777777777774444444444444777 7   465555555          7777 75477       777444744444447746565554555544444444444
      7777777777777777774444444444444477 7    65655556555555554777777747777745668888888888888888888886554555544444444444
       777777777777777777444444444444777 7    55565555445555555554444444456888888888888888888888888886544555544444444444
        77777777777777777744444444444777 7     4456655544455554458665555888888888888865556666655566665555555544444444444
        77777777777777777774444444444777 7      556666665555557468888888888888888886444444777777756555555555444444444444
         7777777777777777774444444444777         46888888655544488888888888888888644444444777777756555555555444444444444
         7777777777777777777444444447777  7        774888666555588888888888888654444477444777777756555555555444444444444
          777777777777777777444444447777  7            58677777745888888888886777777777774777777756555555555444444444444
           77777777777777777444444447777  7            74         768888888888647777777774777777755555555555444444444444
           77777777777777777744444447777  7                        76888888888884  7777774777777765555555555544444444444
            77777777777777774444444477777 7                          5688888888885   77777 77777765555555555444444444444
            77777777777777774444444477777 7                             74588888886           77765555555555544444444444
             7777777777777774444444477777                                   58888886           7765555555555554444444444
              77777777777777744444447777777                                   4688884    7777  7745555555555554444444444
              7777777777777744444444777777777777                                68885           745555555555554444444444
               77777777777774444444477777777777777777                           4888677777777    45555555555555444444444
                7777777777774444444444477777777777777777   77                   7888857777777   745555555555555544444444
                7777777777774444444444477777777777777777777777777777777777      76888877777777  745555555555555544444444
                 7777777777444444444477777777777777777777777777777777777777777777588885777777777745555555555555544444444
                  777777777444444477777777777777777777777777777777777777777777777758886444444777745555555555555544444444
                  777777774444447777777777777777777777777777777777777777777777777776888474444477445655655555555554444444
                   77777774447777777777777777777777777777777777777777777777777777774688644444444556666666655555555444444
                   77777744777777777777777777777777777777777777777777777777777777777488854444455666666666665555555444444
                    7777477777777777777777777777777777777777777777777777777777777777744455554555566666666665555555444444
                    7777777777777777777777777777777777777777777777777777777777777777774445555564565566666665555555544444
               7 777 777777777777777777777777777777777777777777777777777777777777777774454444555565566666665555555554444
               7777777777777777     777777777777777777777777777777777777777777777777777777444555565466666665555555554444
              777777777777             777777777777777 77  7777777777777777777777777777777744455566688886665555555555444
