77744777777777777777777744444444444777777777777                                          777777    455555555555444444444
7777777777777777777777774444444444447777777777777                                        777777    455555555555444444444
77777777777777777777777744444444444477777777777777                                      7777777    455555555555444444444
777777777777777777777777444444444444777777777777777                                     7777777    455555555555444444444
7777777777777777777777774444444444444777777777777777                                    7777777    455555555554444444444
77777777777777777777777444444444444447777777777777777                                  77777777    455555555544444444444
 77777777777777777777744444444444444477777777777777777                                  7777777    455555555544444444444
 777777777777777777777744444444444444777777777777777777             777                  777777    455555555544444444444
  777777777777777777777444444444444447777777777777777777          7777777     7777       77777     555555555544444444444
   77777777777777777777444444444444444777777777777777777         777777777777777777     7777777    555555555444444444444
   777777777777777777774444444444444447777777777777777777 77     777777777777777777777777777777   7555555555444444444444
    77777777777777777777444444444444447777777777777777777777   777777777777777777777777777777777777555555555444444444444
    77777777777777777777444444444444447777777  744547              7777777           77      777777555555555444444444444
     77777777777777777774444444444444477 77     4454547           777777777777777745688866665547746555555554444444444444
      7777777777777777774444444444444477 7      455555657          7775477  77775688888888888888666666554455444444444444
      7777777777777777774444444444444477 7       56555566577774447777747777774688888888688888888888886554454444444444444
       777777777777777777444444444444477 7       55655555555555556447444444458888888884445556665668885444454444444444444
       777777777777777777444444444444477 7        5566555445555555565544444688888888844474777777756555555554444444444444
        7777777777777777774444444444447777         456865554455554456888668888888888544444777777756555555554444444444444
         7777777777777777744444444444777777        458686666555554458888888888888885444444447777756555555544444444444444
         77777777777777777744444444447777 7          4666888655544468888888888888844444444744477756555555554444444444444
          7777777777777777774444444447777 7             7688666555568888888888888577777774744444466555555544444444444444
           777777777777777774444444447777 7               684    7774688888888888885477774777744465555555554444444444444
           777777777777777744444444447777 7                           76888888888888864777 77777765555555554444444444444
            77777777777777744444444447777 7                             68888888888888867   7777765555555554444444444444
            77777777777777744444444447777 7                              74566668888888885    77755555555554444444444444
             7777777777777744444444477777                                        4688888885      65555555555444444444444
              777777777777744444444447777777                                        74888857    745555555555444444444444
              777777777777744444444447777777777777777                                788887      75555555555544444444444
               77777777777744444444447777777777777777777777777                       58888777    75555555555544444444444
                7777777777744444444444447777777777777777777777                     7768888777    45555555555554444444444
                777777777774444444444447777777777777777777777777777777777   77777777768886777    45555555555554444444444
                 7777777777444444444477777777777777777777777777777777777777777777777768885777777745555555555555444444444
                 7777777777444444477777777777777777777777777777777777777777777777777758885444777745555555555555544444444
                  777777774444447777777777777777777777777777777777777777777777777777748885444777745555555555555554444444
                   77777774444777777777777777777777777777777777777777777777777777777748885444444456666666655555554444444
                   77777744777777777777777777777777777777777777777777777777777777777774556444455666666666665555555444444
                    7777477777777777777777777777777777777777777777777777777777777777774445555555566666666665555555444444
                 7  7777777777777777777777777777777777777777777777777777777777777777774555544565465566666665555555444444
               77777 777777777777777777777777777777777777777777777777777777777777777777444444555565566666655555555444444
             77777777777777777777 77777777777777777777777777777777777777777777777777777777444555565466666655555555544444
             777777777777777         77777777777777777777777777777777777777777777777777777744455566688886665555555554444
