77744777777777777777777774444444444777777777777                                           77777    455555555555554444444
7777777777777777777777774444444444447777777777777                                        777777    455555555555554444444
7777777777777777777777777444444444447777777777777                                        777777    455555555555554444444
77777777777777777777777744444444444477777777777777                                       777777    455555555555544444444
777777777777777777777777444444444444477777777777777                                     7777777    455555555555444444444
7777777777777777777777774444444444444777777777777777                                    7777777    455555555555444444444
 777777777777777777777774444444444444777777777777777                                    7777777    455555555555544444444
 777777777777777777777774444444444444777777777777777                                   77777777    455555555555444444444
  77777777777777777777774444444444444777777777777777                         7777     777777777    555555555554444444444
   7777777777777777777777444444444444777777777777777 7                    777777777777777777777   7555555555554444444444
   77777777777777777777774444444444444777777777777777               777777777777777777777777777  77555555555544444444444
    7777777777777777777774444444444444777777777777777              77777777777777777777777777777777555555555544444444444
    7777777777777777777774444444444444777777              7444                77    755555447777774555555555544444444444
     77777777777777777777744444444444477                  774457      77777777777777688888888865446566555555544444444444
      7777777777777777777444444444444777 7                74554557    57     7777776888888888888888666554555544444444444
      7777777777777777777744444444444777 7                655555564   77777777777758888886688888888888554555544444444444
       777777777777777777744444444444777 7                65565556654445554744444488888884445555568686544555544444444444
        77777777777777777774444444444777 7                 5565555555555555544444688888886444444456655555555544444444444
        77777777777777777777444444444777 7                 7456655544555555566544888888888444444456655555555444444444444
         7777777777777777777444444447777                    456665544455555456866888888888444444466655555555444444444444
         7777777777777777777744444447777                      4568665555554458888888888888444444466655555555444444444444
          777777777777777777744444447777                        76888655544468888888888888744444466655555555444444444444
           77777777777777777744444447777  7                      5885455554488888888888886477744466655555555444444444444
           77777777777777777744444447777                          47     77 45888888888888886547766655555555544444444444
            77777777777777777444444477777                                      58888888888888886465665555555444444444444
            77777777777777777444444477777                                       7688888888888888886566555555544444444444
             7777777777777777444444477777                                         46888888888888888866655555554444444444
              77777777777777744444447777777                                          77777468888888886665555554444444444
              7777777777777744444444777777777777                                             456888886655555554444444444
               7777777777777744444444777777777777777                                        7468888866655555555444444444
                777777777777444444444447777777777777777                              77777776888888656555555555444444444
                777777777777444444444447777777777777777777777777777777777          7777777768888865555555555555444444444
                 7777777777744444444477777777777777777777777777777777777777777777777777777688886445555555555555444444444
                  777777777444444477777777777777777777777777777777777777777777777777777746888647745555555555555444444444
                  777777777444477777777777777777777777777777777777777777777777777777777758886477745566655555555544444444
                   77777774447777777777777777777777777777777777777777777777777777777777445664444456666866655555554444444
                   77777744777777777777777777777777777777777777777777777777777777777774444554455666666666665555544444444
                    7777477777777777777777777777777777777777777777777777777777777777777444455555566666666665555554444444
                    7777777777777777777777777777777777777777777777777777777777777777777777444564465566666655555554444444
               77777 777777777777777777777777777777777777777777777777777777777777777777777774555555566666655555555444444
              777777777777777777     77777777777777777777   777777777777777777777777777777774555565466666655555555544444
              7777777777777            77777777777777       777777777777777777777777777777777455565688886665555555554444
