777447777777777777777777444444444447777777777777                                         777777    455555555555555554444
7777777777777777777777774444444444447777777777777                                        777777    455555555555555544444
77777777777777777777777744444444444477777777777777                                      7777777    455555555555555444444
77777777777777777777777744444444444477777777777777                                      7777777    455555555555555444444
777777777777777777777777444444444444477777777777777                                     7777777    455555555555554444444
7777777777777777777777744444444444444777777777777777                                    7777777    455555555555554444444
 777777777777777777777444444444444444777777777777777                                    7777777    455555555555554444444
 7777777777777777777777444444444444447777777777777777                                   7777777    455555555555554444444
  7777777777777777777777444444444444477777777777777777            7777777               7777777    555555555555544444444
   7777777777777777777774444444444444777777777777777777          777777777777777        777777     555555555555544444444
   77777777777777777777444444444444444777777777777777777        777777777777777777     7777777     555555555555444444444
    77777777777777777777444444444444447777777774447777777777   77777777777777777777        777    7555555555554444444444
    7777777777777777777744444444444444777777  74455447           777777777                      777555555555554444444444
     77777777777777777774444444444444477 7    445445664         7777777777777777    777777777777746555555555554444444444
      7777777777777777774444444444444477 7     555555666        777777577           777777777777746555554555544444444444
      7777777777777777774444444444444477 7     7565556665445554777777747777777777744555555566666668886554555544444444444
       777777777777777777444444444444477 7      465555555555555544444444447456688888888888888888888886544555544444444444
       777777777777777777444444444444477 7      445655544555555556544444456888888888888888888888666666555555544444444444
        77777777777777777744444444444777 7       75686554455554446888656888888888888864445555447756555555555444444444444
         7777777777777777774444444444777 7         458886555554458888888888888888885444444777777756555555555444444444444
         7777777777777777774444444444777  7          8888665554488888888888888888544444444777777756555555555444444444444
          777777777777777777444444444777  7          7588574445568888888888888647777777774777777756555555555444444444444
           77777777777777777444444447777  7            4         7588888888888477777777774777777755555555555444444444444
           777777777777777774444444477777 7                        58888888888867  7777774777777765555555555444444444444
            77777777777777774444444477777 7                         58888888888884   77777777777765555555555444444444444
            77777777777777774444444477777 7                          75888888888885        77777765555555555544444444444
             7777777777777774444444477777                                74588888886           7765555555555544444444444
              777777777777774444444477777777                                758888886    7777   745555555555444444444444
              777777777777774444444477777777777777                            74688884           75555555555544444444444
               77777777777774444444447777777777777777                           7688847777777    75555555555545444444444
                7777777777774444444444447777777777777777   777                   588857777777    45555555555554444444444
                777777777777444444444447777777777777777777777777777777777        588887777777    45555555555554444444444
                 7777777777444444444477777777777777777777777777777777777777777777588885777777777745555555555555444444444
                  777777777444444477777777777777777777777777777777777777777777777768888444444777745555555555555444444444
                  777777774444447777777777777777777777777777777777777777777777777748888474444777745555555555555544444444
                   77777774447777777777777777777777777777777777777777777777777777774888574444444456666666555555544444444
                   77777744777777777777777777777777777777777777777777777777777777777588844444555666666666665555544444444
                    7777477777777777777777777777777777777777777777777777777777777777768864444455566666666665555554444444
                 7  7777777777777777777777777777777777777777777777777777777777777777744455555564465566666655555554444444
               77777 777777777777777777777777777777777777777777777777777777777777777774444554564555566666655555554444444
              777777777777777777   7777777777777777777777777777777777777777777777777777454444555565466666655555555544444
              7777777777777           7777777777777777777   777777777777777777777777777777777455565688886655555555554444
