7774477777777777777777774444444444477777777777777                                        777777    455555555555555554444
77777777777777777777777744444444444477777777777777                                       777777    455555555555555554444
77777777777777777777777744444444444477777777777777                                      7777777    455555555555555444444
777777777777777777777777444444444444777777777777777                                     7777777    455555555555555544444
7777777777777777777777774444444444444777777777777777                                    7777777    455555555555555544444
77777777777777777777777444444444444447777777777777777                                   7777777    455555555555554554444
 77777777777777777777777444444444444477777777777777777                                  7777777    455555555555555445444
 777777777777777777777774444444444444777777777777777777                           7777777777777    455555555555555444444
  777777777777777777777744444444444444777777777777777777                       7777777777777777    555555555555554444444
   77777777777777777777744444444444444777777777777777777                     777777777777777777  77555555555555544444444
   77777777777777777777744444444444444777777777777777777            7777777777777777777777777777777555555555555544444444
    77777777777777777777444444444444447777777777777777777          77777777777777777777777777777774555555555555444444444
    77777777777777777777444444444444447777777                 7444              7777745555544777774555555555555444444444
     77777777777777777777444444444444477 77                   74455   7    777777777688888888865446566555555554444444444
      7777777777777777774444444444444477 7                   74455557 57      777774888888888888888666554555554444444444
      7777777777777777777444444444444477 7                   656555565    7777777775888888688888888888554555554444444444
       777777777777777777444444444444477 7                   56565555647444447744446888888545555568686544555554444444444
       777777777777777777744444444444477 7                    5565555666555555444448888888854444456655555555554444444444
        77777777777777777744444444444777 7                    4456555555555555555448888888884444456655555555544444444444
         7777777777777777774444444444777 7                    7465865544455555556868888888885444466655555555544444444444
         7777777777777777777444444444777  7                     75686654455554458888888888886444466655555555544444444444
          777777777777777777444444444777  7                        68886555544468888888888886444466655555555544444444444
           777777777777777774444444447777 7                        68865555544488888888888886774466665555555554444444444
           777777777777777774444444477777 7                         54     777756888888888888865465665555555554444444444
            77777777777777774444444477777 7                                      768888888888888885566555555554444444444
            77777777777777774444444447777 7                                        4888888888888888666655555554444444444
             7777777777777777444444477777                                           758888888888888886665555555444444444
              777777777777774444444447777777                                           744445888888888865555555444444444
              77777777777777444444444777777777777777                                          46888888886555554444444444
               777777777777744444444477777777777777777      7                          777      468888886555555444444444
                77777777777744444444444477777777777777777  777                       7777777  58888888665555555544444444
                7777777777774444444444477777777777777777777777777777777777      7  7777777777688888866655555555544444444
                 7777777777444444444477777777777777777777777777777777777777777777777777777746888886655555555555444444444
                 7777777777444444477777777777777777777777777777777777777777777777777777777588888545555555555555444444444
                  777777774444447777777777777777777777777777777777777777777777777777777775888857745566655555555544444444
                   77777774447777777777777777777777777777777777777777777777777777777777444586444456666866655555544444444
                   77777744777777777777777777777777777777777777777777777777777777777774444564555666666666665555544444444
                    7777477777777777777777777777777777777777777777777777777777777777777444455555566666666665555554444444
                77  7777777777777777777777777777777777777777777777777777777777777777777777445564465566666655555554444444
              7777777777777777777777777777777777777777777777777777777777777777777777777777744555555566666655555554444444
            777777777777777777777777777777777777777777777777777777777777777777777777777777774555555466666655555554444444
            7777777777777777          77777777777777777777 7777777777777777777777777777777777455565688886665555555544444
