77744777777777777777777774444444444777777777                                               7777    455555555555544444444
7777777777777777777777774444444444477777777777                                            77777    455555555555444444444
777777777777777777777777744444444444777777777777                                         777777    455555555555544444444
7777777777777777777777774444444444447777777777777                                        777777    455555555555444444444
7777777777777777777777774444444444447777777777777                                        777777    455555555554444444444
77777777777777777777777444444444444477777777777777                                      7777777    455555555555444444444
 77777777777777777777777444444444444777777777777777                                     7777777    455555555554444444444
 7777777777777777777777744444444444477777777777777                                       777777    455555555544444444444
  777777777777777777777744444444444447777777777777                                       77777     555555555544444444444
   77777777777777777777744444444444447777777777777              7777777777               77777     555555555544444444444
   7777777777777777777774444444444444777777777777              77777777777777            77777     555555555544444444444
    777777777777777777774444444444444777777445447777      777 77777777777777777        77777777   7555555555444444444444
    7777777777777777777744444444444447777777445557             77777777777                    77777555555555444444444444
     77777777777777777774444444444444777    45555547          7777777777777777777777777777777777746555555555544444444444
      7777777777777777774444444444444777 7  7565555667    777  77777 754777    77777777777777777746565554555544444444444
      7777777777777777774444444444444777 7   456554555555555554777777747777445666666888688888888888886554555444444444444
       777777777777777777444444444444777 7   765665554445555555555444444568888888888888888888888888886544555544444444444
        77777777777777777744444444444777 7    74566655444555544488888668888888888888886668888866566665555555444444444444
        77777777777777777774444444444777 7     4566666665555544588888888888888888886544474477777756555555555444444444444
         7777777777777777774444444444777        746688888655444688888888888888886544444444777777756555555555444444444444
         7777777777777777777444444447777  7        775686665555688888888888886547777777774777777756555555555444444444444
          777777777777777777444444447777  7           7887      75888888888867777777777774777777755555555555444444444444
           77777777777777777444444447777  7            7          4888888888867 7777777774777777755555555555444444444444
           77777777777777777744444447777  7                        5888888888887    777777777777755555555555544444444444
            77777777777777774444444477777 7                         7468888888887    77777 77777755555555555444444444444
            77777777777777774444444477777 7                              58888886             77765555555555544444444444
             7777777777777777444444477777                                 76888885             7765555555555554444444444
              77777777777777744444447777777                                 7688887      777  77745555555555544444444444
              7777777777777744444444777777777777                              68885             775555555555554444444444
               77777777777774444444477777777777777777                         788887777777777    45555555555555444444444
                77777777777744444444444477777777777777777  77                  68886777777777   745555555555555444444444
                777777777777444444444444777777777777777777777777777777777      488885777777777  745555555555555544444444
                 7777777777444444444477777777777777777777777777777777777777777776888857777777777745555555555555544444444
                  777777777444444477777777777777777777777777777777777777777777777588884444444777745555555555555544444444
                  777777774444447777777777777777777777777777777777777777777777777758886774444477445555655555555554444444
                   77777774447777777777777777777777777777777777777777777777777777775888644444444456666666655555554444444
                   77777744777777777777777777777777777777777777777777777777777777777486654444455666666666665555555444444
                    7777477777777777777777777777777777777777777777777777777777777777744455555555566666666665555555444444
                     777777777777777777777777777777777777777777777777777777777777777774445554564565566666665555555544444
                7777 777777777777777777777777777777777777777777777777777777777777777777444444555565566666665555555554444
               7777777777777777      77777777777777777777777777777777777777777777777777777444555565466666665555555554444
              777777777777             77777777777777777 7 7777777777777777777777777777777744455566688886665555555555444
