77744777777777777777777444444444444477777777777777                                      7777777    455555555555555554444
777777777777777777777774444444444444777777777777777                                     7777777    455555555555555554444
777777777777777777777774444444444444477777777777777                                    77777777    455555555555555544444
7777777777777777777777444444444444444777777777777777                                   77777777    455555555555555544444
77777777777777777777777444444444444447777777777777777                                  77777777    455555555555555544444
7777777777777777777777744444444444444477777777777777777                                77777777    455555555555555554444
 7777777777777777777774444444444444444777777777777777777                              777777777    455555555555555445444
 77777777777777777777744444444444444447777777777777777777                   7 77777  7777777777    455555555555555444444
  7777777777777777777774444444444444447777777777777777777            77777777777777777777777777    555555555555554444444
   7777777777777777777744444444444444477777777777777777777         7777777777777777777777777777   7555555555555554444444
   777777777777777777774444444444444444777777777777777777777      777777777777777777777777777777 77555555555555544444444
    7777777777777777777444444444444444477777777777777777777777    777777777777777777777777777777777555555555555444444444
    777777777777777777744444444444444447777777            77454             777777  755555447777774555555555554444444444
     77777777777777777744444444444444447 777              7754554     77777777777777688888888865446566555555554444444444
      7777777777777777744444444444444447 7                755545647   54777777777776888888888888888666554555554444444444
      7777777777777777744444444444444447 7                456555566   77777777777768888866688888888888554555554444444444
       777777777777777774444444444444447 7                75565556655555554444444588888864445555568686444555554444444444
       777777777777777777444444444444447 7                 7565555555555556544444888888885444444456555555555554444444444
        7777777777777777744444444444447777                 7466655445555555566545888888886444444456555555555544444444444
         7777777777777777444444444444477777                 766865544455554468888888888886444444466555555555544444444444
         7777777777777777744444444444777777                   7588865555544588888888888886444444466555555555444444444444
          7777777777777777444444444447777 7                    788886654444688888888888885744444466555555555444444444444
           777777777777777744444444447777 7                     46867744454688888888888885477744466655555555444444444444
           777777777777777444444444447777 7                      77         75888888888888886477765555555555544444444444
            77777777777777744444444447777 7                                   768888888888888885765565555555554444444444
            77777777777777744444444447777 7                                     5888888888888888865556555555554444444444
             7777777777777444444444447777                                        756888888888888888656655555554444444444
              777777777777744444444447777777                                             7568888888865655555555444444444
              7777777777777444444444477777777777777777      77                              7468888865655555554444444444
               777777777777444444444477777777777777777777777777                     777777777688888655555555555444444444
                77777777777444444444444477777777777777777777777                   77777777748888886555555555555544444444
                7777777777744444444444447777777777777777777777777777777777777 777777777777788888855555555555555544444444
                 7777777777444444444447777777777777777777777777777777777777777777777777777688886745555555555555444444444
                 7777777774444444447777777777777777777777777777777777777777777777777777775888847745555555555555444444444
                  777777774444447777777777777777777777777777777777777777777777777777777758886477745566655555555544444444
                   77777744444777777777777777777777777777777777777777777777777777777777446884444456666866655555544444444
                   77777444777777777777777777777777777777777777777777777777777777777774444554555666666666665555544444444
                    7777477777777777777777777777777777777777777777777777777777777777774444454555566666666665555554444444
              7777  7774777777777777777777777777777777777777777777777777777777777777777744445564465566666655555554444444
           7 77777777777777777777777777777777777777777777777777777777777777777777777777777744565555566666655555554444444
          77777777777777777777777777777777777777777777777777777777777777777777777777777777744555555466666655555554444444
          777777777777777777777     777777777777777777777777777777777777777777777777777777774455565688886655555555544444
