777447777777777777777777744444444447777777777777                                         777777    455555555555444444444
7777777777777777777777774444444444447777777777777                                        777777    455555555555444444444
77777777777777777777777774444444444477777777777777                                       777777    455555555555544444444
77777777777777777777777744444444444477777777777777                                       777777    455555555555444444444
777777777777777777777777444444444444777777777777777                                     7777777    455555555554444444444
7777777777777777777777774444444444444777777777777777                                    7777777    455555555555444444444
 777777777777777777777744444444444444777777777777777                                   77777777    455555555554444444444
 777777777777777777777774444444444444777777777777777                                   77777777    455555555544444444444
  77777777777777777777774444444444444777777777777777                         77777   7777777777    555555555544444444444
   7777777777777777777777444444444444777777777777777 7                    777777777777777777777   7555555555544444444444
   7777777777777777777777444444444444777777777777777                777777777777777777777777777  77555555555544444444444
    7777777777777777777774444444444447777777777777777      7       77777777777777777777777777777777555555555444444444444
    7777777777777777777774444444444447777777              7454                      768866654477774555555555544444444444
     77777777777777777777444444444444777                  775557      77 77777777774888888888886546566555555544444444444
      7777777777777777777444444444444777 7                7455554     57     7777776888888888888888666554555544444444444
      7777777777777777777744444444444777 7               765655555    7  77777777758888885668888888886554555444444444444
       777777777777777777744444444444777 7               486565555554444444744444488888885444444456685444455444444444444
        77777777777777777774444444444777 7                68565445555555555544444588888888444444456655555555444444444444
        77777777777777777777444444444777 7                 5456655544555555565444688888888544444456555555555444444444444
         7777777777777777777444444447777                   4546665554455555556655688888888544444466655555555444444444444
         7777777777777777777744444447777                    756668666555554448888888888888544444466655555555444444444444
          777777777777777777744444447777                       746888655554458888888888888444444466655555555444444444444
           77777777777777777744444447777  7                      7686666555468888888888888554744466655555555444444444444
           77777777777777777744444447777  7                       764    77745688888888888888654766665555555544444444444
            7777777777777777744444447777                                       46888888888888888665566555555444444444444
            77777777777777774444444477777                                        468888888888888888656655555544444444444
             7777777777777777444444477777                                          4688888888888888886655555554444444444
              77777777777777744444447777777                                               745888888888665555554444444444
              7777777777777744444444777777777777                                              76888888655555554444444444
               77777777777774444444477777777777777777                                       7588888866655555555444444444
                777777777777444444444447777777777777777    7                         77777776888888655555555555444444444
                7777777777774444444444477777777777777777777777777777777            7777777768888865555555555555444444444
                 7777777777744444444477777777777777777777777777777777777777777777777777774688885745555555555555444444444
                  777777777444444477777777777777777777777777777777777777777777777777777746888677745555555555555544444444
                  777777777444447777777777777777777777777777777777777777777777777777777746885777745566655555555544444444
                   77777774447777777777777777777777777777777777777777777777777777777774444554444456666666655555554444444
                   77777744777777777777777777777777777777777777777777777777777777777774444454455666666666665555555444444
                    7777477777777777777777777777777777777777777777777777777777777777777744445565566666666665555555444444
                    7777777777777777777777777777777777777777777777777777777777777777777777444555465566666665555555444444
               77777 777777777777777777777777777777777777777777777777777777777777777777777744555555566666655555555444444
              77777777777777777      7777777777777777777   7777777777777777777777777777777744555565466666655555555544444
              777777777777             77777777777777      7777777777777777777777777777777774455566688886665555555554444
