77744777777777777777777744444444444777777777777                                          777777    455555555555444444444
7777777777777777777777774444444444447777777777777                                        777777    455555555555444444444
77777777777777777777777744444444444477777777777777                                       777777    455555555555444444444
777777777777777777777777444444444444777777777777777                                     7777777    455555555555444444444
7777777777777777777777774444444444444777777777777777                                    7777777    455555555554444444444
7777777777777777777777744444444444444777777777777777                                    7777777    455555555544444444444
 77777777777777777777744444444444444477777777777777777                                  7777777    455555555544444444444
 777777777777777777777744444444444444777777777777777777            7                     77777     455555555544444444444
  77777777777777777777744444444444444777777777777777777          77777777    7           77777     555555555544444444444
   77777777777777777777744444444444444777777777777777777        777777777777777          77777     555555555444444444444
   777777777777777777774444444444444447777777777777777777 77    7777777777777777       7777777     555555555444444444444
    777777777777777777774444444444444477777777444777777777777  777777777777777777      77777777  77555555555444444444444
    77777777777777777777444444444444447777777744554              77777777                   7777774555555555444444444444
     77777777777777777774444444444444477 7   74555557           7777777777777777   7444777777777746555555554444444444444
      7777777777777777774444444444444477 7    465555554          7777754777    74568888888886655456555554455444444444444
      7777777777777777774444444444444477 7     5665555654444554777777747777745688888888888888888888886554454444444444444
       777777777777777777444444444444477 7     4566555555555555554444444445688888888886668888888888886544454444444444444
       777777777777777777444444444444477 7      456665544455555555665544568888888888647774444447756555555554444444444444
        77777777777777777444444444444477 7      745666655555555445888888888888888885444474777777756555555554444444444444
         7777777777777777744444444444777 77      75868888855555446888888888888888644444444777777756555555544444444444444
         77777777777777777444444444447777 7        755688866555448888888888888864744444474777777756555555554444444444444
          7777777777777777774444444447777 7            46865555556888888888888847777777774777777755555555544444444444444
           777777777777777774444444447777 7             667       756888888888886477777774777777755555555554444444444444
           777777777777777744444444447777 7                         7688888888888864 77777777777765555555554444444444444
            77777777777777744444444447777 7                           5888888888888867   7  7777765555555554444444444444
            77777777777777744444444477777 7                             744456888888884         755555555554444444444444
             7777777777777744444444477777                                     7568888884         65555555555444444444444
              777777777777774444444447777777                                     7468885 777    745555555555444444444444
              77777777777777444444444777777777777777                               68884         75555555555444444444444
               7777777777777444444444777777777777777777 777777                    76888577777    75555555555544444444444
                7777777777744444444444447777777777777777777777                    78888677777    45555555555554444444444
                777777777777444444444444777777777777777777777777777777777    7    76888877777    45555555555554444444444
                 7777777777444444444477777777777777777777777777777777777777777777775888877777777745555555555555444444444
                 7777777777444444477777777777777777777777777777777777777777777777777688844444777745555555555555544444444
                  777777774444447777777777777777777777777777777777777777777777777777488854444777745555555555555554444444
                   77777774447777777777777777777777777777777777777777777777777777777768864444444456666666655555554444444
                   77777744777777777777777777777777777777777777777777777777777777777745565444455666666666665555555444444
                    7777477777777777777777777777777777777777777777777777777777777777774445555555566666666665555555444444
                 7  7777777777777777777777777777777777777777777777777777777777777777774455554564465566666665555555444444
               77777 777777777777777777777777777777777777777777777777777777777777777777444444555565566666655555555444444
             77777777777777777777  7777777777777777777777777777777777777777777777777777777444555565466666655555555544444
             77777777777777          77777777777777777777777777777777777777777777777777777744455566688886665555555554444
