77744777777777777777777444444444444477777777777777                                      7777777    455555555555555554444
777777777777777777777774444444444444777777777777777                                     7777777    455555555555555544444
777777777777777777777774444444444444477777777777777                                     7777777    455555555555555444444
7777777777777777777777744444444444444777777777777777                                   77777777    455555555555555444444
77777777777777777777774444444444444447777777777777777                                  77777777    455555555555554444444
7777777777777777777777744444444444444477777777777777777                                77777777    455555555555554444444
 7777777777777777777774444444444444444777777777777777777                              777777777    455555555555554444444
 7777777777777777777774444444444444444777777777777777777                        777777777777777    455555555555544444444
  7777777777777777777774444444444444447777777777777777777                    777777777777777777    555555555555544444444
   777777777777777777774444444444444447777777777777777777            77777777777777777777777777  77555555555555544444444
   7777777777777777777744444444444444447777777777777777777         77777777777777777777777777777 77555555555554444444444
    77777777777777777774444444444444444777777777777777777777      777777777777777777777777777777777555555555554444444444
    777777777777777777774444444444444447777777              74447             777777755555544777774555555555544444444444
     77777777777777777774444444444444447 777                7745557   7  77777777777688888888865446566555555554444444444
      7777777777777777774444444444444477 7                  44554564  57     7777775888888888888888666554555544444444444
      7777777777777777774444444444444447 7                  655555665 7 777777777748888886688888888888554555544444444444
       777777777777777777444444444444447 7                  556655566555555544444458888886445555568686544555544444444444
       777777777777777777444444444444477 7                   45655556655555565444468888888544444456655555555544444444444
        7777777777777777744444444444447777                   44565554455555555654468888888844444456655555555444444444444
         7777777777777777444444444444477777                   7658655444555544588688888888854444466655555555444444444444
         77777777777777777444444444447777 7                     76886655555544688888888888854444466655555555444444444444
          7777777777777777444444444447777 7                       688865545445888888888888844444466655555555444444444444
           777777777777777744444444447777 7                       588544555546888888888888847774466655555555444444444444
           777777777777777744444444447777 7                        7       777568888888888888647765555555555544444444444
            77777777777777744444444447777 7                                     4688888888888888565565555555554444444444
            77777777777777744444444447777 7                                      768888888888888886656655555544444444444
             7777777777777744444444447777                                          4688888888888888866655555554444444444
              777777777777744444444447777777                                          7774456888888888665555554444444444
              7777777777777444444444477777777777777777      77                               756888888865555554444444444
               777777777777444444444477777777777777777777777777                       77777   75888888665555555444444444
                77777777777444444444444477777777777777777777777                    7777777777688888866655555555444444444
                77777777777444444444444477777777777777777777777777777777777777777777777777776888888655555555555444444444
                 7777777777444444444447777777777777777777777777777777777777777777777777777468888655555555555555444444444
                 7777777774444444447777777777777777777777777777777777777777777777777777774888864745555555555555444444444
                  777777774444447777777777777777777777777777777777777777777777777777777746888577745566655555555544444444
                   77777774444777777777777777777777777777777777777777777777777777777774444684444456666866655555544444444
                   77777744777777777777777777777777777777777777777777777777777777777774444554555666666666665555544444444
                    7777477777777777777777777777777777777777777777777777777777777777777444455555566666666665555554444444
               777  7774777777777777777777777777777777777777777777777777777777777777777777444565465566666665555554444444
             77777777777777777777777777777777777777777777777777777777777777777777777777777744555555566666655555554444444
          7 777777777777777777777777777777777777777777777777777777777777777777777777777777744555565466666655555555444444
          7777777777777777777       777777777777777777777777777777777777777777777777777777774455565688886665555555554444
