777447777777777777777777744444444447777777777777                                           7777    455555555555555554444
7777777777777777777777774444444444447777777777777                                        777777    455555555555555544444
7777777777777777777777777444444444447777777777777                                        777777    455555555555555444444
77777777777777777777777774444444444477777777777777                                       777777    455555555555555544444
77777777777777777777777744444444444477777777777777                                      7777777    455555555555554444444
777777777777777777777777444444444444477777777777777                                     7777777    455555555555554444444
 77777777777777777777777444444444444477777777777777                                    77777777    455555555555554444444
 77777777777777777777777444444444444477777777777777                                 77777777777    455555555555555444444
  777777777777777777777744444444444447777777777777                    777777      7777777777777    555555555555544444444
   77777777777777777777774444444444447777777777777   7              7777777777 7777777777777777    555555555555544444444
   77777777777777777777774444444444447777777777777                 7777777777777777777777777777  77555555555555544444444
    7777777777777777777774444444444447777777777777   77           777777777777777777777777777777777555555555555444444444
    7777777777777777777777444444444447777777         7454               7777         77   777777774555555555554444444444
     77777777777777777777744444444444777             7444564         777777777777774688866665544746566555555554444444444
      7777777777777777777744444444444777 7           445455654       754777777777758888888888888868666554555554444444444
      7777777777777777777744444444444777 7           7555556667   777747777777775888888888888888888886554555555444444444
       777777777777777777774444444444777 7            555555666555555544444444468888888545556665668886544555554444444444
        77777777777777777774444444444777 7             56555555555555555444444688888886444444477756655555555554444444444
        77777777777777777777444444447777 7             45665544455555556654446888888885444444447756555555555544444444444
         7777777777777777777744444447777                7666655445555445888868888888884444444444456555555555544444444444
         7777777777777777777744444447777                  75888655554448888888888888864444444444466555555555444444444444
          777777777777777777744444447777                   5888666554458888888888888847444744444466555555555544444444444
           77777777777777777744444447777                    766477744446888888888888647774774444466555555555544444444444
           77777777777777777744444447777                                758888888888888644777774466555555555554444444444
            7777777777777777744444447777                                  7688888888888886477777766555555555554444444444
            77777777777777777444444477777                                  768888888888888864777765555555555544444444444
             7777777777777777444444477777                                    7566666888888888677765555555555554444444444
              77777777777777744444447777777                                         746888888887745555555555554444444444
              777777777777777444444477777777777                                         74688884 75555555555554444444444
               777777777777774444444777777777777777                                     7488885  75555555555555444444444
                77777777777744444444444777777777777777                                77488888   75555555555555444444444
                77777777777744444444444777777777777777777777777777777777             777888884   45555555555555544444444
                 7777777777744444444477777777777777777777777777777777777777777777777777488886777745555555555555444444444
                  777777777444444477777777777777777777777777777777777777777777777777777588884777745555555555555444444444
                  777777777444477777777777777777777777777777777777777777777777777777777688854777745565555555555544444444
                   77777774447777777777777777777777777777777777777777777777777777777777888644444456666666555555554444444
                   77777744777777777777777777777777777777777777777777777777777777777774688544555666666666665555544444444
                    7777477777777777777777777777777777777777777777777777777777777777774445544455566666666665555554444444
                     777777777777777777777777777777777777777777777777777777777777777774444555564455566666655555554444444
               77777 777777777777777777777777777777777777777777777777777777777777777777444444564555566666655555554444444
               7777777777777777       777777777777777777 7   7 777777777777777777777777777774555555466666655555555444444
              777777777777             77  77 777777          7777777777777777777777777777777455565688866655555555554444
