7774477777777777777777774444444444477777777777777                                        777777    455555555555555554444
77777777777777777777777444444444444477777777777777                                      7777777    455555555555555544444
77777777777777777777777444444444444477777777777777                                      7 77777    455555555555555444444
777777777777777777777774444444444444777777777777777                                     7777777    455555555555555544444
7777777777777777777777744444444444444777777777777777                                    7777777    455555555555554444444
77777777777777777777777444444444444447777777777777777                                  77777777    455555555555554444444
 77777777777777777777744444444444444477777777777777777                               7777777777    455555555555554444444
 777777777777777777777744444444444444477777777777777777              777777        777777777777    455555555555555444444
  777777777777777777777444444444444444777777777777777777            777777777     7777777777777    555555555555544444444
   77777777777777777777444444444444444777777777777777777          77777777777777777777777777777    555555555555544444444
   777777777777777777774444444444444447777777777777777777777     777777777777777777777777777777  77555555555555544444444
    77777777777777777777444444444444447777777777777777777777    77777777777777777777777777777777777555555555555444444444
    77777777777777777777444444444444447777777      7745544           777777777       777  777777774555555555554444444444
     77777777777777777774444444444444477 77         74545667        7777777777777775688886666544746555555555554444444444
      7777777777777777774444444444444477 7          455555665       7754777777777588888888888888668666554555544444444444
      7777777777777777774444444444444447 7          76655566677774447744777777758888888688888888888886554555544444444444
       777777777777777774444444444444477 7           4665556665555555444444444688888886444556655568886544555544444444444
       777777777777777777444444444444477 7           7566555555555555565444458888888884444477777756555555555544444444444
        77777777777777777444444444444477 7            466665544555554568886588888888864444447777756555555555444444444444
         7777777777777777744444444444777777            75686655555554488888888888888644444444477756555555555444444444444
         77777777777777777444444444447777 7               68886555544688888888888888444444444444456555555555444444444444
          7777777777777777774444444447777 7               58886555555688888888888884777774744444466555555555444444444444
           777777777777777744444444447777 7                757     7  46888888888888547774777444466555555555444444444444
           777777777777777744444444447777 7                             488888888888886477 77777465555555555444444444444
            77777777777777744444444447777 7                              48888888888888864  7777765555555555444444444444
            77777777777777744444444447777 7                                56888888888888867  77765555555555544444444444
             7777777777777774444444477777                                     777458888888884  7765555555555544444444444
              777777777777774444444447777777                                        756888888777745555555555444444444444
              777777777777774444444447777777777777777                                   68886    75555555555544444444444
               777777777777744444444477777777777777777  7  777                         588884    75555555555545444444444
                7777777777744444444444447777777777777777777777                        7888867    75555555555555444444444
                7777777777744444444444477777777777777777777777777777777777      7777775888857    45555555555554444444444
                 7777777777444444444477777777777777777777777777777777777777777777777775888847777745555555555555444444444
                 7777777777444444477777777777777777777777777777777777777777777777777775888644777745555555555555444444444
                  777777774444447777777777777777777777777777777777777777777777777777775888444777745565555555555544444444
                   77777774447777777777777777777777777777777777777777777777777777777775888444444456666666555555544444444
                   77777744777777777777777777777777777777777777777777777777777777777775888444555666666666665555544444444
                    7777477777777777777777777777777777777777777777777777777777777777774455544555566666666665555544444444
               777  7777777777777777777777777777777777777777777777777777777777777777774445555564465566666655555554444444
              7777777777777777777777777777777777777777777777777777777777777777777777774454444564555566666655555554444444
            777777777777777777777777777777777777777777777777777777777777777777777777777777444555565466666655555555444444
            7777777777777777         77777777777777777777777777777777777777777777777777777774455565688886665555555544444
