7774477777777777777777774444444444477777777777777                                       7777777    455555555555554444444
77777777777777777777777744444444444477777777777777                                      7777777    455555555555555444444
777777777777777777777774444444444444477777777777777                                    77777777    455555555555554444444
777777777777777777777774444444444444477777777777777                                    77777777    455555555555554444444
7777777777777777777777744444444444444777777777777777                                   77777777    455555555555444444444
777777777777777777777774444444444444477777777777777777                                 77777777    455555555555444444444
 777777777777777777777444444444444444477777777777777777                               777777777    455555555555544444444
 7777777777777777777777444444444444444777777777777777777            777777         777777777777    455555555555444444444
  777777777777777777777444444444444444777777777777777777           7777777      777777777777777    555555555554444444444
   777777777777777777774444444444444447777777777777777777         77777777777777777777777777777    555555555554444444444
   777777777777777777774444444444444447777777777777777777777     777777777777777777777777777777   7555555555544444444444
    77777777777777777774444444444444444777777777777777777777    77777777777777777777777777777777777555555555544444444444
    77777777777777777777444444444444444777777     74557             77777777                7777774555555555544444444444
     77777777777777777744444444444444447 77       7454554          77747777777777774688666665447746555555555544444444444
      7777777777777777774444444444444477 7        755555654         77547777 7777568888888888888666666554555444444444444
      7777777777777777774444444444444477 7         565555665777744477747777777468888888888888888888886554555444444444444
       777777777777777777444444444444477 7         556555566655555554444444445888888886445566666668886444555444444444444
       777777777777777777444444444444477 7          45665554555555555654444468888888864444477777756555555554444444444444
        77777777777777777444444444444477 7          74566655445555544688665888888888844444477777756555555554444444444444
         7777777777777777744444444444777 77          7566866655555444888888888888888544444444777756555555554444444444444
         77777777777777777444444444447777 7            74588886555445888888888888885444444744444456555555554444444444444
          7777777777777777774444444447777 7              768866655556888888888888857777774744444466555555554444444444444
           777777777777777774444444447777 7                567    777458888888888886547774777744466555555554444444444444
           777777777777777744444444447777 7                            7688888888888886477 77777765555555554444444444444
            77777777777777744444444447777 7                              68888888888888864   777765555555554444444444444
            77777777777777774444444477777 7                               468888888888888867  77765555555555444444444444
             7777777777777744444444447777                                        756888888887  7765555555555544444444444
              777777777777774444444447777777                                        745688885  7745555555555444444444444
              777777777777744444444447777777777777777                                  488887    75555555555544444444444
               777777777777744444444477777777777777777  7 7777                        7888857    75555555555544444444444
                77777777777444444444444477777777777777777777777                     775888857    45555555555554444444444
                7777777777744444444444477777777777777777777777777777777777   7777777776888877    45555555555554444444444
                 7777777777444444444477777777777777777777777777777777777777777777777776888677777745555555555555444444444
                 7777777774444444477777777777777777777777777777777777777777777777777776888444777745555555555555444444444
                  777777774444447777777777777777777777777777777777777777777777777777776888444777745565655555555544444444
                   77777744447777777777777777777777777777777777777777777777777777777776888444444456666666655555544444444
                   77777744777777777777777777777777777777777777777777777777777777777775566444455666666666665555544444444
                    7777477777777777777777777777777777777777777777777777777777777777774445554555566666666665555554444444
                 7  7774777777777777777777777777777777777777777777777777777777777777774445555565465566666655555555444444
              777777 777777777777777777777777777777777777777777777777777777777777777777444444555565566666655555555444444
             77777777777777777777777777777777777777777777777777777777777777777777777777777444555565466666655555555544444
            7777777777777777         77777777777777777777777777777777777777777777777777777744455566688886665555555554444
