777447777777777777777777744444444447777777777777                                          77777    755555555555555554444
7777777777777777777777777744444444447777777777777                                        777777    455555555555555554444
7777777777777777777777777444444444447777777777777                                         77777    455555555555555544444
77777777777777777777777774444444444477777777777777                                       777777    455555555555555544444
777777777777777777777777444444444444477777777777777                                      777777    455555555555555544444
7777777777777777777777774444444444444777777777777777                                     777777    455555555555555554444
 777777777777777777777774444444444444777777777777777                                    7777777    455555555555555445444
 777777777777777777777774444444444444777777777777777                                   77777777    455555555555555444444
  777777777777777777777774444444444447777777777777777                         777777 7777777777    555555555555554444444
   7777777777777777777777444444444444777777777777777 7                     77777777777777777777  77555555555555554444444
   77777777777777777777774444444444447777777777777777               7777777777777777777777777777777555555555555545444444
    77777777777777777777744444444444447777777777777777             77777777777777777777777777777777555555555555545444444
    7777777777777777777777444444444444777777               7444               77777 756555544777774555555555555544444444
     77777777777777777777444444444444477                   744557     7  77777777774688888888865446566555555555544444444
      7777777777777777777744444444444777 7                 4455564    57     7777776888888888888888666554555554444444444
      7777777777777777777744444444444777 7                556555566   77777777777758888866688888888886554555555444444444
       777777777777777777774444444444777 7                46565555654444554744444488888884445555568686544555555444444444
       777777777777777777774444444444777 7                 4565555666555555544444688888886444444456665555555554444444444
        77777777777777777777444444444777 7                 4456655545555555566444688888888444444456655555555554444444444
         7777777777777777777444444447777                    766666544455555456866888888888444444466655555555554444444444
         7777777777777777777744444447777                      4588665455554458888888888888444444466655555555544444444444
          777777777777777777744444447777                        58886555544468888888888888744444466655555555544444444444
           77777777777777777744444447777  7                     46885555555488888888888888777744466655555555554444444444
           77777777777777777744444447777  7                      74      77 45688888888888885477766655555555554444444444
            7777777777777777744444447777                                       46888888888888864765665555555554444444444
            77777777777777777444444477777                                       7688888888888888665566555555554444444444
             7777777777777777444444477777                                         46888888888888888656655555555444444444
              77777777777777744444447777777                                          77774588888888866655555555444444444
              7777777777777774444444777777777777                                            4568888886655555555544444444
               777777777777774444444777777777777777                                           46888886655555555444444444
                777777777777744444444447777777777777777                               7777774888888656555555555544444444
                777777777777444444444447777777777777777777777777777777777            77777758888886555555555555544444444
                 7777777777744444444477777777777777777777777777777777777777777777777777777488888655555555555555444444444
                  777777777444444477777777777777777777777777777777777777777777777777777774888864745555555555555444444444
                  777777777444477777777777777777777777777777777777777777777777777777777748888577745556555555555544444444
                   77777774447777777777777777777777777777777777777777777777777777777777746885444456666666555555544444444
                   77777744777777777777777777777777777777777777777777777777777777777774444654555666666666665555544444444
                    7777477777777777777777777777777777777777777777777777777777777777774444554555566666666665555544444444
                 7  7777777777777777777777777777777777777777777777777777777777777777777744445564455566666655555554444444
               77777 777777777777777777777777777777777777777777777777777777777777777777777744564555566666655555554444444
              77777777777777777      77777777777777777777    77777777777777777777777777777777555555466666655555554444444
              7777777777777             7777777777777         7777777777777777777777777777777455565688866655555555544444
