77744777777777777777777444444444444477777777777777                                      7777777    455555555555555554444
777777777777777777777774444444444444777777777777777                                     7777777    455555555555555554444
777777777777777777777774444444444444477777777777777                                    77777777    455555555555555544444
7777777777777777777777744444444444444777777777777777                                   77777777    455555555555555544444
77777777777777777777777444444444444447777777777777777                                  77777777    455555555555555544444
7777777777777777777777744444444444444477777777777777777                                77777777    455555555555555554444
 7777777777777777777774444444444444444777777777777777777                               77777777    455555555555555445444
 77777777777777777777744444444444444447777777777777777777               77 777777   77777777777    455555555555555444444
  7777777777777777777774444444444444447777777777777777777            7777777777777 777777777777    555555555555554444444
   7777777777777777777744444444444444477777777777777777777         7777777777777777777777777777   7555555555555554444444
   77777777777777777777444444444444444777777777777777777777       77777777777777777777777777777  77555555555555544444444
    777777777777777777744444444444444447777777777777777777477    7777777777777777777777777777777777555555555555444444444
    777777777777777777744444444444444447777777           74457            7777777   745444477777774555555555554444444444
     77777777777777777744444444444444447 77              4454567     777777777777774688888888665446566555555554444444444
      7777777777777777744444444444444447 7               45555564    754777777777748888888888888888666554555554444444444
      7777777777777777744444444444444477 7               555555664   777777777777488888866888888888888554555554444444444
       777777777777777774444444444444447 7               456555566555555544444445888888844445555568886444555554444444444
       777777777777777777444444444444477 7                45655555555555554444448888888854444444456555555555554444444444
        7777777777777777744444444444447777                45665554455555555665568888888854444444456555555555544444444444
         7777777777777777444444444444477777                7668655445555445888888888888854444444456555555555444444444444
         77777777777777777444444444447777 7                  75888655554446888888888888844444444466555555555444444444444
          7777777777777777444444444447777 7                   6888666554458888888888888574744444466555555555444444444444
           777777777777777744444444447777 7                    486477744446888888888888655777744466555555555444444444444
           777777777777777444444444447777 7                                758888888888888864777766555555555544444444444
            77777777777777744444444447777 7                                  4888888888888888647765555555555554444444444
            77777777777777744444444447777 7                                   768888888888888888565555555555544444444444
             7777777777777444444444447777                                       7566666888888888886555555555554444444444
              777777777777744444444447777777                                            75688888888555555555555444444444
              7777777777777444444444477777777777777777      77                              7688886555555555554444444444
               777777777777444444444477777777777777777777777777                      77777748888865555555555555444444444
                77777777777444444444444477777777777777777777777                   77777777488888545555555555555544444444
                777777777774444444444444777777777777777777777777777777777777  777777777777888886745555555555555444444444
                 7777777777444444444477777777777777777777777777777777777777777777777777775888857745555555555555444444444
                 7777777774444444447777777777777777777777777777777777777777777777777777748888577745555555555555444444444
                  777777774444447777777777777777777777777777777777777777777777777777777768885777745556655555555544444444
                   77777744444777777777777777777777777777777777777777777777777777777777468864444456666666655555544444444
                   77777444777777777777777777777777777777777777777777777777777777777774445644555666666666665555544444444
                    7777477777777777777777777777777777777777777777777777777777777777774444554555566666666665555554444444
              7777  7774777777777777777777777777777777777777777777777777777777777777777444445564465566666655555554444444
           7 77777777777777777777777777777777777777777777777777777777777777777777777777777744565555566666655555554444444
          77777777777777777777777777777777777777777777777777777777777777777777777777777777744555555466666655555554444444
          77777777777777777777      777777777777777777777777777777777777777777777777777777774455565688886665555555544444
