777447777777777777777777444444444447777777777777                                         777777    455555555555444444444
7777777777777777777777774444444444447777777777777                                        777777    455555555555444444444
77777777777777777777777744444444444477777777777777                                      7777777    455555555555444444444
777777777777777777777777444444444444777777777777777                                     7777777    455555555555444444444
777777777777777777777777444444444444477777777777777                                     7777777    455555555554444444444
7777777777777777777777744444444444444777777777777777                                    7777777    455555555544444444444
 77777777777777777777744444444444444477777777777777777                                  7777777    455555555544444444444
 777777777777777777777744444444444444777777777777777777             777                  777777    455555555544444444444
  77777777777777777777744444444444444777777777777777777          77777777    777         77777     555555555544444444444
   77777777777777777777444444444444444777777777777777777         7777777777777777       777777     555555555444444444444
   777777777777777777774444444444444447777777777777777777 77    7777777777777777777  7777777777   7555555555444444444444
    777777777777777777774444444444444477777777774777777777777  77777777777777777777  77777777777777555555555444444444444
    77777777777777777777444444444444447777777 774554              77777777                  7777777555555555444444444444
     77777777777777777774444444444444477 7     4455557           7777777777777777774666655554477746555555554444444444444
      7777777777777777774444444444444477 7     755555557          77775477  77775688888888888886556666554455444444444444
      7777777777777777774444444444444477 7      466555566777744477777747777774688888888888888888888886554454444444444444
       777777777777777777444444444444477 7      755655555555555565444444444568888888885445666666668886444454444444444444
       777777777777777777444444444444477 7       45666555445555555565544446888888888644774777777756555555554444444444444
        7777777777777777774444444444447777        4466665544555544468888688888888886444444777777756555555554444444444444
         7777777777777777744444444444777777       7566686665555544488888888888888864444444477777756555555544444444444444
         77777777777777777444444444447777 7         75668888655544588888888888888574444444744777756555555554444444444444
          7777777777777777774444444447777 7             5686655555688888888888885777777774744444756555555544444444444444
           777777777777777774444444447777 7              585       45688888888888864777774777777765555555554444444444444
           777777777777777744444444447777 7                           68888888888888647777 77777765555555554444444444444
            77777777777777744444444447777 7                            58888888888888867    7777765555555554444444444444
            77777777777777744444444447777 7                              4555568888888884       755555555554444444444444
             7777777777777744444444477777                                       4588888885       55555555555444444444444
              777777777777744444444447777777                                        46888577    745555555555444444444444
              777777777777774444444447777777777777777                                68884       75555555555444444444444
               77777777777744444444447777777777777777777777777                      488884777    75555555555544444444444
                77777777777444444444444477777777777777777777777                    7588884777    45555555555554444444444
                777777777777444444444447777777777777777777777777777777777   77777 77588884777    45555555555554444444444
                 7777777777444444444477777777777777777777777777777777777777777777777488884777777745555555555555444444444
                 7777777777444444477777777777777777777777777777777777777777777777777768884444777745555555555555544444444
                  777777774444447777777777777777777777777777777777777777777777777777758884444777745555555555555554444444
                   77777774447777777777777777777777777777777777777777777777777777777748884444444456666666655555554444444
                   77777744777777777777777777777777777777777777777777777777777777777775565444455666666666665555555444444
                    7777477777777777777777777777777777777777777777777777777777777777774445555565566666666665555555444444
                 7  7777777777777777777777777777777777777777777777777777777777777777774455554565465566666665555555444444
               77777 777777777777777777777777777777777777777777777777777777777777777777444444555565566666655555555444444
             77777777777777777777 77777777777777777777777777777777777777777777777777777777444555565466666655555555544444
             777777777777777         77777777777777777777777777777777777777777777777777777744455566688886665555555554444
