7774477777777777777777774444444444477777777777777                                        777777    455555555555544444444
77777777777777777777777744444444444477777777777777                                       777777    455555555555544444444
77777777777777777777777744444444444477777777777777                                      7777777    455555555555544444444
777777777777777777777777444444444444477777777777777                                     7777777    455555555555444444444
7777777777777777777777774444444444444777777777777777                                   77777777    455555555555444444444
77777777777777777777777444444444444447777777777777777                                   7777777    455555555555444444444
 77777777777777777777744444444444444477777777777777777                                  7777777    455555555554444444444
 777777777777777777777744444444444444777777777777777777                                  777777    455555555544444444444
  77777777777777777777774444444444444777777777777777777         7777777777               77777     555555555544444444444
   77777777777777777777744444444444447777777777777777777        77777777777777           77777     555555555544444444444
   777777777777777777774444444444444447777777777777777777777   77777777777777777         77777     555555555444444444444
    777777777777777777744444444444444477777744477777777777777 7777777777777777777       777777    7555555555444444444444
    777777777777777777774444444444444477777774554              77777777777                     7777555555555444444444444
     77777777777777777774444444444444477 7 74455554            777777777777777777777777777777777746555555555444444444444
      7777777777777777774444444444444477 7  765555565          77777 75477        77777777777777746555554455444444444444
      7777777777777777774444444444444477 7   566555566555555547777777747777774445556666666666666668886554554444444444444
       777777777777777777444444444444477 7   455655555555555555544444444445688888888888888888888888886544455444444444444
       777777777777777777444444444444477 7    75566555444555544566665445888888888888888888888886666665555554444444444444
        77777777777777777444444444444777 7     4566665555555544588888888888888888888544444444477756555555554444444444444
         7777777777777777744444444444777 77     466888886555544688888888888888888654444474777777756555555554444444444444
         7777777777777777774444444444777  7       7768888665555688888888888888654444444774777777756555555554444444444444
          777777777777777777444444444777  7          4686777744456888888888885777777777774777777755555555544444444444444
           77777777777777777444444444777  7           44          588888888888677777777774777777755555555554444444444444
           777777777777777774444444447777 7                        68888888888884   777777777777755555555554444444444444
            77777777777777774444444477777 7                         46888888888885    7777  7777755555555554444444444444
            77777777777777744444444477777 7                             74588888885            7755555555554444444444444
             7777777777777774444444477777                                  758888885            765555555555444444444444
              777777777777774444444477777777                                  4688887    777    745555555555444444444444
              7777777777777744444444477777777777777                             68887            75555555555444444444444
               777777777777744444444477777777777777777     77                   5888577777777    75555555555544444444444
                7777777777774444444444447777777777777777777777                  4888847777777    45555555555544444444444
                7777777777774444444444477777777777777777777777777777777777      7888867777777    45555555555554444444444
                 7777777777444444444477777777777777777777777777777777777777777777488885777777777745555555555554444444444
                 7777777777444444477777777777777777777777777777777777777777777777748886444444777745555555555555444444444
                  777777774444447777777777777777777777777777777777777777777777777775888574444777445555555555555544444444
                   77777774447777777777777777777777777777777777777777777777777777777588854444444456666666655555554444444
                   77777744777777777777777777777777777777777777777777777777777777777766554444455666666666665555554444444
                    7777477777777777777777777777777777777777777777777777777777777777774444555555566666666665555555444444
                    7777777777777777777777777777777777777777777777777777777777777777774455544564565566666655555555444444
               77777 777777777777777777777777777777777777777777777777777777777777777777444444554565566666655555555444444
              7777777777777777777   777777777777777777777777777777777777777777777777777777444555565466666655555555544444
              7777777777777           7777777777777777777777777777777777777777777777777777774455566688886665555555554444
