77744777777777777777777744444444444777777777777                                           77777    455555555555555554444
7777777777777777777777774444444444447777777777777                                         77777    455555555555555544444
77777777777777777777777774444444444477777777777777                                       777777    455555555555555444444
77777777777777777777777744444444444477777777777777                                       777777    455555555555555444444
777777777777777777777777444444444444477777777777777                                      777777    455555555555554444444
7777777777777777777777744444444444444777777777777777                                     777777    455555555555554444444
 777777777777777777777744444444444444777777777777777                                    7777777    455555555555554444444
 777777777777777777777774444444444444777777777777777                                    7777777    455555555555544444444
  777777777777777777777744444444444447777777777777777             7777                  7777777    555555555555544444444
   7777777777777777777774444444444444777777777777777777         7777777777777           777777     555555555555544444444
   7777777777777777777744444444444444477777777777777777        77777777777777777        777777     555555555555444444444
    77777777777777777777444444444444447777777444777777777 777  777777777777777777          777    7555555555554444444444
    7777777777777777777744444444444444777777774454447           7777777777                       77555555555554444444444
     77777777777777777774444444444444477     445456667         7777777777777777    7777777777777746555555555554444444444
      7777777777777777774444444444444477 7   7655556665         777777577           777777777777746555554555544444444444
      7777777777777777774444444444444477 7    4665556664445554 777777777777777777777777774445555568686554555544444444444
       777777777777777777444444444444477 7     5655555555555555444444444444556688888888888888888888888544555544444444444
       777777777777777777444444444444477 7     4566555445555555566554444688888888888888888888888888666555555554444444444
        77777777777777777774444444444777 7      466865544555544488888888888888888888886566666554756555555555544444444444
         7777777777777777774444444444777 7        4688865555544588888888888888888885444444777777756555555555444444444444
         7777777777777777777444444444777  7        788886655555688888888888888886544474474777777756555555555444444444444
          777777777777777777444444447777  7         45885774444588888888888886477777777774777777755555555555444444444444
           77777777777777777444444447777  7           47         4688888888884777777777774777777755555555555444444444444
           77777777777777777744444447777  7                       7888888888885   77777774777777755555555555544444444444
            77777777777777774444444477777 7                        4888888888885     77777 77777765555555555444444444444
            77777777777777774444444477777                            755688888886            777765555555555544444444444
             7777777777777774444444477777                                768888885             7765555555555544444444444
              77777777777777444444447777777                                46888884      777   7745555555555444444444444
              7777777777777744444444777777777777                             488886             775555555555544444444444
               77777777777774444444477777777777777777                         788887777777777    75555555555545444444444
                7777777777774444444444447777777777777777   77                  58885777777777    45555555555555444444444
                777777777777444444444447777777777777777777777777777777777      48888477777777    45555555555554444444444
                 7777777777444444444477777777777777777777777777777777777777777776888847777777777745555555555555444444444
                  777777777444444477777777777777777777777777777777777777777777774888867444444777745555555555555444444444
                  777777774444447777777777777777777777777777777777777777777777777488884774444777745555555555555544444444
                   77777774447777777777777777777777777777777777777777777777777777748888474444444456666666555555544444444
                   77777744777777777777777777777777777777777777777777777777777777774888647444555666666666665555544444444
                    7777477777777777777777777777777777777777777777777777777777777777486654444455566666666665555554444444
                     777777777777777777777777777777777777777777777777777777777777777744445555564555566666655555554444444
               77777 777777777777777777777777777777777777777777777777777777777777777774445544564555566666655555554444444
              777777777777777777    777777777777777777777777777777777777777777777777777444444555555466666655555555544444
              7777777777777           77777777777777777777  777777777777777777777777777777777455565688886655555555554444
