7774477777777777777777777444444444477777777777                                             7777    455555555555555554444
777777777777777777777777774444444447777777777777                                          77777    455555555555555554444
7777777777777777777777777444444444447777777777777                                         77777    455555555555555544444
7777777777777777777777777744444444447777777777777                                         77777    455555555555555544444
7777777777777777777777774444444444447777777777777                                        777777    455555555555555544444
77777777777777777777777744444444444477777777777777                                       777777    455555555555555554444
 7777777777777777777777744444444444447777777777777                                      7777777    455555555555555445444
 7777777777777777777777744444444444447777777777777                     7           777777777777    555555555555555444444
  77777777777777777777774444444444444777777777777                    77777       77777777777777    555555555555554444444
   7777777777777777777777444444444444777777777777                  77777777777 7777777777777777    555555555555554444444
   7777777777777777777777444444444444777777777777                777777777777777777777777777777   7555555555555544444444
    777777777777777777777444444444444777777777777 77447          7777777777777777777777777777777777555555555555544444444
    777777777777777777777744444444444777777        744544            7777777              777777774555555555555544444444
     77777777777777777777744444444444777           44545657         7747777777777777566555554477746666555555555454444444
      7777777777777777777744444444444777 7         455555664        77547777 7777468888888888886666666554555554444444444
      7777777777777777777744444444444777 7         456555566444444477747777777458888888888888888888886554555555444444444
       777777777777777777774444444444777 7          45555566655555554444444445888888886556668866688886544555555444444444
        77777777777777777774444444444777 7          44565554555555555665444468888888864444477777756655555555554444444444
        77777777777777777777444444447777 7           4666654444555544688865888888888844444444777756555555555544444444444
         7777777777777777777744444447777               46866555555444888888888888888544444444477756555555555544444444444
         7777777777777777777744444447777                7888865555446888888888888885444444444444456555555555544444444444
          777777777777777777744444447777                 568855555556888888888888847774444744444466555555555544444444444
           77777777777777777744444447777                  74       77568888888888864777774744444466555555555554444444444
           77777777777777777744444447777                               4888888888888857774777744466555555555554444444444
            7777777777777777744444447777                                488888888888888577 77777766555555555555444444444
            7777777777777777744444447777                                 758888888888888857  777765555555555554444444444
             7777777777777777444444477777                                   7777468888888867 777765555555555555444444444
              77777777777777744444447777777                                        4568888867777745555555555555544444444
              777777777777777444444477777777777                                       768886     75555555555555544444444
               777777777777774444444777777777777777                                   4888847    75555555555555544444444
                77777777777744444444444777777777777777                               76888877    45555555555555544444444
                777777777777444444444447777777777777777777777777777777777           778888877    45555555555555544444444
                 7777777777744444444777777777777777777777777777777777777777777777777748888677777745555555555555544444444
                  777777777444444477777777777777777777777777777777777777777777777777776888544777745555555555555544444444
                  777777777444477777777777777777777777777777777777777777777777777777776888444777745565555555555544444444
                   77777774447777777777777777777777777777777777777777777777777777777776888444444456666666555555554444444
                   77777744777777777777777777777777777777777777777777777777777777777776888444555666666666665555544444444
                    7777477777777777777777777777777777777777777777777777777777777777774455544555566666666665555554444444
                     777777777777777777777777777777777777777777777777777777777777777774444555554565566666655555554444444
                7777 777777777777777777777777777777777777777777777777777777777777777774454444564555566666655555554444444
               7777777777777777      7777777777777777777      7777777777777777777777777777744555555466666655555555544444
              777777777777              77 77 7777777         7777777777777777777777777777777455565688886665555555554444
