7774477777777777777777744444444444447777777777777                                        777777    455555555555554444444
77777777777777777777777444444444444477777777777777                                      7777777    455555555555554444444
777777777777777777777774444444444444477777777777777                                    77777777    455555555555544444444
7777777777777777777777744444444444444777777777777777                                   77777777    455555555555544444444
77777777777777777777777444444444444447777777777777777                                 777777777    455555555555444444444
7777777777777777777777744444444444444477777777777777777                               777777777    455555555555444444444
 7777777777777777777774444444444444444777777777777777777                             7777777777    455555555554444444444
 7777777777777777777774444444444444444777777777777777777              77777 777     77777777777    455555555554444444444
  777777777777777777777444444444444444777777777777777777             77777777777   777777777777    555555555544444444444
   777777777777777777774444444444444447777777777777777777          7777777777777777777777777777    555555555554444444444
   777777777777777777774444444444444444777777777777777777         77777777777777777777777777777  77555555555544444444444
    77777777777777777774444444444444444777777777777777777777     7777777777777777777777777777777777555555555544444444444
    777777777777777777774444444444444447777777         74557             777777     756655547777774555555555444444444444
     77777777777777777744444444444444447 77            745454        777777777777775888888888865446555555555444444444444
      7777777777777777774444444444444447 7             75555554      754777777777758888888888888888666554455444444444444
      7777777777777777744444444444444447 7             556555566   77747777777777688888855688888888886554455444444444444
       777777777777777774444444444444477 7             46565555666555555444444446888888844444444566685444455444444444444
       777777777777777777444444444444477 7              4556555555555555555444458888888844444444756555555554444444444444
        7777777777777777744444444444447777              7446665544455555556654488888888844444444456555555554444444444444
         7777777777777777444444444444477777              756686655455554446888888888888644444444456555555554444444444444
         7777777777777777744444444444777777                7456888555554458888888888888544444444466555555554444444444444
          7777777777777777744444444447777 7                   6888665544488888888888888774744444466555555554444444444444
           777777777777777744444444447777 7                    585777744468888888888888655777744466555555555444444444444
           777777777777777744444444447777 7                                468888888888888864777765555555555444444444444
            77777777777777744444444447777 7                                  6888888888888888657765555555555444444444444
            77777777777777744444444447777 7                                   468888888888888888565555555555544444444444
             7777777777777744444444447777                                       7455445688888888885555555555544444444444
              777777777777744444444447777777                                             7456888885555555555544444444444
              7777777777777444444444477777777777777777     77                              76888855555555555554444444444
               77777777777744444444447777777777777777777777777                       77777588888475555555555555444444444
                77777777777444444444444477777777777777777777777                   77777774888885 45555555555555444444444
                7777777777744444444444447777777777777777777777777777777777777777777777777688885  45555555555555444444444
                 7777777777444444444477777777777777777777777777777777777777777777777777748888577745555555555555444444444
                 7777777774444444447777777777777777777777777777777777777777777777777777768885777745555555555555444444444
                  777777774444447777777777777777777777777777777777777777777777777777777488864777745565655555555544444444
                   77777744444777777777777777777777777777777777777777777777777777777777456844444456666666655555554444444
                   77777444777777777777777777777777777777777777777777777777777777777774445554555666666666665555554444444
                    7777477777777777777777777777777777777777777777777777777777777777774555455555566666666665555554444444
               777  7777777777777777777777777777777777777777777777777777777777777777777774444565465566666665555555444444
              7777777777777777777777777777777777777777777777777777777777777777777777777774444555565566666655555555444444
            777777777777777777777777777777777777777777777777777777777777777777777777777777444555565466666655555555544444
            7777777777777777        777777777777777777777777777777777777777777777777777777744455566688886665555555554444
