77744777777777777777777444444444444777777777777777                                      7777777    455555555555555554444
77777777777777777777777444444444444477777777777777                                      7777777    455555555555555544444
777777777777777777777774444444444444477777777777777                                     7777777    455555555555555444444
7777777777777777777777744444444444444777777777777777                                    7777777    455555555555555444444
7777777777777777777777744444444444444777777777777777                                    7777777    455555555555554444444
777777777777777777777774444444444444477777777777777777                                 77777777    455555555555544444444
 777777777777777777777444444444444444477777777777777777                               777777777    455555555555554444444
 7777777777777777777777444444444444444777777777777777777                         77777777777777    455555555555544444444
  777777777777777777777444444444444444777777777777777777                       7777777777777777    555555555555544444444
   777777777777777777777444444444444447777777777777777777                  77777777777777777777  77555555555555544444444
   777777777777777777774444444444444447777777777777777777          77777777777777777777777777777777555555555554444444444
    7777777777777777777744444444444444477777777777777777777       777777777777777777777777777777774555555555554444444444
    777777777777777777774444444444444447777777                7447              7777756666554777774555555555544444444444
     77777777777777777774444444444444477 77                   444557  7    777777777688888888886546566555555554444444444
      7777777777777777774444444444444477 7                   74455564757       77774888888888888888666554555544444444444
      7777777777777777774444444444444477 7                   656555566    7777777775888888688888888888554555544444444444
       777777777777777777444444444444477 7                   56565555654444444444446888888644555568686544555544444444444
       777777777777777777444444444444477 7                    5565555666555555544446888888864444456655555555544444444444
        77777777777777777744444444444777 7                    4456655545555555565446888888885444456655555555444444444444
         7777777777777777744444444444477 77                    756666544455555456868888888886444466655555555444444444444
         77777777777777777444444444447777 7                      4588655455554448888888888886444466655555555444444444444
          7777777777777777774444444447777 7                        58886555554458888888888886444466655555555444444444444
           777777777777777774444444447777 7                        48865555554468888888888886474466665555555544444444444
           777777777777777744444444447777 7                         74      77746888888888888865465565555555544444444444
            77777777777777744444444447777 7                                      758888888888888886566555555554444444444
            77777777777777744444444447777 7                                        7688888888888888866655555544444444444
             7777777777777774444444447777                                            56888888888888888665555554444444444
              777777777777774444444447777777                                           777444688888888866555555444444444
              777777777777774444444447777777777777777                                         75688888886555554444444444
               777777777777744444444477777777777777777777  777                         7       7468888886555555444444444
                77777777777444444444444477777777777777777777777                      77777777 58888888665555555444444444
                7777777777744444444444447777777777777777777777777777777777     77777777777777688888866655555555444444444
                 7777777777444444444477777777777777777777777777777777777777777777777777777758888886555555555555444444444
                 7777777777444444477777777777777777777777777777777777777777777777777777774688886445555555555555444444444
                  777777774444447777777777777777777777777777777777777777777777777777777745888647745566655555555544444444
                   77777774444777777777777777777777777777777777777777777777777777777777444565444456666866655555544444444
                   77777744777777777777777777777777777777777777777777777777777777777777444454555666666666665555544444444
                    7777477777777777777777777777777777777777777777777777777777777777777744446555566666666665555554444444
               777  7774777777777777777777777777777777777777777777777777777777777777777777444565465566666665555554444444
              7777777777777777777777777777777777777777777777777777777777777777777777777777744555555566666655555554444444
            777777777777777777777777777777777777777777777777777777777777777777777777777777744555565466666655555555444444
          7 77777777777777777        77777777777777777777777777777777777777777777777777777777455565688886665555555554444
