777447777777777777777777744444444447777777777                                             77777    455555555555544444444
777777777777777777777777774444444447777777777777                                         777777    455555555555544444444
7777777777777777777777777444444444447777777777777                                        777777    455555555555544444444
7777777777777777777777777444444444447777777777777                                       7777777    455555555555444444444
77777777777777777777777774444444444477777777777777                                      7777777    455555555555444444444
777777777777777777777777444444444444777777777777777                                     7777777    455555555555444444444
 77777777777777777777777444444444444477777777777777                                    77777777    455555555554444444444
 7777777777777777777777744444444444447777777777777                                7777777777777    455555555554444444444
  77777777777777777777777444444444444777777777777                    77777      77777777777777     555555555554444444444
   7777777777777777777777444444444444777777777777                   7777777  7 7777777777777777    555555555554444444444
   7777777777777777777777444444444444777777777777                 77777777777777777777777777777   7555555555544444444444
    777777777777777777777444444444444777777777777  7447          7777777777777777777777777777777777555555555544444444444
    777777777777777777777444444444444777777        74454              7777           77      777774555555555544444444444
     77777777777777777777444444444444777           7455457          7777777777777775688888666544746565555555544444444444
      7777777777777777777744444444444777 7          5555554          754777   777568888888888888868666554555544444444444
      7777777777777777777744444444444777 7         76565555677  77777747777777746888888888888888888886554555444444444444
       777777777777777777774444444444777 7         785554455565555555744444444688888886444556655568886544555444444444444
        77777777777777777774444444444777 7          46566555445555555554444446888888885444477777756655555555444444444444
        77777777777777777774444444444777 7           7456655544455555566544468888888864444444777756555555555444444444444
         7777777777777777777444444447777              568686665555554468888688888888854444444447756555555555444444444444
         7777777777777777777744444447777                4568888555547488888888888888544444444444466555555555444444444444
          777777777777777777744444447777                   5886665544588888888888886777744744444466555555555444444444444
           77777777777777777744444447777  7                 485777444468888888888888547774774444466555555555444444444444
           77777777777777777744444447777  7                  7         7588888888888888644 77774466555555555444444444444
            7777777777777777744444447777                                 76888888888888886477777765555555555444444444444
            77777777777777777444444477777                                  588888888888888885777765555555555544444444444
             7777777777777777444444477777                                    7444445888888888677765555555555544444444444
              77777777777777744444447777777                                          74568888847745555555555544444444444
              777777777777777444444477777777777                                          688867  75555555555554444444444
               777777777777774444444777777777777777                                    7688884   75555555555555444444444
                777777777777744444444447777777777777777                              77488886    45555555555555444444444
                7777777777774444444444477777777777777777777777777777777            7777688884    45555555555555544444444
                 7777777777744444444477777777777777777777777777777777777777777777777777688867777745555555555555444444444
                  777777777444444477777777777777777777777777777777777777777777777777777888844777745555555555555544444444
                  777777774444477777777777777777777777777777777777777777777777777777777888644777745565655555555554444444
                   77777774447777777777777777777777777777777777777777777777777777777775888444444456666666655555554444444
                   77777744777777777777777777777777777777777777777777777777777777777774456544455666666666665555555444444
                    7777477777777777777777777777777777777777777777777777777777777777774445555555566666666665555555444444
                     777777777777777777777777777777777777777777777777777777777777777774555444564465566666665555555544444
                7777 777777777777777777777777777777777777777777777777777777777777777777777444555565566666655555555544444
               777777777777777        777777777777777777    777777777777777777777777777777744555565466666655555555544444
              77777777777                  77 77777         777777777777777777777777777777774455566688886665555555554444
