77744777777777777777777774444444444777777777777                                           77777    455555555555555554444
7777777777777777777777777744444444477777777777777                                        777777    455555555555555554444
7777777777777777777777777444444444447777777777777                                         77777    455555555555555544444
7777777777777777777777777444444444447777777777777                                        777777    455555555555555544444
77777777777777777777777774444444444477777777777777                                      7777777    455555555555555544444
777777777777777777777777444444444444477777777777777                                     7777777    455555555555555555444
 77777777777777777777777444444444444477777777777777                                   777777777    455555555555555455444
 7777777777777777777777744444444444447777777777777                                  77777777777    555555555555555444444
  77777777777777777777774444444444444777777777777                      7777777     777777777777    555555555555555444444
   7777777777777777777777444444444444777777777777                   777777777777777777777777777    555555555555554444444
   7777777777777777777777744444444444777777777777                  7777777777777777777777777777  77555555555555555444444
    777777777777777777777444444444444777777777777     777         777777777777777777777777777777777555555555555545444444
    7777777777777777777777444444444447777777          745477            777777       77777777777774565555555555554444444
     77777777777777777777744444444444777              7445664        777777777777774688886666544746566555555555554444444
      7777777777777777777744444444444777 7            455456667      754777777777768888888888888668666554555555444444444
      7777777777777777777744444444444777 7            555555665   777777777777775888888888888888888886554555555444444444
       777777777777777777774444444444777 7             56555566655555547444444468888888445556665668886544555555444444444
        77777777777777777774444444447777 7             45655555555555565544444688888886444444477756655555555554444444444
        77777777777777777777444444447777 7             75666554445555555665546888888886444444444756555555555555444444444
         7777777777777777777744444447777                 458665445555445888888888888884444444444456555555555554444444444
         7777777777777777777744444447777                   7888655555446888888888888864444444444466555555555544444444444
          777777777777777777744444447777                   4888666555448888888888888847744744444466555555555554444444444
           77777777777777777744444447777                     557   77445888888888888647774774444466555555555554444444444
           77777777777777777744444447777                                 46888888888888544777774466555555555554444444444
            7777777777777777744444447777                                  7688888888888886777777766555555555554444444444
            7777777777777777744444447777                                    58888888888888864 77765555555555554444444444
             7777777777777777444444477777                                    7456668888888888677765555555555555444444444
              77777777777777744444447777777                                         756888888867745555555555555544444444
              777777777777777444444477777777777                                        745688884775555555555555544444444
               7777777777777744444447777777777777                                        488886  75555555555555544444444
                77777777777774444444444777777777777777                                 74888887  45555555555555544444444
                777777777777444444444447777777777777777777777777777777777            777688885   45555555555555544444444
                 7777777777744444444477777777777777777777777777777777777777777777777777488888777745555555555555444444444
                  777777777444444777777777777777777777777777777777777777777777777777777588884777745555555555555544444444
                  777777777444477777777777777777777777777777777777777777777777777777777588854777745555555555555544444444
                   77777774447777777777777777777777777777777777777777777777777777777777688844444456666666555555554444444
                   77777744777777777777777777777777777777777777777777777777777777777774688544555666666666665555544444444
                    7777477777777777777777777777777777777777777777777777777777777777777446544555566666666665555554444444
                     777777777777777777777777777777777777777777777777777777777777777774444555554555566666655555554444444
               77777 777777777777777777777777777777777777777777777777777777777777777774444444564555566666655555554444444
               777777777777777       7777777777777777777       777777777777777777777777777774555555466666655555555444444
              77777777777                    7 77777           777777777777777777777777777777455555688886655555555544444
