7774477777777777777777774444444444477777777777777                                        777777    455555555555555554445
7777777777777777777777774444444444447777777777777                                        777777    455555555555555554444
77777777777777777777777744444444444477777777777777                                       777777    455555555555555544444
77777777777777777777777744444444444477777777777777                                      7777777    455555555555555544444
777777777777777777777777444444444444477777777777777                                     7777777    455555555555555544444
7777777777777777777777744444444444444777777777777777                                    7777777    455555555555555554444
 7777777777777777777774444444444444447777777777777777                                   7777777    455555555555555445444
 77777777777777777777774444444444444477777777777777777            77                    7777777    555555555555555444444
  77777777777777777777744444444444444777777777777777777          777777777              7777777    555555555555554444444
   77777777777777777777744444444444444777777777777777777        7777777777777777        777777     555555555555554444444
   777777777777777777774444444444444447777777777777777777 77   7777777777777777777 77777777777     555555555555545444444
    777777777777777777774444444444444477777777455777777777777  777777777777777777777 7777777777   7555555555555544444444
    7777777777777777777744444444444444777777 74545555           777777777777                  77777555555555555444444444
     77777777777777777774444444444444477 7   7555456657        777777777777777777777777777777777746555555555554444444444
      7777777777777777774444444444444477 7    4655556667   77  777777754777 77777777777777777777746565554555554444444444
      7777777777777777774444444444444477 7     5655556655555554774477747777777744444555455566666668886554555554444444444
       777777777777777777444444444444477 7     4565555555555555555444444445668888888888888888888888888544555554444444444
       777777777777777777444444444444477 7     7466655444555554458886545688888888888888888888888668666555555554444444444
        77777777777777777744444444444477 7       46886554555544488888888888888888888855455555447756555555555544444444444
         7777777777777777744444444444777 7         488886555544588888888888888888864444444777777756555555555544444444444
         7777777777777777774444444444777  7         68886665555688888888888888865444444444777777756555555555444444444444
          777777777777777777444444447777  7           664      746888888888885777777777774777777755555555555444444444444
           77777777777777777444444447777  7                       488888888888577777777774777777755555555555444444444444
           777777777777777777444444477777 7                        58888888888867   777774777777755555555555544444444444
            77777777777777774444444477777 7                         46888888888887    7777 77777765555555555454444444444
            77777777777777774444444477777 7                            745888888887           77765555555555544444444444
             7777777777777774444444477777                                  588888887            765555555555554444444444
              77777777777777744444447777777                                  4688886     7777   745555555555444444444444
              777777777777774444444477777777777777                             488887            75555555555544444444444
               77777777777774444444447777777777777777                           6888477777777    75555555555555444444444
                7777777777774444444444447777777777777777   777                  6888677777777    45555555555555444444444
                7777777777774444444444477777777777777777777777777777777777      4888857777777    45555555555554444444444
                 7777777777444444444477777777777777777777777777777777777777777777688884777777777745555555555555444444444
                  777777777444444477777777777777777777777777777777777777777777777468886444444777745555555555555444444444
                  777777774444447777777777777777777777777777777777777777777777777746888474444777745555555555555544444444
                   77777774447777777777777777777777777777777777777777777777777777774688647444444456666666555555544444444
                   77777744777777777777777777777777777777777777777777777777777777777488857444555666666666665555544444444
                    7777477777777777777777777777777777777777777777777777777777777777744455444455566666666665555554444444
                    7777777777777777777777777777777777777777777777777777777777777777774444555554565566666655555554444444
               77777 777777777777777777777777777777777777777777777777777777777777777774454444564555566666655555554444444
              7777777777777777777   777777777777777777777777777777777777777777777777777777774555555466666655555555444444
             77777777777777           77777777777777777777  777777777777777777777777777777777455565688886655555555544444
