77744777777777777777777774444444444777777777777                                           77777    455555555555554444444
7777777777777777777777777444444444447777777777777                                        777777    455555555555554444444
7777777777777777777777777444444444447777777777777                                        777777    455555555555554444444
77777777777777777777777744444444444477777777777777                                      7777777    455555555555544444444
77777777777777777777777744444444444447777777777777                                      7777777    455555555555444444444
777777777777777777777777444444444444477777777777777                                    77777777    455555555555444444444
 77777777777777777777777444444444444477777777777777                                    77777777    455555555555544444444
 77777777777777777777777444444444444477777777777777                                   777777777    455555555555444444444
  7777777777777777777777444444444444477777777777777                          777    77777777777    555555555554444444444
   777777777777777777777744444444444477777777777777                     77777777777777777777777    555555555554444444444
   777777777777777777777744444444444477777777777777                7777777777777777777777777777  77555555555554444444444
    777777777777777777777444444444444477777777777777      7       777777777777777777777777777777777555555555554444444444
    7777777777777777777774444444444444777777             7454               777     745444477777774555555555544444444444
     77777777777777777777444444444444777                 744454       77777777777774688888888665446566555555544444444444
      7777777777777777777444444444444777 7               44554557     54   777777776888888888888888666554555544444444444
      7777777777777777777744444444444777 7               655555564    77777777777468888866888888888888554555544444444444
       777777777777777777774444444444777 7               555655566555555547444444688888854445555568886544555544444444444
        77777777777777777774444444444777 7                45655555555555565444445888888864444444456655555555444444444444
        77777777777777777777444444444777 7                74566554445555555665446888888885444444456655555555444444444444
         7777777777777777777444444447777                   7566665444555544568668888888885444444456655555555444444444444
         7777777777777777777744444447777                     45686665555544688888888888884444444466655555555444444444444
          777777777777777777744444447777                       788886545444888888888888864744444466655555555444444444444
           77777777777777777744444447777  7                     58854445545888888888888865777444466655555555444444444444
           77777777777777777744444447777                         7       7 458888888888888865777466655555555544444444444
            7777777777777777744444447777                                      588888888888888854765665555555444444444444
            77777777777777777444444477777                                      46888888888888888665566555555544444444444
             7777777777777777444444477777                                        568888888888888888656555555554444444444
              77777777777777744444447777777                                         77 774688888888866655555554444444444
              7777777777777774444444777777777777                                            7468888866655555554444444444
               777777777777774444444777777777777777                                         4688888656555555555444444444
                777777777777444444444447777777777777777                               7777758888885555555555555444444444
                77777777777744444444444777777777777777777777777777777777           7777777488888645555555555554444444444
                 7777777777744444444477777777777777777777777777777777777777777777777777774888885745555555555555444444444
                  777777777444444477777777777777777777777777777777777777777777777777777746888577745555555555555444444444
                  777777777444477777777777777777777777777777777777777777777777777777777768885777745565655555555544444444
                   77777774447777777777777777777777777777777777777777777777777777777777456854444456666666655555554444444
                   77777744777777777777777777777777777777777777777777777777777777777774445554455666666666665555544444444
                    7777477777777777777777777777777777777777777777777777777777777777774444455555566666666665555554444444
                    7777777777777777777777777777777777777777777777777777777777777777777774444564465566666655555554444444
                7777 777777777777777777777777777777777777777777777777777777777777777777777744555555566666655555555444444
               7777777777777777      77777777777777777 7   7 77777777777777777777777777777774555555466666655555555544444
              777777777777               777777777777       777777777777777777777777777777777455565688866665555555554444
