77744777777777777777777444444444444477777777777777                                      7777777    455555555555555444444
777777777777777777777774444444444444477777777777777                                    77777777    455555555555554444444
7777777777777777777777744444444444444777777777777777                                   77777777    455555555555554444444
7777777777777777777777744444444444444777777777777777                                   77777777    455555555555554444444
77777777777777777777777444444444444444777777777777777                                  77777777    455555555555444444444
7777777777777777777777444444444444444477777777777777777                                77777777    455555555555544444444
 7777777777777777777774444444444444444777777777777777777                              777777777    455555555555544444444
 77777777777777777777744444444444444447777777777777777777                        77777777777777    455555555555444444444
  7777777777777777777774444444444444447777777777777777777                     77777777777777777    555555555554444444444
   777777777777777777774444444444444447777777777777777777            777     777777777777777777   7555555555554444444444
   7777777777777777777744444444444444447777777777777777777         77777777777777777777777777777 77555555555554444444444
    77777777777777777774444444444444444777777777777777777777      777777777777777777777777777777777555555555544444444444
    777777777777777777774444444444444447777777               7447               7777756665554777774555555555544444444444
     77777777777777777774444444444444447 77                  74454    7    777777777688888888866546566555555544444444444
      7777777777777777774444444444444447 7                   445555   57       77774888888888888888666554555544444444444
      7777777777777777744444444444444447 7                  555555565     7777777776888888688888888888554555544444444444
       777777777777777777444444444444477 7                  565655556544444444444448888888544555568686444555544444444444
       777777777777777777444444444444477 7                   65565555665555555444448888888854444456655555555444444444444
        77777777777777777444444444444477 7                   74566555555555555565448888888884444456655555555444444444444
         7777777777777777744444444444477777                   4466655544455554558668888888885444466655555555444444444444
         77777777777777777444444444447777 7                    756686655455554468888888888885444466655555555444444444444
          7777777777777777444444444447777                         768886555544488888888888885444466655555555444444444444
           777777777777777744444444447777 7                        48885555544588888888888885474466665555555444444444444
           777777777777777444444444447777 7                         457    777456888888888888865465565555555544444444444
            77777777777777444444444447777 7                                      468888888888888886566555555554444444444
            77777777777777744444444447777 7                                        5888888888888888866655555544444444444
             7777777777777444444444447777                                           768888888888888888665555554444444444
              777777777777744444444447777777                                           777744688888888886555554444444444
              77777777777774444444444777777777777777777                                       74588888886555554444444444
               77777777777744444444447777777777777777777777777                        777 7    4688888865555555444444444
                77777777777444444444444477777777777777777777777                    7777777777488888886665555555444444444
                77777777777444444444444477777777777777777777777777777777777777777777777777775888888666555555555444444444
                 7777777777444444444447777777777777777777777777777777777777777777777777777468888866555555555555444444444
                 7777777774444444447777777777777777777777777777777777777777777777777777775888864745555555555555444444444
                  777777774444447777777777777777777777777777777777777777777777777777777744688577745566655555555544444444
                   77777744444777777777777777777777777777777777777777777777777777777774444564444456666866655555544444444
                   77777444777777777777777777777777777777777777777777777777777777777777444454555666666666665555544444444
                    7777477777777777777777777777777777777777777777777777777777777777777774445565566666666665555554444444
               777  7774777777777777777777777777777777777777777777777777777777777777777777444565465566666665555555444444
              7777777777777777777777777777777777777777777777777777777777777777777777777777444555555566666655555555444444
            777777777777777777777777777777777777777777777777777777777777777777777777777777444555565466666655555555544444
          77777777777777777777      777777777777777777777777777777777777777777777777777777744455565688886665555555554444
