77744777777777777777777774444444444777777777777                                            7777    455555555555555554444
7777777777777777777777774444444444447777777777777                                        777777    455555555555555544444
7777777777777777777777777444444444447777777777777                                         77777    455555555555555444444
77777777777777777777777744444444444477777777777777                                       777777    455555555555555544444
77777777777777777777777744444444444477777777777777                                      7777777    455555555555554444444
777777777777777777777774444444444444477777777777777                                     7777777    455555555555554454444
 777777777777777777777744444444444444777777777777777                                    7777777    455555555555554444444
 77777777777777777777777444444444444477777777777777                                    77777777    555555555555554444444
  7777777777777777777777444444444444477777777777777                77                  77777777    555555555555544444444
   7777777777777777777774444444444444777777777777777 7           77777777777777         777777     555555555555544444444
   77777777777777777777444444444444447777777777777777           777777777777777777777777777777     555555555555544444444
    777777777777777777774444444444444477777777744777777        777777777777777777777 7 77777777  77555555555555444444444
    7777777777777777777744444444444444777777  74454447           77777777                     77777555555555554444444444
     77777777777777777777444444444444477      745456667         77777777777777777777777777777777746555555555554444444444
      7777777777777777774444444444444477 7    7555555666        777777577        777777777777777746665554555554444444444
      7777777777777777777444444444444477 7     7565556664445554777777747777777745566888688888888888886554555555444444444
       777777777777777777444444444444477 7      755555555555555554444444444568888888888888888888888886544555555444444444
        77777777777777777744444444444777 7      745655544555555556654444468888888888886668888866566666555555554444444444
        77777777777777777774444444444777 7       75666654455555446888866888888888888644444447777756555555555544444444444
         7777777777777777774444444444777           756886555554458888888888888888864444444777777756555555555544444444444
         7777777777777777777444444447777             6888665554468888888888888886544444444777777756555555555544444444444
          777777777777777777744444447777             7468677744458888888888888647774477774777777756555555555544444444444
           77777777777777777744444447777  7            77         768888888888577777777774777777756555555555554444444444
           77777777777777777744444447777  7                         6888888888884 77777774777777765555555555554444444444
            7777777777777777744444447777                            76888888888885   77777777777765555555555554444444444
            77777777777777774444444477777                             7568888888885     77777777765555555555554444444444
             7777777777777777444444477777                                  588888885      7   77765555555555554444444444
              77777777777777744444447777777                                  58888884   77777  7755555555555555444444444
              7777777777777744444444777777777777                               4888887  77      745555555555554444444444
               777777777777744444444777777777777777                             7888877777777    45555555555555444444444
                777777777777444444444447777777777777777                          688847777777    45555555555555544444444
                777777777777444444444447777777777777777777777777777777777        688867777777    45555555555555544444444
                 7777777777744444444477777777777777777777777777777777777777777777588885777777777745555555555555544444444
                  777777777444444477777777777777777777777777777777777777777777777488886444444777745555555555555544444444
                  777777774444477777777777777777777777777777777777777777777777777748888474444777745555555555555544444444
                   77777774447777777777777777777777777777777777777777777777777777775888574444444456666666555555554444444
                   77777744777777777777777777777777777777777777777777777777777777777688844444555666666666665555554444444
                    7777477777777777777777777777777777777777777777777777777777777777488864444455566666666665555554444444
                     777777777777777777777777777777777777777777777777777777777777777744455555564565566666655555554444444
               77777 777777777777777777777777777777777777777777777777777777777777777774444555564555566666655555555444444
               7777777777777777     7777777777777777777777  777777777777777777777777777454444555565466666655555555544444
              777777777777             777777777777777       77777777777777777777777777777774455565688886665555555554444
