77744777777777777777777744444444444477777777777777                                      7777777    455555555555555554444
77777777777777777777777444444444444477777777777777                                      7777777    455555555555555544444
777777777777777777777774444444444444477777777777777                                     7777777    455555555555555444444
777777777777777777777774444444444444477777777777777                                     7777777    455555555555555544444
7777777777777777777777744444444444444777777777777777                                    7777777    455555555555554444444
777777777777777777777774444444444444447777777777777777                                  7777777    455555555555554444444
 777777777777777777777444444444444444477777777777777777                                77777777    455555555555554444444
 7777777777777777777777444444444444444777777777777777777                          7777777777777    455555555555554444444
  777777777777777777777444444444444444777777777777777777                      77777777777777777    555555555555544444444
   777777777777777777777444444444444447777777777777777777             77   77777777777777777777  77555555555555544444444
   7777777777777777777744444444444444477777777777777777777         77777777777777777777777777777777555555555555444444444
    7777777777777777777744444444444444777777777777777777777       777777777777777777777777777777777555555555555444444444
    777777777777777777774444444444444447777777                747               7777745554447777774555555555554444444444
     77777777777777777774444444444444477 77                  774554   7    777777777688888888865446566555555554444444444
      7777777777777777774444444444444477 7                   44555657 57       77774888888888888888666554555544444444444
      7777777777777777774444444444444477 7                  7555555667    7777777776888886888888888888554555544444444444
       777777777777777777444444444444477 7                  765655556544444447444448888888445555568686544555544444444444
       777777777777777777444444444444477 7                   75565556665555555444458888888844444456655555555544444444444
        77777777777777777744444444444477 7                   74466555555555555554458888888864444456655555555544444444444
         7777777777777777744444444444777777                   7466655444555555568668888888884444466655555555444444444444
         77777777777777777744444444447777 7                     45886554455554468888888888884444466655555555444444444444
          7777777777777777774444444447777 7                       788885555544488888888888884444466655555555444444444444
           777777777777777774444444447777 7                       788865655444688888888888884774466655555555544444444444
           777777777777777774444444447777 7                        757     747568888888888888654765565555555544444444444
            77777777777777744444444447777 7                                     7688888888888888665565555555554444444444
            77777777777777774444444447777 7                                       46888888888888888666655555554444444444
             7777777777777774444444447777                                           588888888888888886655555554444444444
              777777777777774444444447777777                                          7444456888888888665555555444444444
              7777777777777744444444477777777777777777                                       756888888865555554444444444
               7777777777774444444444777777777777777777 7 7777                        77777    7588888865555555444444444
                7777777777744444444444447777777777777777777777                      777777777768888888665555555444444444
                7777777777744444444444447777777777777777777777777777777777   7 77777777777774888888866655555555444444444
                 7777777777444444444477777777777777777777777777777777777777777777777777777758888886555555555555444444444
                 7777777777444444477777777777777777777777777777777777777777777777777777774688886445555555555555444444444
                  777777774444447777777777777777777777777777777777777777777777777777777776888647745566655555555544444444
                   77777744444777777777777777777777777777777777777777777777777777777777444685444456666866655555544444444
                   77777744777777777777777777777777777777777777777777777777777777777774444564555666666666665555544444444
                    7777477777777777777777777777777777777777777777777777777777777777777444455555566666666665555544444444
               777  7777777777777777777777777777777777777777777777777777777777777777777777445565465566666655555554444444
              7777777777777777777777777777777777777777777777777777777777777777777777777777744555455566666655555554444444
            777777777777777777777777777777777777777777777777777777777777777777777777777777774555565466666655555555444444
          7 77777777777777777       777777777777777777777777777777777777777777777777777777774455565688886665555555544444
