7774477777777777777777774444444444477777777777777                                        777777    455555555555555444444
77777777777777777777777444444444444477777777777777                                       777777    455555555555554444444
77777777777777777777777444444444444477777777777777                                      7777777    455555555555554444444
777777777777777777777777444444444444477777777777777                                     7777777    455555555555554444444
7777777777777777777777744444444444444777777777777777                                   77777777    455555555555444444444
77777777777777777777777444444444444447777777777777777                                   7777777    455555555555444444444
 77777777777777777777744444444444444477777777777777777                                  7777777    455555555555544444444
 7777777777777777777774444444444444444777777777777777777            7777                7777777    455555555555444444444
  777777777777777777777444444444444444777777777777777777          7777777     7777      7777777    555555555554444444444
   77777777777777777777444444444444444777777777777777777         77777777777777777777   777777     555555555554444444444
   777777777777777777774444444444444447777777777777777777777    7777777777777777777777777777777    555555555544444444444
    77777777777777777774444444444444447777777777747777777777   777777777777777777777777777777777777555555555544444444444
    77777777777777777777444444444444447777777  774557             777777777                 7777774555555555544444444444
     77777777777777777774444444444444477 77     4454555          7777777777777777777444777777777746555555555544444444444
      7777777777777777774444444444444477 7      455555655         77775477   7777458888888888665556665554555444444444444
      7777777777777777774444444444444447 7       56655566577444447777747777777568888888888888888888886554555444444444444
       777777777777777777444444444444477 7       45655555555555565444444444468888888886568888888888886544555444444444444
       777777777777777777444444444444477 7        4566555445555555565444445888888888854474444477756555555554444444444444
        77777777777777777744444444444477 7        7466865544555554468886688888888888444444777777756555555554444444444444
         7777777777777777774444444444777 77        756688665555544588888888888888864444444777777756555555554444444444444
         7777777777777777774444444444777  7           758888655544688888888888888544444444744777756555555554444444444444
          777777777777777777444444444777  7            76686555555688888888888884777777774744447756555555554444444444444
           777777777777777774444444447777 7              557       75688888888888647777774777777765555555554444444444444
           777777777777777774444444447777 7                           68888888888886477777777777765555555554444444444444
            77777777777777744444444447777 7                            6888888888888864  7 77777765555555554444444444444
            77777777777777744444444477777 7                             75668888888888857     77765555555554444444444444
             7777777777777774444444477777                                      46888888867      765555555555544444444444
              777777777777774444444477777777                                      45688885777   745555555555444444444444
              77777777777777444444444777777777777777                                788884       75555555555544444444444
               777777777777744444444477777777777777777    7777                      488887777    75555555555544444444444
                7777777777774444444444447777777777777777777777                      588884777    45555555555554444444444
                7777777777774444444444477777777777777777777777777777777777    7   77688884777    45555555555554444444444
                 7777777777444444444477777777777777777777777777777777777777777777777588884777777745555555555554444444444
                 7777777777444444477777777777777777777777777777777777777777777777777488884444777745555555555555444444444
                  777777774444447777777777777777777777777777777777777777777777777777768884444777745565555555555544444444
                   77777774447777777777777777777777777777777777777777777777777777777758884444444456666666655555544444444
                   77777744777777777777777777777777777777777777777777777777777777777748885444555666666666665555544444444
                    7777477777777777777777777777777777777777777777777777777777777777774455554555566666666665555554444444
                 7  7777777777777777777777777777777777777777777777777777777777777777774445555564465566666655555555444444
               77777 777777777777777777777777777777777777777777777777777777777777777774454444555565566666655555555444444
             77777777777777777777 77777777777777777777777777777777777777777777777777777777444555565466666655555555544444
            777777777777777           7777777777777777777777777777777777777777777777777777744455566688886665555555554444
