7774477777777777777777777444444444477777777777                                            77777    455555555555544444444
777777777777777777777777444444444444777777777777                                         777777    455555555555444444444
7777777777777777777777777444444444447777777777777                                        777777    455555555555544444444
77777777777777777777777744444444444477777777777777                                       777777    455555555555444444444
77777777777777777777777744444444444477777777777777                                      7777777    455555555554444444444
777777777777777777777774444444444444477777777777777                                     7777777    455555555555444444444
 77777777777777777777777444444444444477777777777777                                     7777777    455555555554444444444
 77777777777777777777777444444444444477777777777777                                      777777    455555555544444444444
  777777777777777777777744444444444447777777777777                 7777       7          77777     555555555544444444444
   77777777777777777777774444444444447777777777777   7            77777777  77777        77777     555555555544444444444
   7777777777777777777774444444444444777777777777  7             777777777777777777   777777777    555555555544444444444
    777777777777777777774444444444444777777777774477            77777777777777777777  7777777777777555555555444444444444
    777777777777777777777444444444444777777    744557             7777777                    777774555555555544444444444
     77777777777777777777444444444444777       74554554          7777777777777777777444777777777746555555555544444444444
      7777777777777777777444444444444777 7      555555664         7777547     777468888888888665556666554555544444444444
      7777777777777777777444444444444777 7      456555566447444477777747777774568888888888888888888886554555444444444444
       777777777777777777444444444444777 7       55654555555555565444444444468888888886668888888888886544455544444444444
        77777777777777777774444444444777 7        4566555444555555654444445888888888854444444447756655555555544444444444
        77777777777777777774444444444777 7        4466665554555544568665588888888886444444777777756555555555444444444444
         7777777777777777777444444447777           756688886555544588888888888888864444444477777756555555555444444444444
         7777777777777777777444444447777             7758888655444688888888888888544444444444777756555555555444444444444
          777777777777777777744444447777                4686455555688888888888884777777774744444756555555555444444444444
           77777777777777777744444447777  7              54       746888888888886477777774774444466555555555444444444444
           77777777777777777744444447777  7                          488888888888884777774777777766555555555444444444444
            7777777777777777744444447777                              4888888888888864  77 77777765555555555444444444444
             7777777777777774444444477777                              75688888888888867     777765555555555544444444444
             7777777777777777444444477777                                    746888888884      7765555555555554444444444
              77777777777777744444447777777                                      456888884777777745555555555554444444444
              777777777777774444444477777777777                                     488887      745555555555554444444444
               7777777777777444444447777777777777777                                488887777    45555555555555444444444
                777777777777444444444447777777777777777                             688887777    45555555555555544444444
                7777777777774444444444477777777777777777777777777777777            7688887777   745555555555555544444444
                 7777777777744444444477777777777777777777777777777777777777777777777688887777777745555555555555544444444
                  777777777444444477777777777777777777777777777777777777777777777777488864444777745555555555555554444444
                  777777774444477777777777777777777777777777777777777777777777777777768864444777445565655555555554444444
                   77777774447777777777777777777777777777777777777777777777777777777758884444444456666666655555555444444
                   77777744777777777777777777777777777777777777777777777777777777777748885444555666666666665555555444444
                    7777477777777777777777777777777777777777777777777777777777777777774555554565566666666665555555444444
                     777777777777777777777777777777777777777777777777777777777777777774445555564565566666665555555544444
                7777 777777777777777777777777777777777777777777777777777777777777777774455444555565566666665555555554444
               777777777777777        777777777777777777    777777777777777777777777777777444555565466666665555555554444
              77777777777                7 777777 777        77777777777777777777777777777744455566688886665555555555444
