777447777777777777777777744444444447777777777777                                          77777    455555555555555554444
7777777777777777777777774444444444447777777777777                                        777777    455555555555555554444
77777777777777777777777774444444444477777777777777                                       777777    455555555555555554444
77777777777777777777777774444444444477777777777777                                       777777    455555555555555544444
777777777777777777777777444444444444477777777777777                                      777777    455555555555555544444
7777777777777777777777774444444444444777777777777777                                     777777    455555555555555554444
 7777777777777777777777744444444444447777777777777777                                    777777    455555555555555445444
 77777777777777777777777444444444444477777777777777777                                777777777    455555555555555444444
  7777777777777777777777444444444444477777777777777777                         7777777777777777    555555555555554444444
   777777777777777777777744444444444447777777777777777                       7777777777777777777 77555555555555554444444
   7777777777777777777777444444444444477777777777777777             7777777777777777777777777777777555555555555555444444
    777777777777777777774444444444444477777777777777777            77777777777777777777777777777774555555555555545444444
    77777777777777777777744444444444447777777                744               77777756655544777774555555555555544444444
     77777777777777777777444444444444477                     74457    7   7777777777688888888865446566555555555544444444
      7777777777777777777444444444444477 7                  4445454   57      777775888888888888888666554555554444444444
      7777777777777777777444444444444777 7                 765555556     77777777748888886688888888886554555555444444444
       777777777777777777744444444444777 7                 7856555565444444477444458888886444555568686544555555444444444
       777777777777777777774444444444777 7                  455655556655555554444468888888544444456665555555554444444444
        77777777777777777774444444444777 7                  744565555555555555544468888888844444456655555555544444444444
         7777777777777777777444444447777                     45666554445555555586688888888854444466655555555554444444444
         7777777777777777777444444447777  7                    558865544555544688888888888854444466655555555544444444444
          777777777777777777744444447777  7                      7888865555444888888888888854444466655555555544444444444
           77777777777777777744444447777  7                      7688656555445888888888888857744466655555555554444444444
           77777777777777777744444447777  7                       754     7774568888888888888647766665555555554444444444
            77777777777777777444444477777                                       4688888888888888565665555555554444444444
            77777777777777774444444477777                                         58888888888888886566555555554444444444
             7777777777777777444444477777                                          7688888888888888866655555555444444444
              77777777777777744444447777777                                           7777456888888888665555555444444444
              77777777777777744444447777777777777                                            456888888865555554444444444
               7777777777777744444444777777777777777                                    7 7    4688888665555555444444444
                777777777777444444444447777777777777777                               7777777468888886655555555544444444
                777777777777444444444447777777777777777777777777777777777            77777775888888656555555555544444444
                 7777777777744444444477777777777777777777777777777777777777777777777777777758888886555555555555444444444
                  777777777444444777777777777777777777777777777777777777777777777777777774688886445555555555555444444444
                  777777777444477777777777777777777777777777777777777777777777777777777776888647745556555555555544444444
                   77777774447777777777777777777777777777777777777777777777777777777777445686444456666666555555544444444
                   77777744777777777777777777777777777777777777777777777777777777777774444564555666666666665555544444444
                    7777477777777777777777777777777777777777777777777777777777777777777444455555566666666665555544444444
                 7  7777777777777777777777777777777777777777777777777777777777777777777774445564455566666655555554444444
               77777 777777777777777777777777777777777777777777777777777777777777777777777744564555566666655555554444444
              777777777777777777     77777777777777777777   777777777777777777777777777777777555555466666655555554444444
             77777777777777            777777777777777       77777777777777777777777777777777455565688886655555555544444
