777447777777777777777777444444444447777777777                                             77777    455555555555444444444
777777777777777777777777444444444444777777777777                                         777777    455555555555444444444
7777777777777777777777777444444444447777777777777                                        777777    455555555555544444444
77777777777777777777777744444444444477777777777777                                      7777777    455555555555444444444
777777777777777777777777444444444444777777777777777                                     7777777    455555555554444444444
777777777777777777777774444444444444477777777777777                                     7777777    455555555555444444444
 777777777777777777777744444444444444777777777777777                                    7777777    455555555544444444444
 777777777777777777777744444444444444777777777777777                                     777777    455555555544444444444
  7777777777777777777777444444444444477777777777777777         77  7777777               77777     555555555544444444444
   777777777777777777777444444444444477777777777777777         777777777777               7777     555555555444444444444
   7777777777777777777744444444444444777777777777777777   77   77777777777777             7777     555555555444444444444
    77777777777777777777444444444444447777744547777777777777777777777777777777              77    7555555555444444444444
    7777777777777777777744444444444444777774454547            77777777777                       777555555555444444444444
     77777777777777777774444444444444477   75555554           7777777777777777777777777777777777746555555555444444444444
      7777777777777777774444444444444477 7  4665555657   777   77777775477       777777777777777746555554455444444444444
      7777777777777777774444444444444477 7   556555555555555547777777747777774444444555445556666668686554454444444444444
       777777777777777777444444444444477 7   555655554455555555554444444566888888888888888888888888886544455444444444444
        77777777777777777444444444444477 7    44566555445555544588886668888888888888888888888888668666555554444444444444
        77777777777777777744444444444777 7    75666866665555474688888888888888888888655455555447756555555554444444444444
         7777777777777777744444444444777 7      466888886555444888888888888888888654444474777777756555555554444444444444
         7777777777777777774444444444777  7       7756866665555888888888888886554777777774777777756555555554444444444444
          777777777777777777444444444777  7           885      756888888888857777777777774777777755555555554444444444444
           77777777777777777444444447777  7           47          6888888888857 7777777774777777755555555554444444444444
           777777777777777774444444477777 7                       7688888888886    7777777 77777755555555554444444444444
            77777777777777774444444477777 7                         4568888888867    77  7   777 55555555554444444444444
            77777777777777774444444477777 7                             768888886                55555555555444444444444
             7777777777777774444444477777                                 46888885               65555555555444444444444
              777777777777774444444477777777                                7688887      777   7745555555555444444444444
              777777777777774444444477777777777777                            68885              75555555555444444444444
               777777777777744444444477777777777777777                        788887777777777    45555555555544444444444
                7777777777774444444444447777777777777777777777                 68886777777777    45555555555545444444444
                777777777777444444444447777777777777777777777777777777777      48888677777777    45555555555554444444444
                 7777777777444444444477777777777777777777777777777777777777777775888857777777777745555555555555444444444
                  777777777444444477777777777777777777777777777777777777777777777488884444444777745555555555555544444444
                  777777774444447777777777777777777777777777777777777777777777777748886474444777445555555555555554444444
                   77777774447777777777777777777777777777777777777777777777777777774688844444444456666666655555554444444
                   77777744777777777777777777777777777777777777777777777777777777777466554444455666666666665555555444444
                    7777477777777777777777777777777777777777777777777777777777777777744444555555566666666665555555444444
                    7777777777777777777777777777777777777777777777777777777777777777774455544564565566666655555555544444
               77777 777777777777777777777777777777777777777777777777777777777777777777444444554565566666655555555544444
              777777777777777777    777777777777777777777777777777777777777777777777777777444555565466666655555555544444
              777777777777            7777777777777777777777777777777777777777777777777777744455566688886665555555554444
