77744777777777777777777744444444444777777777777                                          777777    455555555555554444444
777777777777777777777777444444444444777777777777                                         777777    455555555555554444444
7777777777777777777777774444444444447777777777777                                        777777    455555555555554444444
77777777777777777777777744444444444477777777777777                                       777777    455555555555554444444
77777777777777777777777744444444444447777777777777                                      7777777    455555555555444444444
777777777777777777777774444444444444477777777777777                                     7777777    455555555555544444444
 77777777777777777777774444444444444477777777777777                                     7777777    455555555555544444444
 77777777777777777777774444444444444477777777777777                                     7777777    455555555555444444444
  7777777777777777777777444444444444477777777777777                77777                7777777    555555555554444444444
   777777777777777777777444444444444477777777777777  7           777777777777777        777777     555555555554444444444
   7777777777777777777774444444444444477777777777  7            777777777777777777777777777777     555555555554444444444
    77777777777777777777444444444444447777777774447777         77777777777777777777777777777777  77555555555554444444444
    7777777777777777777744444444444444777777  74445447           77777777777                7777774555555555544444444444
     77777777777777777774444444444444477      7455456647        77777777777777777777777777777777746555555555544444444444
      7777777777777777774444444444444477 7     465555666         7777754777777777745666555655554446666554555544444444444
      7777777777777777777444444444444477 7      566555666555555577777747777774568888888888888888888886554555544444444444
       777777777777777777444444444444777 7      756555555555555555544444444588888888888888888888888886544555544444444444
        77777777777777777744444444444777 7       44566554445555555686544468888888888864445555554456665555555544444444444
        77777777777777777774444444444777 7        4666665545555445888888888888888886444444477777756555555555444444444444
         7777777777777777777444444444777            75688865554446888888888888888854444444477777756555555555444444444444
         7777777777777777777444444447777              588866655548888888888888886444444444477777756555555555444444444444
          777777777777777777744444447777               7684  77744688888888888847777777774744777756555555555444444444444
           77777777777777777444444447777  7                        76888888888885777777774777777766555555555444444444444
           77777777777777777744444447777  7                          68888888888884  77774777777765555555555544444444444
            7777777777777777444444447777                             768888888888885   777 77777765555555555454444444444
            77777777777777774444444477777                              74556888888886        777765555555555544444444444
             7777777777777777444444477777                                    588888886          765555555555554444444444
              77777777777777744444447777777                                    46888885  7777  7745555555555554444444444
              7777777777777744444444777777777777                                 768886          75555555555554444444444
               7777777777777444444447777777777777777                              48886777777    75555555555555444444444
                777777777777444444444447777777777777777    77                     48888777777    45555555555555444444444
                777777777777444444444447777777777777777777777777777777777         58888477777    45555555555555544444444
                 7777777777444444444477777777777777777777777777777777777777777777748888577777777745555555555555444444444
                  777777777444444477777777777777777777777777777777777777777777777776888644444777745555555555555544444444
                  777777774444447777777777777777777777777777777777777777777777777774888874444777445565655555555544444444
                   77777774447777777777777777777777777777777777777777777777777777777588844444444456666666655555554444444
                   77777744777777777777777777777777777777777777777777777777777777777768864444555666666666665555555444444
                    7777477777777777777777777777777777777777777777777777777777777777756565444555566666666665555555444444
                    7777777777777777777777777777777777777777777777777777777777777777774445555564565566666655555555544444
                7777 777777777777777777777777777777777777777777777777777777777777777774445544554565566666655555555544444
               7777777777777777      7777777777777777777    777777777777777777777777777444444555565466666655555555544444
              777777777777             777777777777777      777777777777777777777777777777744455566688886665555555554444
