77744777777777777777777774444444444777777777777                                           77777    455555555555555554444
777777777777777777777777744444444444777777777777                                          77777    455555555555555554444
7777777777777777777777777444444444447777777777777                                         77777    455555555555555544444
77777777777777777777777774444444444477777777777777                                        77777    455555555555555544444
77777777777777777777777744444444444477777777777777                                       777777    455555555555555544444
777777777777777777777777444444444444477777777777777                                      777777    455555555555555554444
 7777777777777777777777744444444444447777777777777                                      7777777    455555555555555445444
 777777777777777777777774444444444444777777777777                      7                7777777    555555555555555444444
  77777777777777777777774444444444444777777777777                   77777      777777 777777777    555555555555554444444
   7777777777777777777777444444444444777777777777    7            777777777   77777777777777777    555555555555554444444
   7777777777777777777777444444444444777777777777                777777777777777777777777777777   7555555555555544444444
    77777777777777777777744444444444477777777777774447          77777777777777777777777777777777777555555555555544444444
    777777777777777777777444444444444477777      7445557           77777777               777777774555555555555444444444
     77777777777777777777444444444444477         445445647        777747777777777777744777777777746665555555555444444444
      7777777777777777777444444444444777 7       755555666        777754777  7777456888888888665556666554555554444444444
      7777777777777777777744444444444777 7        5555556654444547777747777777468888888888888888888886554555555444444444
       777777777777777777744444444444777 7        7565555555555556544444444458888888888668888888888886544555555444444444
        77777777777777777774444444444777 7         456655445555555556654444688888888864444444447756665555555554444444444
        77777777777777777774444444444777 7         746666544455554458888668888888888544444477777756555555555554444444444
         7777777777777777777444444447777              468865555554468888888888888885444444447777756555555555544444444444
         7777777777777777777444444447777               68886655544488888888888888854444444444777756555555555544444444444
          777777777777777777744444447777               74885444555588888888888886777744444444444466555555555554444444444
           77777777777777777744444447777                 7         75688888888886577777774744444466555555555554444444444
           77777777777777777744444447777                              68888888888886777774777774466555555555554444444444
            7777777777777777744444447777                               6888888888888857777777777766555555555555444444444
            77777777777777777444444477777                               4688888888888884   77777765555555555554444444444
             7777777777777777444444477777                                    7458888888857 77777765555555555555444444444
              77777777777777744444447777777                                      756888886777777745555555555555544444444
              777777777777777444444477777777777                                     768885       75555555555555544444444
               777777777777774444444777777777777777                                 768884777    75555555555555544444444
                777777777777444444444447777777777777777                             488884777    45555555555555544444444
                777777777777444444444447777777777777777777777777777777777           588885777    45555555555555544444444
                 7777777777744444444477777777777777777777777777777777777777777777777588885777777745555555555555544444444
                  777777777444444477777777777777777777777777777777777777777777777777488884444777745555555555555544444444
                  777777777444477777777777777777777777777777777777777777777777777777768884444777745565555555555544444444
                   77777774447777777777777777777777777777777777777777777777777777777758884444444456666666555555554444444
                   77777744777777777777777777777777777777777777777777777777777777777748885444555666666666665555544444444
                    7777477777777777777777777777777777777777777777777777777777777777775555444455566666666665555554444444
                     777777777777777777777777777777777777777777777777777777777777777774444555554565566666655555554444444
               77777 777777777777777777777777777777777777777777777777777777777777777774455544564555566666655555554444444
               7777777777777777      77777777777777777777      777777777777777777777777777444555565466666655555555544444
              777777777777             77777777777777         7777777777777777777777777777777455565688886665555555554444
