777447777777777777777777444444444447777777777777                                          77777    455555555555555554444
7777777777777777777777774444444444447777777777777                                        777777    455555555555555544444
7777777777777777777777777444444444447777777777777                                        777777    455555555555555444444
77777777777777777777777744444444444477777777777777                                       777777    455555555555555544444
777777777777777777777777444444444444777777777777777                                      777777    455555555555554444444
7777777777777777777777744444444444444777777777777777                                     777777    455555555555554444444
 777777777777777777777444444444444444777777777777777                                    7777777    455555555555554444444
 7777777777777777777777444444444444447777777777777777                7                  7777777    455555555555545444444
  77777777777777777777744444444444444777777777777777777           7777777     77        7777777    555555555555544444444
   77777777777777777777744444444444447777777777777777777         7777777777777777       777777     555555555555544444444
   777777777777777777774444444444444447777777777777777777       7777777777777777777777777777777    555555555555444444444
    77777777777777777777444444444444447777777777447777777777   777777777777777777777777777777777777555555555554444444444
    77777777777777777777444444444444447777777 774454547          7777777777                77777774555555555554444444444
     77777777777777777774444444444444477 7     445456667         7777747777777777777777777777777746555555555554444444444
      7777777777777777774444444444444477 7     7555556665        7777754777 77777745666666666555446565554555544444444444
      7777777777777777774444444444444477 7      466555666444555477777747777774568888888888888888888886554555544444444444
       777777777777777777444444444444477 7       46555555555555555444444444588888888888888888888888886544555544444444444
       777777777777777777444444444444477 7       45665554455555555686654468888888888854445555544456655555555544444444444
        77777777777777777744444444444777 7        4568665445555544888888888888888886444474777777756555555555444444444444
         7777777777777777744444444444777 7          75888655555445888888888888888854444444777777756555555555444444444444
         7777777777777777774444444444777  7           688866655556888888888888885444444774777777756555555555444444444444
          777777777777777777444444447777  7           758857777744688888888888847777777774777777756555555555444444444444
           77777777777777777444444447777  7             7          76888888888885777777774777777755555555555444444444444
           777777777777777774444444477777 7                          68888888888867  77774777777765555555555444444444444
            77777777777777774444444477777 7                          768888888888884    77 77777765555555554444444444444
            77777777777777774444444477777 7                            74556888888886         77765555555555444444444444
             7777777777777774444444477777                                    588888886           65555555555544444444444
              777777777777774444444477777777                                   46888885  7777   745555555555444444444444
              77777777777777444444447777777777777                                768886          75555555555544444444444
               77777777777774444444447777777777777777                             58885777777    75555555555544444444444
                7777777777774444444444447777777777777777   777                    58886777777    75555555555545444444444
                7777777777774444444444477777777777777777777777777777777777        58888477777    45555555555554444444444
                 7777777777444444444477777777777777777777777777777777777777777777748888577777777745555555555555444444444
                  777777777444444477777777777777777777777777777777777777777777777776888644444777745555555555555444444444
                  777777774444447777777777777777777777777777777777777777777777777774888674444777745555555555555444444444
                   77777774447777777777777777777777777777777777777777777777777777777588847444444456666666555555544444444
                   77777744777777777777777777777777777777777777777777777777777777777788864444555666666666665555544444444
                    7777477777777777777777777777777777777777777777777777777777777777755565444455566666666665555544444444
                 7  7777777777777777777777777777777777777777777777777777777777777777774445555554455566666655555554444444
               77777 777777777777777777777777777777777777777777777777777777777777777774445554564555566666655555554444444
             77777777777777777777   777777777777777777777777777777777777777777777777777444444555565466666655555555444444
             77777777777777           77777777777777777777 7777777777777777777777777777777777455565688886655555555544444
