77744777777777777777777774444444444777777777777                                           77777    455555555555544444444
777777777777777777777777744444444444777777777777                                         777777    455555555555544444444
7777777777777777777777777444444444447777777777777                                        777777    455555555555544444444
 7777777777777777777777744444444444477777777777777                                       777777    455555555555444444444
77777777777777777777777744444444444447777777777777                                      7777777    455555555555444444444
777777777777777777777777444444444444477777777777777                                     7777777    455555555555444444444
 7777777777777777777777744444444444447777777777777                                      7777777    455555555554444444444
 7777777777777777777777744444444444447777777777777                   777                 777777    455555555554444444444
  77777777777777777777774444444444444777777777777                   77777      777777    77777     555555555544444444444
   7777777777777777777777444444444444777777777777    7             7777777777777777777  777777     555555555544444444444
   777777777777777777777744444444444477777777777777              777777777777777777777777777777   7555555555544444444444
    77777777777777777777744444444444477777777777774547          77777777777777777777777777777777777555555555544444444444
    7777777777777777777774444444444444777777     744457             7777777                 7777774555555555544444444444
     77777777777777777777444444444444777         74554557          77747777777777777455444477777746555555555544444444444
      7777777777777777777444444444444777 7       755555565         7775477   7777458888888888865556666554555544444444444
      7777777777777777777744444444444777 7       76565555654444444777747777777458888888888888888888886554555544444444444
       777777777777777777774444444444777 7        5556545555555555544444444446888888886566888888888886544555544444444444
        77777777777777777774444444444777 7         445655544455555566544444588888888864444444477756655555555444444444444
        77777777777777777777444444447777 7         756666554455555456865446888888888644444477777756555555555444444444444
         7777777777777777777444444447777             4668886555554748888888888888886444444447777756555555555444444444444
         7777777777777777777744444447777                5888665544458888888888888864444444444477756555555555444444444444
          777777777777777777744444447777                 468655555468888888888888577774474744444466555555555444444444444
           77777777777777777744444447777                  47      745688888888888657777774744444466555555555444444444444
           77777777777777777744444447777                              58888888888888647774777774466555555555444444444444
            7777777777777777744444447777                               4888888888888886477 77777765555555555444444444444
             777777777777777744444447777                                768888888888888867   777765555555555544444444444
             7777777777777777444444477777                                  7774458888888884   77765555555555554444444444
              77777777777777744444447777777                                       74568888877777745555555555544444444444
              77777777777777744444447777777777                                        58886      75555555555554444444444
               7777777777777744444447777777777777                                    78888577    75555555555555444444444
                77777777777774444444444777777777777777                               58888477    45555555555555444444444
                7777777777774444444444477777777777777777777777777777777             768888477    45555555555555444444444
                 7777777777744444444777777777777777777777777777777777777777777777777758888777777745555555555555444444444
                  777777777444444777777777777777777777777777777777777777777777777777758886444777745555555555555544444444
                  777777777444477777777777777777777777777777777777777777777777777777748885444777745566655555555554444444
                   77777774447777777777777777777777777777777777777777777777777777777748885444444456666666655555554444444
                   77777744777777777777777777777777777777777777777777777777777777777776886444455666666666665555555444444
                    7777477777777777777777777777777777777777777777777777777777777777774455554555566666666665555555444444
                     777777777777777777777777777777777777777777777777777777777777777774445555564565566666665555555544444
                 777 777777777777777777777777777777777777 77777777777777777777777777777444444555565566666655555555544444
               777777777777777         777777777777777        7777777777777777777777777777444555565466666655555555544444
               7777777777                                     7777777777777777777777777777744455566688886665555555554444
