7774477777777777777777744444444444447777777777777                                        777777    455555555555554444444
77777777777777777777777444444444444477777777777777                                       777777    455555555555544444444
77777777777777777777777444444444444477777777777777                                      7777777    455555555555544444444
777777777777777777777777444444444444477777777777777                                     7777777    455555555555444444444
7777777777777777777777744444444444444777777777777777                                    7777777    455555555555444444444
7777777777777777777777744444444444444777777777777777                                   77777777    455555555555444444444
 77777777777777777777744444444444444477777777777777777                                  7777777    455555555554444444444
 777777777777777777777744444444444444477777777777777777           7                     7777777    455555555554444444444
  77777777777777777777744444444444444477777777777777777         77777777777              77777     555555555554444444444
   77777777777777777777744444444444444777777777777777777        777777777777777          77777     555555555544444444444
   777777777777777777774444444444444447777777777777777777777   777777777777777777     77777777     555555555544444444444
    777777777777777777744444444444444477777774454777777777777  77777777777777777777777777777777  77555555555444444444444
    777777777777777777774444444444444477777774445577           7777777777777                7777774555555555444444444444
     77777777777777777774444444444444477 77  455555647         777777777777777777777777777777777746555555555444444444444
      7777777777777777774444444444444447 7   7555555664    77  777777754777 77 77774444444444447746555554555444444444444
      7777777777777777774444444444444477 7    45655556655555554774777747777745668888888888888888888886554555444444444444
       777777777777777777444444444444477 7    75565555455555555555444444456888888888888888888888888886544555444444444444
        77777777777777777444444444444477 7     7456655444555554458886556888888888888865556666655566665555554444444444444
        77777777777777777744444444444777 7      466686655555544488888888888888888885444474777777756555555554444444444444
         7777777777777777744444444444777 7        4668888555544588888888888888888544444444777777756555555554444444444444
         7777777777777777774444444444777  7         78886666555588888888888888654744477774777777756555555554444444444444
          777777777777777777444444444777  7           4867   77745888888888888477777777774777777755555555544444444444444
           77777777777777777444444444777  7            7          768888888888864777777774777777755555555554444444444444
           777777777777777774444444447777 7                        768888888888885   77777 77777755555555554444444444444
            77777777777777744444444477777 7                          468888888888867     7   777765555555554444444444444
            77777777777777774444444477777 7                               75688888887           755555555554444444444444
             7777777777777774444444477777                                    468888887           65555555555444444444444
              777777777777774444444477777777                                    488884   777    745555555555444444444444
              77777777777777444444444777777777777777                             58884           75555555555444444444444
               777777777777744444444477777777777777777     77                    588867777777    75555555555544444444444
                7777777777774444444444447777777777777777777777                   488884777777    45555555555544444444444
                7777777777744444444444477777777777777777777777777777777777       788886777777    45555555555554444444444
                 7777777777444444444477777777777777777777777777777777777777777777758888477777777745555555555554444444444
                 7777777777444444477777777777777777777777777777777777777777777777775888544444777745555555555555444444444
                  777777774444447777777777777777777777777777777777777777777777777777688874444777745555555555555544444444
                   77777774447777777777777777777777777777777777777777777777777777777488864444444456666666555555554444444
                   77777744777777777777777777777777777777777777777777777777777777777755555444455666666666665555554444444
                    7777477777777777777777777777777777777777777777777777777777777777774444555555566666666665555554444444
                 7  7777777777777777777777777777777777777777777777777777777777777777774455544564465566666655555555444444
               77777 777777777777777777777777777777777777777777777777777777777777777777444444555555566666655555555444444
              7777777777777777777   777777777777777777777777777777777777777777777777777777444555565466666655555555544444
             77777777777777          77777777777777777777777777777777777777777777777777777774455566688886665555555554444
