77744777777777777777777774444444444777777777777                                           77777    455555555555555554444
777777777777777777777777444444444444777777777777                                         777777    455555555555555554444
7777777777777777777777777444444444447777777777777                                         77777    455555555555555544444
77777777777777777777777744444444444477777777777777                                        77777    455555555555555544444
77777777777777777777777744444444444477777777777777                                       777777    455555555555555544444
777777777777777777777774444444444444477777777777777                                      777777    455555555555555554444
 77777777777777777777777444444444444477777777777777                                     7777777    455555555555555445444
 7777777777777777777777744444444444447777777777777                                      7777777    555555555555555444444
  77777777777777777777774444444444444777777777777                  777777     777      77777777    555555555555554444444
   7777777777777777777774444444444444777777777777    7           7777777777 77777777  77777777     555555555555554444444
   77777777777777777777474444444444447777777777777              7777777777777777777777777777777    555555555555545444444
    77777777777777777777444444444444477777777777744777          77777777777777777777777777777777777555555555555544444444
    7777777777777777777744444444444444777777   77445557           777777777                77777774555555555555444444444
     77777777777777777777444444444444477        455456647        7777747777777777777777777777777746665555555555444444444
      7777777777777777777444444444444477 7      455555666        777775477   7777744665555555554446666554555554444444444
      7777777777777777777444444444444477 7       56555566555555577777747777777456888888888888888888886554555555444444444
       777777777777777777444444444444777 7       75655555555555555544444444468888888888888888888888886544555555444444444
        77777777777777777774444444444777 7       74566554455555555566544456888888888864455566554456665555555554444444444
        77777777777777777774444444444777 7        7568665444555544688886688888888888544444777777756555555555554444444444
         7777777777777777774444444444777             4888655555444888888888888888864444444477777756555555555554444444444
         7777777777777777777444444447777              888866555446888888888888888544444444477777756555555555544444444444
          777777777777777777744444447777              748647744445888888888888857777444444744777756555555555544444444444
           77777777777777777744444447777  7             7          46888888888865777777774777777766555555555554444444444
           77777777777777777744444447777                             688888888888847777774777777766555555555554444444444
            7777777777777777744444447777                             7688888888888867 7777777777765555555555555444444444
            77777777777777774444444477777                              456688888888885    777777765555555555554444444444
             7777777777777777444444477777                                    4688888885   77   7765555555555555444444444
              77777777777777744444447777777                                    746888885 7777777745555555555555544444444
              777777777777777444444477777777777                                   768885         75555555555555544444444
               777777777777744444444777777777777777                                5888577777    75555555555555544444444
                777777777777444444444447777777777777777                           76888677777    45555555555555544444444
                777777777777444444444447777777777777777777777777777777777         76888877777    45555555555555544444444
                 7777777777744444444477777777777777777777777777777777777777777777775888847777777745555555555555544444444
                  777777777444444477777777777777777777777777777777777777777777777774888844444777745555555555555544444444
                  777777777444447777777777777777777777777777777777777777777777777777588854444777745555555555555544444444
                   77777774447777777777777777777777777777777777777777777777777777777488864444444456666666555555554444444
                   77777744777777777777777777777777777777777777777777777777777777777758884444555666666666665555544444444
                    7777477777777777777777777777777777777777777777777777777777777777745555444455566666666665555554444444
                     777777777777777777777777777777777777777777777777777777777777777774444555554565566666655555554444444
               77777 777777777777777777777777777777777777777777777777777777777777777774455544564565566666655555555444444
               7777777777777777      777777777777777777777   77777777777777777777777777447444555565466666655555555544444
              777777777777             777777777777777  7    77777777777777777777777777777777455565688886665555555554444
