7774477777777777777777777444444444477777777777                                            77777    455555555555555554444
7777777777777777777777777444444444477777777777777                                        777777    455555555555555544444
7777777777777777777777777444444444447777777777777                                        777777    455555555555555444444
7777777777777777777777777444444444447777777777777                                        777777    455555555555554444444
77777777777777777777777744444444444477777777777777                                      7777777    455555555555554444444
777777777777777777777777444444444444477777777777777                                    77777777    455555555555544444444
 77777777777777777777777444444444444477777777777777                                    77777777    455555555555554444444
 7777777777777777777777744444444444447777777777777                                   7777777777    455555555555544444444
  777777777777777777777744444444444447777777777777                          777777  77777777777    555555555555544444444
   77777777777777777777774444444444447777777777777                   77777777777777777777777777   7555555555555544444444
   7777777777777777777777444444444444777777777777                   777777777777777777777777777  77555555555555444444444
    777777777777777777777444444444444777777777777        7447      77777777777777777777777777777777555555555554444444444
    7777777777777777777777444444444447777777             744547            7777777  755544447777774565555555554444444444
     77777777777777777777744444444444777                 4454564      77777777777774888888888665446566555555554444444444
      7777777777777777777744444444444777 7               555545667   754777777777748888888888888888666554555544444444444
      7777777777777777777744444444444777 7               656555565  7747777777777588888866888888888888554555544444444444
       777777777777777777774444444444777 7               756545566655555544444445888888844445555568686544555554444444444
        77777777777777777777444444444777 7                45655555555555565444446888888854444444456655555555554444444444
        77777777777777777777444444447777 7                75666554445555555664458888888854444444456655555555544444444444
         7777777777777777777444444447777                    458665445555544688888888888855444444456655555555444444444444
         7777777777777777777744444447777                      4888655555445888888888888844444444466655555555444444444444
          777777777777777777744444447777                      4888666554448888888888888874744444466655555555544444444444
           77777777777777777744444447777  7                    764777744448888888888888644777744466655555555544444444444
           77777777777777777744444447777  7                                758888888888888647777466655555555554444444444
            7777777777777777744444447777                                     7688888888888888577766655555555554444444444
            77777777777777777444444477777                                     768888888888888885765565555555544444444444
             7777777777777777444444477777                                       7568888888888888885556555555554444444444
              77777777777777744444447777777                                            746888888888556555555554444444444
              7777777777777774444444777777777777                                           74688888555555555554444444444
               777777777777774444444777777777777777                                        75888886555555555555444444444
                777777777777744444444447777777777777777                              77777768888845555555555555444444444
                77777777777744444444444777777777777777777777777777777777            777777688888745555555555555444444444
                 7777777777744444444477777777777777777777777777777777777777777777777777775888867745555555555555444444444
                  777777777444444477777777777777777777777777777777777777777777777777777748888577745555555555555444444444
                  777777777444477777777777777777777777777777777777777777777777777777777768885777745566655555555544444444
                   77777774447777777777777777777777777777777777777777777777777777777777468854444456666666655555544444444
                   77777744777777777777777777777777777777777777777777777777777777777774445644555666666666665555544444444
                    7777477777777777777777777777777777777777777777777777777777777777774444554555566666666665555554444444
                     777777777777777777777777777777777777777777777777777777777777777777444445564465566666655555554444444
               77777 777777777777777777777777777777777777777777777777777777777777777777777744554555566666655555555444444
               7777777777777777      7777777777777777777     77777777777777777777777777777777555555466666655555555544444
              777777777777             7   777 777 7          7777777777777777777777777777777455565688886665555555554444
