7774477777777777777777774444444444477777777777777                                        777777    755555555555555554444
77777777777777777777777744444444444477777777777777                                       777777    455555555555555544444
77777777777777777777777774444444444477777777777777                                       777777    455555555555555444444
77777777777777777777777744444444444477777777777777                                      7777777    455555555555555444444
777777777777777777777777444444444444477777777777777                                     7777777    455555555555554444444
7777777777777777777777744444444444444777777777777777                                    7777777    455555555555554444444
 77777777777777777777774444444444444477777777777777777                                  7777777    455555555555554444444
 777777777777777777777774444444444444477777777777777777                              7777777777    455555555555544444444
  77777777777777777777774444444444444777777777777777777                        7777777777777777    555555555555544444444
   7777777777777777777774444444444444477777777777777777                      777777777777777777   7555555555555544444444
   77777777777777777777774444444444444777777777777777777             777777777777777777777777777 77555555555555544444444
    7777777777777777777744444444444444777777777777777777           77777777777777777777777777777777555555555554444444444
    77777777777777777777744444444444447777777                 747               777 744444477777774555555555554444444444
     77777777777777777777444444444444477 77                   74557   7     77777777688888888665446566555555554444444444
      7777777777777777777444444444444477 7                   4755454  57       77774888888888888888666554555554444444444
      7777777777777777777444444444444477 7                  7655555667     777777776888888888888888888554555544444444444
       777777777777777777444444444444477 7                  785655556577744477744448888886445555568886544555554444444444
       777777777777777777744444444444777 7                   75565555665555555444458888888644444456665555555554444444444
        77777777777777777774444444444777 7                    4466555555555556554458888888864444456655555555544444444444
         7777777777777777774444444444777 7                    4566655444555555566558888888884444466655555555544444444444
         7777777777777777777444444444777  7                     45866554455554458888888888885444466655555555444444444444
          777777777777777777744444447777  7                       788885555547488888888888885444466655555555544444444444
           77777777777777777444444447777  7                       788866655444588888888888885744466655555555554444444444
           777777777777777777444444477777 7                        754   77444588888888888888654766665555555554444444444
            77777777777777774444444477777 7                                     7588888888888888665566555555554444444444
            77777777777777774444444477777 7                                       76888888888888888666655555554444444444
             7777777777777777444444477777                                           588888888888888886665555554444444444
              777777777777777444444477777777                                          7455556888888888865555555444444444
              777777777777774444444447777777777777                                           756888888886555554444444444
               77777777777774444444447777777777777777                                           488888886555555444444444
                7777777777774444444444447777777777777777   777                       7777777  58888888665555555444444444
                777777777777444444444447777777777777777777777777777777777          7777777777688888866655555555444444444
                 7777777777444444444477777777777777777777777777777777777777777777777777777748888886655555555555444444444
                  777777777444444477777777777777777777777777777777777777777777777777777774588886545555555555555444444444
                  777777774444447777777777777777777777777777777777777777777777777777777776888647745566655555555544444444
                   77777774447777777777777777777777777777777777777777777777777777777777444685444456666866655555544444444
                   77777744777777777777777777777777777777777777777777777777777777777774444564555666666666665555544444444
                    7777477777777777777777777777777777777777777777777777777777777777777444455555566666666665555544444444
                 7  7777777777777777777777777777777777777777777777777777777777777777777777445564455566666655555554444444
               77777 777777777777777777777777777777777777777777777777777777777777777777777744555555566666655555554444444
             77777777777777777777 777777777777777777777777 7777777777777777777777777777777774555555466666655555555444444
            7777777777777777          77777777777777777777  777777777777777777777777777777777455565688886665555555544444
