7774477777777777777777774444444444477777777777777                                        777777    455555555555555554444
77777777777777777777777744444444444477777777777777                                      7777777    455555555555555554444
77777777777777777777777744444444444477777777777777                                      7777777    455555555555555544444
777777777777777777777777444444444444477777777777777                                     7777777    455555555555555544444
7777777777777777777777744444444444444777777777777777                                    7777777    455555555555555544444
777777777777777777777774444444444444447777777777777777                                  7777777    455555555555555554444
 777777777777777777777744444444444444477777777777777777                                 7777777    455555555555555445444
 7777777777777777777777444444444444444777777777777777777                            77777777777    455555555555555444444
  7777777777777777777777444444444444447777777777777777777                        77777777777777    555555555555554444444
   777777777777777777777444444444444447777777777777777777                    777777777777777777  77555555555555554444444
   7777777777777777777774444444444444477777777777777777777         77777777777777777777777777777777555555555555544444444
    7777777777777777777744444444444444477777777777777777777       777777777777777777777777777777774555555555555544444444
    777777777777777777774444444444444447777777                  7                 77745554447777774555555555555544444444
     77777777777777777777444444444444477 77                    7454   7     77777777588888888865446566555555555444444444
      7777777777777777777444444444444477 7                    444555  57        7774888888888888888666554555554444444444
      7777777777777777774444444444444477 7                   464555565     777777775888888888888888888554555554444444444
       777777777777777777444444444444477 7                   5656555564 777777774446888888545555568686544555554444444444
       777777777777777777744444444444477 7                    6556555666555555544446888888864444456665555555554444444444
        77777777777777777774444444444777 7                    4456555555555555655446888888885444456655555555544444444444
         7777777777777777774444444444777 77                   7456665544555555556656888888886444466655555555544444444444
         7777777777777777777444444444777  7                     46686554445555446888888888888444466655555555544444444444
          777777777777777777444444444777  7                       758886555554448888888888888544466655555555544444444444
           777777777777777774444444447777 7                        48886665444458888888888888444466665555555554444444444
           777777777777777774444444477777 7                         5857777444458888888888888865465665555555554444444444
            77777777777777774444444477777 7                                      458888888888888886566555555554444444444
            77777777777777774444444477777 7                                        7688888888888888866655555554444444444
             7777777777777777444444477777                                            58888888888888886665555555444444444
              777777777777777444444447777777                                           745555688888888866555555444444444
              777777777777774444444447777777777777777                                         45888888886555555444444444
               777777777777744444444477777777777777777                                 77777     58888888555555444444444
                77777777777744444444444477777777777777777 7777                       7777777  75888888886555555444444444
                77777777777744444444444777777777777777777777777777777777777     7777777777777488888888665555555444444444
                 7777777777444444444477777777777777777777777777777777777777777777777777777775888888665555555555444444444
                 7777777777444444477777777777777777777777777777777777777777777777777777777468888655555555555555444444444
                  777777774444447777777777777777777777777777777777777777777777777777777774888864745566655555555544444444
                   77777774447777777777777777777777777777777777777777777777777777777777444568544456666866655555544444444
                   77777744777777777777777777777777777777777777777777777777777777777777444554555666666666665555544444444
                    7777477777777777777777777777777777777777777777777777777777777777777744455555566666666665555544444444
               7 7  7777777777777777777777777777777777777777777777777777777777777777777777445564455566666655555554444444
              7777777777777777777777777777777777777777777777777777777777777777777777777777744555455566666655555554444444
            777777777777777777777777777777777777777777777777777777777777777777777777777777774555555466666655555554444444
          7 77777777777777777        77777777777777777777  7777777777777777777777777777777777455565688886655555555544444
