7774477777777777777777774444444444477777777777                                            77777    455555555555544444444
777777777777777777777777444444444444777777777777                                         777777    455555555555444444444
7777777777777777777777774444444444447777777777777                                        777777    455555555555544444444
77777777777777777777777744444444444477777777777777                                       777777    455555555555444444444
77777777777777777777777744444444444447777777777777                                      7777777    455555555554444444444
777777777777777777777774444444444444477777777777777                                     7777777    455555555554444444444
 77777777777777777777744444444444444477777777777777                                     7777777    455555555554444444444
 77777777777777777777774444444444444477777777777777                                      777777    455555555544444444444
  77777777777777777777774444444444444777777777777777                                     77777     555555555544444444444
   7777777777777777777774444444444444777777777777777 7          7777777777777            77777     555555555544444444444
   77777777777777777777444444444444447777777777777777          7777777777777777         777777     555555555544444444444
    777777777777777777774444444444444777777744477777777   777  77777777777777777       77777777  77555555555444444444444
    77777777777777777777444444444444447777777455577             777777777                     77777555555555544444444444
     77777777777777777774444444444444477    44555565           777777777777777777777777777777777746555555555544444444444
      7777777777777777774444444444444477 7  7565555665          7777 75777       777444777777777746565554455544444444444
      7777777777777777774444444444444477 7   756555566554555547777777777777745666888888888888888888886554555544444444444
       777777777777777777444444444444477 7    45655555555555555544444444456888888888888888888888888886544455544444444444
        77777777777777777444444444444477 7     4566555444555554566665545888888888888865666888665566665555555544444444444
        77777777777777777744444444444777 7     7466666555555544488888888888888888886444444777777756555555555444444444444
         7777777777777777774444444444777        756688886555544588888888888888888644444444777777756555555555444444444444
         7777777777777777777444444447777  7        748888665555588888888888888654444444444777777756555555555444444444444
          777777777777777777444444447777  7          7586777444468888888888885777777777774777777756555555555444444444444
           77777777777777777444444447777  7           44         7588888888888677777777774777777755555555555444444444444
           77777777777777777744444447777  7                        58888888888885  7777774777777765555555555544444444444
            7777777777777777444444447777  7                         468888888888867  77777 77777765555555555444444444444
            77777777777777774444444477777                              7745888888887          77765555555555544444444444
             7777777777777777444444477777                                   588888887           765555555555554444444444
              77777777777777744444447777777                                   7588886    7777  7745555555555554444444444
              7777777777777744444444777777777777                                48886           745555555555554444444444
               77777777777774444444477777777777777777                           7888877777777   745555555555555444444444
                7777777777774444444444477777777777777777                         688867777777   745555555555555544444444
                77777777777744444444444477777777777777777777777777777777         5888847777777  745555555555555544444444
                 7777777777444444444477777777777777777777777777777777777777777777488885777777777745555555555555554444444
                  777777777444444477777777777777777777777777777777777777777777777748888444444777745555555555555554444444
                  777777774444447777777777777777777777777777777777777777777777777775888574444477445666655555555554444444
                   77777774447777777777777777777777777777777777777777777777777777777588844444444556666666655555555444444
                   77777744777777777777777777777777777777777777777777777777777777777766664444555666666666665555555444444
                    7777477777777777777777777777777777777777777777777777777777777777744455555565566666666665555555444444
                     777777777777777777777777777777777777777777777777777777777777777774445554564565566666665555555544444
                7777 777777777777777777777777777777777777777777777777777777777777777777444444555565566666665555555554444
               77777777777777777     77777777777777777777 77777777777777777777777777777777444555565466666665555555554444
              777777777777             777777777777777      777777777777777777777777777777744455566688886665555555555444
