777447777777777777777777744444444447777777777                                             77777    455555555555444444444
777777777777777777777777774444444444777777777777                                         777777    455555555555444444444
7777777777777777777777777444444444447777777777777                                        777777    455555555555544444444
7777777777777777777777777444444444447777777777777                                        777777    455555555555444444444
77777777777777777777777744444444444477777777777777                                      7777777    455555555554444444444
777777777777777777777777444444444444777777777777777                                      777777    455555555555444444444
 7777777777777777777777744444444444447777777777777                                      7777777    455555555554444444444
 7777777777777777777777744444444444447777777777777                                       777777    455555555544444444444
  77777777777777777777774444444444444777777777777                   77777       777777   77777     555555555544444444444
   7777777777777777777777444444444444777777777777                  77777777   77777777777777777    555555555544444444444
   7777777777777777777777444444444444777777777777                 77777777777777777777777777777   7555555555544444444444
    77777777777777777777744444444444477777777777777447           7777777777777777777777777777777777555555555444444444444
    777777777777777777777444444444444777777       74454              77777                   777774555555555444444444444
     77777777777777777777444444444444777          4454554           7777777777777774688666655447746565555555544444444444
      7777777777777777777444444444444777 7        755555554         7754777   777588888888888888668666554455544444444444
      7777777777777777777744444444444777 7         6665555647  777777747777777758888888888888888888886554455544444444444
       777777777777777777774444444444777 7         656544555555555554444444445888888886445666666668886544455444444444444
        77777777777777777774444444444777 7          45665554455555555544444458888888864444477777756655555555444444444444
        77777777777777777777444444447777 7          44566655444555555665544688888888844444447777756555555555444444444444
         7777777777777777777444444447777             7566866665555544688888888888888544444444477756555555555444444444444
         7777777777777777777744444447777               74568886555445888888888888885444444444444456555555555444444444444
          777777777777777777744444447777                  46866655556888888888888857777774744444466555555555444444444444
           77777777777777777744444447777  7                464   7744568888888888864777774774444466555555555444444444444
           77777777777777777744444447777  7                            5888888888888864774777744466555555555444444444444
            7777777777777777744444447777                                488888888888888647 77777765555555555444444444444
             7777777777777777444444477777                                758888888888888864  777765555555555544444444444
             7777777777777777444444477777                                   74445588888888867 77765555555555554444444444
              77777777777777744444447777777                                        7456888885777745555555555554444444444
              777777777777774444444477777777777                                        788884   775555555555554444444444
               7777777777777744444447777777777777777                                  7688887    45555555555555444444444
                777777777777444444444447777777777777777                              74888867    45555555555555544444444
                777777777777444444444447777777777777777777777777777777              776888847    45555555555555544444444
                 7777777777744444444477777777777777777777777777777777777777777777777776888877777745555555555555544444444
                  777777777444444477777777777777777777777777777777777777777777777777776888544777745555555555555544444444
                  777777777444477777777777777777777777777777777777777777777777777777775888444777445565655555555554444444
                   77777774447777777777777777777777777777777777777777777777777777777776888444444456666666655555554444444
                   77777744777777777777777777777777777777777777777777777777777777777775686444555666666666665555555444444
                    7777477777777777777777777777777777777777777777777777777777777777774455555555566666666665555555444444
                     777777777777777777777777777777777777777777777777777777777777777774445555564565566666665555555544444
                 777 777777777777777777777777777777777777777777777777777777777777777777444444555565566666665555555544444
               777777777777777        7777777777777777      777777777777777777777777777777444555565466666665555555554444
              77777777777                          7         77777777777777777777777777777774455566688886665555555554444
