777447777777777777777777744444444447777777777777                                          77777    455555555555555554444
7777777777777777777777777744444444447777777777777                                        777777    455555555555555544444
7777777777777777777777777444444444447777777777777                                        777777    455555555555555444444
77777777777777777777777774444444444477777777777777                                       777777    455555555555555544444
77777777777777777777777774444444444477777777777777                                      7777777    455555555555554444444
777777777777777777777777444444444444477777777777777                                     7777777    455555555555554444444
 777777777777777777777774444444444444777777777777777                                   77777777    455555555555554444444
 777777777777777777777774444444444444777777777777777                                  777777777    455555555555555444444
  77777777777777777777774444444444444777777777777777                         777    77777777777    555555555555554444444
   7777777777777777777777444444444444777777777777777 7                 777777777777777777777777   7555555555555544444444
   7777777777777777777777444444444444777777777777777               7777777777777777777777777777  77555555555555544444444
    7777777777777777777774444444444447777777777777777              77777777777777777777777777777777555555555555444444444
    7777777777777777777777444444444444777777             744                777     744444777777774555555555554444444444
     77777777777777777777744444444444777                 744554       77777777777774688888888655446566555555554444444444
      7777777777777777777744444444444777 7               44545657     54   777777748888888888888888666554555554444444444
      7777777777777777777744444444444777 7               555555667    77777777777488888866888888888888554555544444444444
       777777777777777777774444444444777 7               556555566444444447444444888888844445555568886544555554444444444
        77777777777777777774444444444777 7                46555566655555554444446888888854444444456655555555554444444444
        77777777777777777777444444447777 7                44565554555555556644448888888864444444456655555555544444444444
         7777777777777777777744444447777                   4666654445555545686568888888865444444456655555555544444444444
         7777777777777777777744444447777                     46866555555445888888888888864444444466655555555544444444444
          777777777777777777744444447777                      7888865554446888888888888854744444466655555555544444444444
           77777777777777777744444447777  7                   7588655555448888888888888844777444466655555555544444444444
           77777777777777777744444447777                        47      777568888888888888657777466655555555554444444444
            7777777777777777744444447777                                     4688888888888888577766665555555554444444444
            77777777777777777444444477777                                      68888888888888885465565555555554444444444
             7777777777777777444444477777                                       4688888888888888885556555555554444444444
              77777777777777744444447777777                                         777746888888888556555555555444444444
              7777777777777774444444777777777777                                          745688888655555555554444444444
               777777777777774444444777777777777777                                        74688886556555555555444444444
                777777777777744444444447777777777777777                               7777758888865555555555555444444444
                777777777777444444444447777777777777777777777777777777777           777777588888545555555555555444444444
                 7777777777744444444477777777777777777777777777777777777777777777777777774888885745555555555555444444444
                  777777777444444777777777777777777777777777777777777777777777777777777746888647745555555555555444444444
                  777777777444477777777777777777777777777777777777777777777777777777777758886777745566655555555544444444
                   77777774447777777777777777777777777777777777777777777777777777777777468864444456666666655555544444444
                   77777744777777777777777777777777777777777777777777777777777777777777445644555666666666665555544444444
                    7777477777777777777777777777777777777777777777777777777777777777774444554555566666666665555554444444
                     777777777777777777777777777777777777777777777777777777777777777777444445564465566666655555554444444
               77777 777777777777777777777777777777777777777777777777777777777777777777777744564555566666655555554444444
               7777777777777777       777777777777777777 7    7777777777777777777777777777777555565466666655555555444444
              777777777777              77 7777777777         7777777777777777777777777777777455565688886665555555544444
