777447777777777777777777444444444447777777777777                                         777777    455555555555544444444
7777777777777777777777774444444444447777777777777                                        777777    455555555555444444444
77777777777777777777777774444444444477777777777777                                      7777777    455555555555544444444
77777777777777777777777744444444444477777777777777                                      7777777    455555555555444444444
7777777777777777777777774444444444447777777777777777                                    7777777    455555555555444444444
7777777777777777777777774444444444444777777777777777                                    7777777    455555555555444444444
 7777777777777777777777444444444444447777777777777777                                   7777777    455555555554444444444
 7777777777777777777777744444444444447777777777777777                                   7777777    455555555544444444444
  777777777777777777777744444444444447777777777777777                         7777777 777777777    555555555544444444444
   777777777777777777777444444444444477777777777777777                       777777777777777777   7555555555544444444444
   777777777777777777777744444444444477777777777777777              7777777777777777777777777777 77555555555544444444444
    77777777777777777777444444444444447777777777777777             77777777777777777777777777777777555555555444444444444
    7777777777777777777774444444444444777777                7447                    768886655477774555555555544444444444
     77777777777777777777444444444444477                    74555     7     77777777688888888886546566555555444444444444
      7777777777777777777444444444444777 7                  445555    57      777775888888888888888666554555444444444444
      7777777777777777777444444444444777 7                 555555557       777777776888886668888888888554555444444444444
       777777777777777777744444444444777 7                 8856555554444444477444448888888544444566685444455444444444444
       777777777777777777774444444444777 7                 5855654455565555554444458888888844444456655555555444444444444
        77777777777777777774444444444777 7                  454566555455555555544458888888864444456655555555444444444444
         7777777777777777774444444444777                     54566655444555555566568888888864444466655555555444444444444
         7777777777777777777744444447777  7                  74686866655555544588888888888884444466655555555444444444444
          777777777777777777744444447777  7                     74568886555444688888888888884444466655555555444444444444
           77777777777777777744444447777  7                        58866655444688888888888885474466655555555444444444444
           77777777777777777744444447777  7                         667  77744568888888888888885465665555555544444444444
            77777777777777774444444477777 7                                     7568888888888888886566555555444444444444
            77777777777777774444444477777 7                                       76888888888888888866655555544444444444
             7777777777777777444444477777                                           458888888888888888665555554444444444
              77777777777777744444447777777                                             77774588888888865555554444444444
              77777777777777444444447777777777777                                              7688888885555554444444444
               77777777777774444444477777777777777777                                         46888888665555555444444444
                77777777777744444444444777777777777777777  77                        77777777688888866655555555444444444
                77777777777744444444444777777777777777777777777777777777           7777777746888888655555555555444444444
                 7777777777744444444477777777777777777777777777777777777777777777777777777588888555555555555555444444444
                  777777777444444477777777777777777777777777777777777777777777777777777746888857745555555555555544444444
                  777777774444447777777777777777777777777777777777777777777777777777777444686477745566655555555544444444
                   77777774447777777777777777777777777777777777777777777777777777777774444554444556666666655555554444444
                   77777744777777777777777777777777777777777777777777777777777777777777444455555666666666665555555444444
                    7777477777777777777777777777777777777777777777777777777777777777777774445665566666666665555554444444
                 7  7777777777777777777777777777777777777777777777777777777777777777777777444555465566666665555555444444
               77777 777777777777777777777777777777777777777777777777777777777777777777777744555565566666655555555444444
              777777777777777777     777777777777777777777 7777777777777777777777777777777744555565466666665555555544444
              7777777777777            777777777777777     7777777777777777777777777777777774455566688886665555555554444
