777447777777777777777777444444444447777777777777                                          77777    455555555555555554444
7777777777777777777777774444444444447777777777777                                        777777    455555555555555544444
77777777777777777777777744444444444477777777777777                                      7777777    455555555555555444444
77777777777777777777777744444444444477777777777777                                      7777777    455555555555555444444
777777777777777777777777444444444444477777777777777                                     7777777    455555555555554444444
7777777777777777777777744444444444444777777777777777                                    7777777    455555555555554444444
 777777777777777777777444444444444444777777777777777                                    7777777    455555555555554444444
 77777777777777777777774444444444444477777777777777777                                  7777777    455555555555554444444
  77777777777777777777774444444444444777777777777777777           7777777    777        7777777    555555555555544444444
   7777777777777777777774444444444444777777777777777777          7777777777777777       777777     555555555555544444444
   777777777777777777774444444444444447777777777777777777       77777777777777777777 777777777     555555555554444444444
    77777777777777777777444444444444447777777774447777777777   77777777777777777777       7777    7555555555554444444444
    77777777777777777777444444444444447777777 774454447          7777777777                    7777555555555554444444444
     77777777777777777774444444444444477 7     445456667         777777777777777    777777777777746555555555554444444444
      7777777777777777774444444444444477 7     7655556665        777775477          777777777777746555554555544444444444
      7777777777777777774444444444444477 7      466555666444554477777747777777777445666666668886668886554555544444444444
       777777777777777777444444444444477 7       56555555555555654444444444445688888888888888888888886544555544444444444
       777777777777777777444444444444477 7       45665544555555556554444455888888888888888888866666665555555544444444444
        77777777777777777744444444444777 7        4666655445555445888655688888888888854444444777756555555555444444444444
         7777777777777777774444444444777 7          46886655555446888888888888888885444444777777756555555555444444444444
         7777777777777777777444444444777  7          4888866554458888888888888888644444444777777756555555555444444444444
          777777777777777777444444444777  7           468844455558888888888888854777777774777777756555555555444444444444
           77777777777777777444444444777  7            77        7468888888888677777777774777777755555555555444444444444
           77777777777777777444444447777  7                        768888888888857 7777774777777765555555555444444444444
            77777777777777774444444477777 7                         768888888888884   7777777777765555555554444444444444
            77777777777777774444444477777 7                           58888888888885       77777765555555555544444444444
             7777777777777777444444477777                                7446888888867         7765555555555544444444444
              777777777777774444444477777777                                 7588888887  7777   745555555555444444444444
              777777777777774444444477777777777777                              4688885          75555555555544444444444
               77777777777774444444447777777777777777                             68885777777    75555555555544444444444
                7777777777774444444444447777777777777777   777                    58885777777    45555555555554444444444
                7777777777774444444444477777777777777777777777777777777777       768888777777    45555555555554444444444
                 7777777777444444444477777777777777777777777777777777777777777777758888477777777745555555555555444444444
                 7777777777444444477777777777777777777777777777777777777777777777748888544444777745555555555555444444444
                  777777774444447777777777777777777777777777777777777777777777777775888674444777745555555555555544444444
                   77777774447777777777777777777777777777777777777777777777777777777688844444444456666666555555544444444
                   77777744777777777777777777777777777777777777777777777777777777777488854444555666666666665555544444444
                    7777477777777777777777777777777777777777777777777777777777777777768864444455566666666665555554444444
                 7  7777777777777777777777777777777777777777777777777777777777777777744455555564465566666655555554444444
               77777 777777777777777777777777777777777777777777777777777777777777777774444554564555566666655555554444444
              777777777777777777   7777777777777777777777777777777777777777777777777777454444555555466666655555555544444
             77777777777777           77777777777777777777 7777777777777777777777777777777774455565688886655555555554444
