77744777777777777777777777444444444777777777777                                          7 7777    455555555555555554444
777777777777777777777777774444444447777777777777                                         777777    455555555555555554444
7777777777777777777777777444444444447777777777777                                        777777    455555555555555544444
7777777777777777777777777444444444447777777777777                                        777777    455555555555555544444
77777777777777777777777744444444444477777777777777                                      7777777    455555555555555544444
777777777777777777777777444444444444477777777777777                                     7777777    455555555555555555444
 7777777777777777777777744444444444447777777777777                                   7777777777    455555555555555455444
 7777777777777777777777744444444444447777777777777                                  77777777777    555555555555555444444
  77777777777777777777777444444444444777777777777                      7777777     777777777777    555555555555555444444
   7777777777777777777777444444444444777777777777                   777777777777777777777777777    555555555555554444444
   7777777777777777777777444444444444777777777777                  7777777777777777777777777777  77555555555555555444444
    777777777777777777777444444444444777777777777    777          777777777777777777777777777777777555555555555545444444
    777777777777777777777744444444444777777          774544            7777777           7777777774555555555555555444444
     77777777777777777777744444444444777             74545667        777777777777774688666665547746666555555555554444444
      7777777777777777777744444444444777 7           755545665       754777777777768888888888888668666554555555444444444
      7777777777777777777744444444444777 7           7555555667   777747777777775888888888888888888886554555555444444444
       777777777777777777774444444444777 7            756555666555555544444444488888888445566666668886544555555444444444
        77777777777777777777444444447777 7            745555555555555655444445888888885444444477756655555555554444444444
        77777777777777777777444444447777 7             45665544445555555665458888888885444444447756555555555555444444444
         7777777777777777777744444447777                 568655445555446888888888888864444444444456555555555554444444444
         7777777777777777777744444447777                   6888655554458888888888888844444444444456555555555544444444444
          777777777777777777744444447777                   6888655555468888888888888577444744444466555555555554444444444
           77777777777777777744444447777                    754    77746888888888888477774774444466555555555554444444444
           77777777777777777744444447777                                768888888888886474777774466555555555554444444444
            7777777777777777744444447777                                  5888888888888864 77777766555555555554444444444
            7777777777777777744444447777                                   46888888888888864  77765555555555554444444444
             7777777777777777444444477777                                    75566688888888867 7765555555555555444444444
              77777777777777744444447777777                                         458888888847745555555555555544444444
              777777777777777444444477777777777                                        74688885 775555555555555544444444
               7777777777777744444447777777777777 7                                     7688887  75555555555555544444444
                777777777777744444444447777777777777777                               77688884   45555555555555544444444
                777777777777444444444447777777777777777777777777777777777            774888887   45555555555555544444444
                 7777777777744444444477777777777777777777777777777777777777777777777777688885777745555555555555444444444
                  777777777444444777777777777777777777777777777777777777777777777777777688864777745555555555555544444444
                  777777777444477777777777777777777777777777777777777777777777777777777688844777745565555555555544444444
                   77777774447777777777777777777777777777777777777777777777777777777774888644444456666666555555554444444
                   77777744777777777777777777777777777777777777777777777777777777777774888544555666666666665555544444444
                    7777477777777777777777777777777777777777777777777777777777777777777456544555566666666665555554444444
                     777777777777777777777777777777777777777777777777777777777777777774445555554555566666655555554444444
               77777 777777777777777777777777777777777777777777777777777777777777777774455444564555566666655555554444444
               777777777777777        777777777777777777     7 777777777777777777777777777774555555466666655555555444444
              777777777777                   77777777          777777777777777777777777777777455555688886655555555544444
