77744777777777777777774444444444444477777777777777                                      7777777    455555555555555544444
777777777777777777777744444444444444477777777777777                                     7777777    455555555555555444444
7777777777777777777777444444444444444777777777777777                                   77777777    455555555555554444444
7777777777777777777777444444444444444777777777777777                                   77777777    455555555555554444444
777777777777777777777744444444444444447777777777777777                                 77777777    455555555555544444444
7777777777777777777777444444444444444477777777777777777                                77777777    455555555555544444444
 7777777777777777777744444444444444444777777777777777777                               77777777    455555555555544444444
 77777777777777777777744444444444444444777777777777777777                      777  77777777777    455555555555444444444
  7777777777777777777744444444444444444777777777777777777            777 7  7777777777777777777    555555555554444444444
   7777777777777777777744444444444444447777777777777777777          777777777777777777777777777   7555555555554444444444
   77777777777777777777444444444444444477777777777777777777       777777777777777777777777777777 77555555555554444444444
    77777777777777777774444444444444444777777777777777777777      777777777777777777777777777777777555555555544444444444
    777777777777777777744444444444444447777777             4447               777   756655554777774555555555544444444444
     77777777777777777744444444444444447 777              774554      77777777777777688888888865446566555555544444444444
      7777777777777777744444444444444447 7                 4455557    57    77777776888888888888888666554555544444444444
      7777777777777777744444444444444447 7                456555566   77777777777758888885688888888888554555444444444444
       777777777777777774444444444444447 7                46565555655555555444444468888885444555568686444555444444444444
       777777777777777774444444444444447 7                 5566555556555555644444588888888444444456555555555444444444444
        7777777777777777744444444444447777                 7446655544555555556544588888888544444456555555555444444444444
         7777777777777777444444444444477777                 456666554455555445886888888888544444466555555555444444444444
         7777777777777777744444444444477777                   4568866555554748888888888888544444466655555555444444444444
          7777777777777777444444444447777 7                      5888655444458888888888888474444466655555555444444444444
           777777777777777444444444447777 7                      7686445555468888888888888547774466555555555444444444444
           777777777777777444444444447777 7                       44        74688888888888888657765555555555544444444444
            77777777777777444444444447777 7                                    46888888888888888565565555555444444444444
            77777777777777444444444447777 7                                      588888888888888886656655555544444444444
             7777777777777444444444447777                                         75688888888888888866655555554444444444
              7777777777777444444444477777777                                            7456888888886665555554444444444
              777777777777744444444447777777777777777777  7777                                46888886655555554444444444
               777777777777444444444477777777777777777777777777                     777777 77588888866655555555444444444
                77777777777444444444444477777777777777777777777                   77777777776888888555555555555444444444
                77777777777444444444444477777777777777777777777777777777777777777777777777768888865555555555555444444444
                 7777777774444444444447777777777777777777777777777777777777777777777777777688886445555555555555444444444
                 7777777774444444447777777777777777777777777777777777777777777777777777746888647745555555555555444444444
                  777777774444444777777777777777777777777777777777777777777777777777777758886777745566655555555544444444
                   77777744444777777777777777777777777777777777777777777777777777777774444664444456666666655555554444444
                   77777444477777777777777777777777777777777777777777777777777777777774444554555666666666665555544444444
                    7777477777777777777777777777777777777777777777777777777777777777777444445555566666666665555554444444
              7777  7774777777777777777777777777777777777777777777777777777777777777777774444565465566666665555555444444
             77777777777777777777777777777777777777777777777777777777777777777777777777774444555555566666655555555444444
          7 777777777777777777777777777777777777777777777777777777777777777777777777777777444555565466666655555555544444
          77777777777777777777     7777777777777777777777777777777777777777777777777777777744455566688886665555555554444
