7774477777777777777777774444444444477777777777777                                         77777    455555555555555554444
7777777777777777777777774444444444447777777777777                                        777777    455555555555555554444
77777777777777777777777744444444444477777777777777                                       777777    455555555555555544444
77777777777777777777777744444444444477777777777777                                      7777777    455555555555555544444
7777777777777777777777744444444444444777777777777777                                    7777777    455555555555555544444
7777777777777777777777744444444444444777777777777777                                    7777777    455555555555555554444
 77777777777777777777774444444444444477777777777777777                777               7777777    455555555555555445444
 777777777777777777777774444444444444777777777777777777             777777          7   7777777    455555555555555444444
  777777777777777777777744444444444447777777777777777777          77777777    777777777 7777777    555555555555554444444
   77777777777777777777744444444444444777777777777777777         777777777777777777777777777777    555555555555554444444
   777777777777777777774444444444444447777777777777777777777    7777777777777777777777777777777   7555555555555544444444
    77777777777777777777444444444444447777777777774447777777   777777777777777777777777777777777777555555555555444444444
    77777777777777777777444444444444447777777    4445544           777777777               77777774555555555554444444444
     77777777777777777774444444444444477 77      44545665         777747777777777777444777777777746555555555554444444444
      7777777777777777774444444444444477 7       765555666        777454777777777458888888888665556666554555554444444444
      7777777777777777774444444444444477 7        4655556654444447777747777777568888888888888888888886554555544444444444
       777777777777777777444444444444477 7        7565555565555556444444444458888888886568888888888886544555554444444444
       777777777777777777444444444444477 7        7456655445555555566544445888888888854444444447756555555555544444444444
        77777777777777777744444444444477 7         756666544455554468888668888888888444444777777756555555555444444444444
         7777777777777777744444444444777 7           7588865555544488888888888888884444444777777756555555555444444444444
         7777777777777777777444444444777  7            68886655544688888888888888644444444447777756555555555444444444444
          777777777777777777444444447777  7            45886444455688888888888885777777774744447756555555555444444444444
           777777777777777774444444477777 7              47        74688888888888647777774777444466555555555444444444444
           777777777777777777444444477777 7                           68888888888886477774777777765555555555444444444444
            77777777777777774444444477777 7                            6888888888888867 77 77777765555555555444444444444
            77777777777777774444444477777 7                             4568888888888885     777765555555555544444444444
             7777777777777777444444477777                                     756888888867      765555555555544444444444
              777777777777777444444477777777                                     745688885777  7745555555555444444444444
              7777777777777744444444777777777777777                                 788884       75555555555544444444444
               777777777777744444444477777777777777777     77                       488887777    75555555555544444444444
                77777777777744444444444477777777777777777  777                      588887777    75555555555545444444444
                7777777777774444444444477777777777777777777777777777777777        77688884777    45555555555554444444444
                 7777777777444444444477777777777777777777777777777777777777777777777588884777777745555555555555444444444
                 7777777777444444477777777777777777777777777777777777777777777777777488884444777745555555555555444444444
                  777777777444447777777777777777777777777777777777777777777777777777768884444777745555555555555544444444
                   77777774447777777777777777777777777777777777777777777777777777777758884444444456666666555555544444444
                   77777744777777777777777777777777777777777777777777777777777777777748885444555666666666665555544444444
                    7777477777777777777777777777777777777777777777777777777777777777774455444455566666666665555544444444
                 7  7777777777777777777777777777777777777777777777777777777777777777774444555554455566666655555554444444
               77777 777777777777777777777777777777777777777777777777777777777777777774455444564555566666655555554444444
             77777777777777777777   777777777777777777777777777777777777777777777777777777744555555466666655555554444444
            7777777777777777          7777777777777777777777777777777777777777777777777777777455565688886655555555544444
