777447777777777777777777444444444447777777777777                                          77777    455555555555555554444
7777777777777777777777774444444444447777777777777                                        777777    455555555555555554444
77777777777777777777777744444444444477777777777777                                       777777    455555555555555444444
77777777777777777777777744444444444477777777777777                                      7777777    455555555555555544444
777777777777777777777777444444444444477777777777777                                     7777777    455555555555555544444
7777777777777777777777744444444444444777777777777777                                    7777777    455555555555555554444
 77777777777777777777744444444444444477777777777777777                                  7777777    455555555555555445444
 777777777777777777777744444444444444777777777777777777            77777                7777777    455555555555555444444
  77777777777777777777774444444444444477777777777777777           77777777   7777       7777777    555555555555554444444
   77777777777777777777744444444444444777777777777777777        7777777777777777777   7 777777     555555555555554444444
   7777777777777777777744444444444444477777777777777777777 7    7777777777777777777777777777777    555555555555544444444
    77777777777777777777444444444444447777777777454777777777   777777777777777777777777777777777777555555555555544444444
    77777777777777777777444444444444447777777  44455557          77777777777               77777774555555555555444444444
     77777777777777777774444444444444477 77    445545664        77777747777777777777777777777777746555555555554444444444
      7777777777777777774444444444444477 7      555556665        7777754777777777774555445555544446565554555554444444444
      7777777777777777774444444444444477 7      756555666555555477777747777774556888888888888888888886554555544444444444
       777777777777777777444444444444477 7       56555555555555555444444444568888888888888888888888886544555554444444444
       777777777777777777444444444444477 7       45665554455555555666544468888888888865456666555456665555555544444444444
        77777777777777777744444444444477 7        4668655445555445888888888888888886544474777777756555555555444444444444
         7777777777777777744444444444777 7          46888655555446888888888888888854444444777777756555555555444444444444
         7777777777777777774444444444777  7          5888866555558888888888888885444444444777777756555555555444444444444
          777777777777777777444444444777  7           768677777445688888888888677777777774777777756555555555444444444444
           77777777777777777444444447777  7             7          48888888888885777777774777777755555555555444444444444
           777777777777777777444444477777 7                         488888888888864  77774777777765555555555444444444444
            77777777777777774444444477777 7                          4888888888888857  777 77777765555555555444444444444
            77777777777777774444444477777 7                            745568888888867        77765555555555544444444444
             7777777777777774444444477777                                    4688888887         765555555555544444444444
              777777777777777444444477777777                                   75688886  7777   745555555555444444444444
              777777777777774444444477777777777777                                58886          75555555555544444444444
               77777777777774444444447777777777777777       7                     48886777777    75555555555545444444444
                7777777777774444444444447777777777777777  7777                    58888777777    75555555555555444444444
                7777777777774444444444477777777777777777777777777777777777        48888577777    45555555555554444444444
                 7777777777444444444477777777777777777777777777777777777777777777748888677777777745555555555555444444444
                 7777777777444444477777777777777777777777777777777777777777777777775888844444777745555555555555444444444
                  777777774444447777777777777777777777777777777777777777777777777777688844444777745555555555555544444444
                   77777774447777777777777777777777777777777777777777777777777777777488857444444456666666555555544444444
                   77777744777777777777777777777777777777777777777777777777777777777768884444555666666666665555544444444
                    7777477777777777777777777777777777777777777777777777777777777777744455444555566666666665555544444444
                 7  7777777777777777777777777777777777777777777777777777777777777777774444555554565566666655555554444444
               77777 777777777777777777777777777777777777777777777777777777777777777774555444564555566666655555554444444
              7777777777777777777   777777777777777777777777777777777777777777777777777777474555555466666655555554444444
             77777777777777           77777777777777777777 7777777777777777777777777777777777455565688886655555555544444
