77744777777777777777777774444444444777777777777                                            7777    455555555555555554444
777777777777777777777777444444444444777777777777                                         777777    455555555555555554444
7777777777777777777777777444444444447777777777777                                         77777    455555555555555544444
77777777777777777777777744444444444477777777777777                                        77777    455555555555555544444
77777777777777777777777744444444444477777777777777                                       777777    455555555555555544444
777777777777777777777774444444444444477777777777777                                      777777    455555555555555554444
 77777777777777777777774444444444444477777777777777                                     7777777    455555555555555445444
 77777777777777777777777444444444444477777777777777                                     7777777    555555555555555444444
  777777777777777777777744444444444447777777777777                777777                7777777    555555555555554444444
   77777777777777777777744444444444447777777777777   7          7777777777777777        777777     555555555555554444444
   77777777777777777777444444444444447777777777777             7777777777777777777777777777777     555555555555545444444
    777777777777777777774444444444444477777777745477777    7   77777777777777777777777777777777  77555555555555544444444
    7777777777777777777744444444444444777777 77445555           77777777777                  777777555555555555444444444
     77777777777777777774444444444444477      455456654         77777777777777777777777777777777746655555555555444444444
      7777777777777777774444444444444477 7    7655556667        7777775477  77777777777777777777746665554555554444444444
      7777777777777777777444444444444477 7     4555556665555554777777747777777445556666666688886668886554555555444444444
       777777777777777777444444444444477 7      565555555555555555444444445688888888888888888888888888544555555444444444
        77777777777777777744444444444777 7      456655444455554456886544688888888888888888888886668666555555554444444444
        77777777777777777774444444444777 7       76686554455554458888888888888888888644444444477756555555555544444444444
         7777777777777777774444444444777           758886555554488888888888888888864444444777777756555555555554444444444
         7777777777777777777444444447777            58886665555588888888888888885444444444777777756555555555544444444444
          777777777777777777744444447777              685   777756888888888886477774477474777777756555555555544444444444
           77777777777777777444444447777  7                       488888888888677777777774777777755555555555554444444444
           77777777777777777744444447777  7                        48888888888884  7777774777777765555555555554444444444
            7777777777777777744444447777                            46888888888884   77777777777765555555555554444444444
            77777777777777774444444477777                             7445688888885         7777765555555555554444444444
             7777777777777777444444477777                                  468888885           7765555555555555444444444
              77777777777777744444447777777                                  76888884   77777  7745555555555555444444444
              777777777777774444444477777777777                                768885   77      745555555555554444444444
               777777777777774444444777777777777777                             4888677777777    75555555555555444444444
                7777777777774444444444477777777777777777                        7888847777777    45555555555555544444444
                777777777777444444444447777777777777777777777777777777777       7888867777777    45555555555555544444444
                 7777777777744444444477777777777777777777777777777777777777777777588885777777777745555555555555444444444
                  777777777444444477777777777777777777777777777777777777777777777768886444444777745555555555555544444444
                  777777777444477777777777777777777777777777777777777777777777777776888474444777745555555555555544444444
                   77777774447777777777777777777777777777777777777777777777777777774888674444444456666666555555554444444
                   77777744777777777777777777777777777777777777777777777777777777777488854444555666666666665555544444444
                    7777477777777777777777777777777777777777777777777777777777777777755555444455566666666665555554444444
                     777777777777777777777777777777777777777777777777777777777777777774444555554565566666655555554444444
               77777 777777777777777777777777777777777777777777777777777777777777777774455544564555566666655555555444444
               7777777777777777      777777777777777777777   77777777777777777777777777447744555565466666655555555544444
              777777777777              77777777777777       77777777777777777777777777777777455565688886665555555554444
