77744777777777777777777444444444444777777777777777                                       777777    455555555555555554444
77777777777777777777777444444444444477777777777777                                      7777777    455555555555555554444
77777777777777777777777444444444444477777777777777                                      7777777    455555555555555544444
777777777777777777777774444444444444477777777777777                                    77777777    455555555555555544444
7777777777777777777777744444444444444777777777777777                                   77777777    455555555555555544444
777777777777777777777774444444444444477777777777777777                                 77777777    455555555555555554444
 777777777777777777777444444444444444477777777777777777                77           77777777777    455555555555555445444
 7777777777777777777777444444444444444777777777777777777             77777777      777777777777    455555555555555444444
  777777777777777777777444444444444444777777777777777777            7777777777   77777777777777    555555555555544444444
   777777777777777777774444444444444447777777777777777777         77777777777777777777777777777    555555555555544444444
   777777777777777777774444444444444447777777777777777777777     777777777777777777777777777777  77555555555555544444444
    77777777777777777777444444444444444777777777777777447777     7777777777777777777777777777777777555555555555444444444
    777777777777777777774444444444444447777777       744544          777777777            777777774555555555554444444444
     77777777777777777774444444444444447 77          4454566        7777777777777774688666665547746555555555554444444444
      7777777777777777774444444444444447 7           455555664      7754777777777468888888888888666666554555554444444444
      7777777777777777744444444444444447 7           756555666  77777744777777746888888888888888888886554555544444444444
       777777777777777774444444444444477 7            465555666555555444444444588888888445556666668886544555554444444444
       777777777777777777444444444444477 7            456655555555555555444446888888885444447777756555555555544444444444
        77777777777777777444444444444477 7             46665544455555556866568888888884444444777756555555555444444444444
         7777777777777777744444444444477 77             7588655455554468888888888888854444444444756555555555444444444444
         77777777777777777444444444447777 7               48886555544488888888888888544444444444456555555555444444444444
          7777777777777777744444444447777 7               46888555555588888888888886777774744444466555555555444444444444
           777777777777777744444444447777 7                 557    77746888888888888654774777444466555555555444444444444
           777777777777777744444444447777 7                             768888888888888644 77777466555555555544444444444
            77777777777777744444444447777 7                               6888888888888886477777765555555555444444444444
            77777777777777744444444477777 7                                468888888888888864 77765555555555544444444444
             7777777777777744444444477777                                    7444445888888888577765555555555554444444444
              777777777777744444444447777777                                         74568888847745555555555544444444444
              777777777777744444444447777777777777777                                    68886   75555555555554444444444
               7777777777774444444444777777777777777777    777                         7688887   75555555555555444444444
                7777777777744444444444447777777777777777777777                      777588886    75555555555555444444444
                77777777777744444444444477777777777777777777777777777777777     7777777688885    45555555555554444444444
                 7777777777444444444477777777777777777777777777777777777777777777777777688867777745555555555555444444444
                 7777777777444444477777777777777777777777777777777777777777777777777774888844777745555555555555444444444
                  777777774444447777777777777777777777777777777777777777777777777777777888644777745565555555555544444444
                   77777744444777777777777777777777777777777777777777777777777777777774888544444456666666555555544444444
                   77777744777777777777777777777777777777777777777777777777777777777774568544555666666666665555544444444
                    7777477777777777777777777777777777777777777777777777777777777777774445544555566666666665555554444444
               777  7774777777777777777777777777777777777777777777777777777777777777774444555564465566666655555554444444
              7777777777777777777777777777777777777777777777777777777777777777777777777444444565555566666655555554444444
            777777777777777777777777777777777777777777777777777777777777777777777777777777744555565466666655555554444444
          7 77777777777777777        77777777777777777777777777777777777777777777777777777774455565688886655555555544444
