7774477777777777777777744444444444477777777777777                                       7777777    455555555555544444444
777777777777777777777774444444444444777777777777777                                     7777777    455555555555444444444
777777777777777777777774444444444444477777777777777                                    77777777    455555555555544444444
7777777777777777777777744444444444444777777777777777                                   77777777    455555555555444444444
77777777777777777777777444444444444447777777777777777                                  77777777    455555555555444444444
7777777777777777777777744444444444444777777777777777777                               777777777    455555555555444444444
 777777777777777777777444444444444444477777777777777777                               777777777    455555555554444444444
 7777777777777777777774444444444444444777777777777777777                      77     7777777777    455555555554444444444
  777777777777777777777444444444444444777777777777777777              77777777777   77777777777    555555555544444444444
   77777777777777777777444444444444444777777777777777777            777777777777777777777777777   7555555555544444444444
   777777777777777777774444444444444447777777777777777777          7777777777777777777777777777  77555555555544444444444
    77777777777777777774444444444444444777777777777777777777      777777777777777777774477777777777555555555444444444444
    777777777777777777774444444444444447777777          74547                       488888665477774555555555544444444444
     77777777777777777774444444444444477 77             745554        77777777777775888888888886546556555555444444444444
      7777777777777777774444444444444477 7              7455554       54  7777777758888888888888888666554455444444444444
      7777777777777777774444444444444477 7             765655555      77777777777488888854566888888888554455444444444444
       777777777777777777444444444444477 7             48656555565555555547444444888888864444444456665444455444444444444
       777777777777777777444444444444477 7              6856655555555555554444445888888884444444456555555554444444444444
        77777777777777777444444444444477 7               545665554455555556654446888888885444444456555555554444444444444
         7777777777777777744444444444777777              455666655445555545688668888888884444444456555555554444444444444
         77777777777777777444444444447777 7               74666888655555444888888888888864444444466555555554444444444444
          7777777777777777774444444447777 7                   7588865554445888888888888844744444466555555554444444444444
           777777777777777774444444447777 7                     58655555556888888888888886547744466555555555444444444444
           777777777777777774444444447777 7                     757      7 756888888888888886577765555555555444444444444
            77777777777777774444444447777 7                                   588888888888888885465555555555444444444444
            77777777777777774444444447777 7                                    46888888888888888886555555555544444444444
             7777777777777774444444447777                                        745555558888888888655555555544444444444
              777777777777774444444447777777                                             7445688888655555555544444444444
              777777777777774444444447777777777777777                                       4688886555555555554444444444
               77777777777774444444447777777777777777777777777                       77777758888855555555555555444444444
                7777777777744444444444447777777777777777777777                    77777777588888545555555555555444444444
                7777777777744444444444447777777777777777777777777777777777 777777777777774888884745555555555555444444444
                 7777777777444444444477777777777777777777777777777777777777777777777777776888677745555555555555444444444
                 7777777777444444477777777777777777777777777777777777777777777777777777758886777745555555555555444444444
                  777777774444447777777777777777777777777777777777777777777777777777777468864777745566655555555544444444
                   77777744444777777777777777777777777777777777777777777777777777777774445654444556666666655555554444444
                   77777444777777777777777777777777777777777777777777777777777777777774444554455666666666665555555444444
                    7777477777777777777777777777777777777777777777777777777777777777777444445565566666666665555555444444
                77  7774777777777777777777777777777777777777777777777777777777777777777777444565465566666665555555444444
              7777777777777777777777777777777777777777777777777777777777777777777777777777444555565566666655555555444444
            777777777777777777777777777777777777777777777777777777777777777777777777777777444555565466666655555555544444
            77777777777777777        77777777777777777777777777777777777777777777777777777744455566688886665555555554444
