7774477777777777777777774444444444477777777777777                                       7777777    455555555555544444444
777777777777777777777777444444444444777777777777777                                     7777777    455555555555544444444
777777777777777777777774444444444444777777777777777                                     7777777    455555555555544444444
777777777777777777777774444444444444477777777777777                                    77777777    455555555555444444444
7777777777777777777777744444444444444777777777777777                                   77777777    455555555554444444444
777777777777777777777774444444444444477777777777777777                                 77777777    455555555555444444444
 777777777777777777777444444444444444777777777777777777                               777777777    455555555554444444444
 7777777777777777777777444444444444444777777777777777777            777777       77777777777777    455555555544444444444
  777777777777777777777444444444444444777777777777777777           7777777     7777777777777777    555555555544444444444
   777777777777777777774444444444444447777777777777777777         77777777777777777777777777777    555555555544444444444
   777777777777777777774444444444444447777777777777777777777     777777777777777777777777777777   7555555555444444444444
    77777777777777777777444444444444447777777777777777777777    77777777777777777777777777777777777555555555444444444444
    77777777777777777777444444444444447777777    74454              777777          744777   777777555555555444444444444
     77777777777777777774444444444444477 77      7745557           77777777777777745888888866544746555555555444444444444
      7777777777777777774444444444444477 7        45555547          775477    774688888888888888666666554455444444444444
      7777777777777777774444444444444477 7        5665555657777444777747777777468888888668888888888886554455444444444444
       777777777777777777444444444444477 7        6656555566555555644444444446888888885444455555568885444455444444444444
       777777777777777777444444444444477 7        7656655554555555556544444468888888864444777777756555555554444444444444
        77777777777777777444444444444777 7          45666554445555545686655688888888844444477777756555555554444444444444
         7777777777777777744444444444777 77         45866666555555444888888888888888544444444477756555555554444444444444
         7777777777777777774444444444777  7           455688865555445888888888888884444444444444456555555554444444444444
          7777777777777777774444444447777 7              488866655556888888888888857777774744444466555555544444444444444
           777777777777777774444444447777 7                664   7747568888888888888647774777444466555555554444444444444
           777777777777777774444444477777 7                            4688888888888886577 77777765555555554444444444444
            77777777777777744444444477777 7                             7688888888888888857  777765555555554444444444444
            77777777777777774444444477777 7                               456888888888888884  77765555555555444444444444
             7777777777777774444444477777                                         45688888884  7765555555555444444444444
              777777777777774444444477777777                                          7588887  7745555555555444444444444
              77777777777777444444444777777777777777                                   68885     75555555555544444444444
               77777777777774444444447777777777777777777777777                       75888847    75555555555544444444444
                7777777777774444444444447777777777777777777777                     7776888847    45555555555544444444444
                7777777777774444444444477777777777777777777777777777777777   7777777778888677    45555555555554444444444
                 7777777777444444444477777777777777777777777777777777777777777777777776888577777745555555555554444444444
                 7777777777444444477777777777777777777777777777777777777777777777777776888444777745555555555555444444444
                  777777774444447777777777777777777777777777777777777777777777777777776888444777745565555555555544444444
                   77777774447777777777777777777777777777777777777777777777777777777776888444444456666666655555554444444
                   77777744777777777777777777777777777777777777777777777777777777777774455544455666666666665555554444444
                    7777477777777777777777777777777777777777777777777777777777777777774445555555566666666665555554444444
                 7  7777777777777777777777777777777777777777777777777777777777777777774455444565465566666665555555444444
              777777 777777777777777777777777777777777777777777777777777777777777777777777444555565566666655555555444444
             77777777777777777777777777777777777777777777777777777777777777777777777777777444555565466666655555555544444
             77777777777777          77777777777777777777777777777777777777777777777777777744455566688886665555555554444
