777447777777777777777777744444444447777777777777                                          77777    455555555555555554444
7777777777777777777777777744444444447777777777777                                        777777    455555555555555554444
7777777777777777777777777444444444447777777777777                                         77777    455555555555555544444
77777777777777777777777774444444444477777777777777                                       777777    455555555555555544444
777777777777777777777777444444444444777777777777777                                      777777    455555555555555544444
777777777777777777777777444444444444477777777777777                                      777777    455555555555555554444
 777777777777777777777774444444444444777777777777777                                    7777777    455555555555555455444
 777777777777777777777774444444444444777777777777777                                    7777777    455555555555555444444
  7777777777777777777777744444444444477777777777777                           77777   777777777    555555555555555444444
   7777777777777777777777444444444444777777777777777 7                 777777777777777777777777  77555555555555554444444
   7777777777777777777777444444444444777777777777777               77777777777777777777777777777 77555555555555555444444
    7777777777777777777774444444444444777777777777777              77777777777777777777777777777777555555555555545444444
    7777777777777777777777444444444444777777              7447               77777  756555547777774565555555555554444444
     77777777777777777777744444444444777                  744557      77777777777774888888888865446566555555555554444444
      7777777777777777777744444444444777 7               744545647    54   777777748888888888888888666554555554444444444
      7777777777777777777744444444444777 7               456555566    77777777777488888866688888888886554555555444444444
       777777777777777777774444444444777 7               765655556555555547444444688888864445555568686544555555444444444
       777777777777777777774444444444777 7                74655556665555555444445888888885444444456655555555554444444444
        77777777777777777777444444447777 7                74566555455555555664446888888885444444456655555555554444444444
         7777777777777777777744444447777                   7566665444555554568868888888885444444456655555555544444444444
         7777777777777777777744444447777                     74686655555544588888888888885444444466655555555544444444444
          777777777777777777744444447777                       588866555444688888888888884744444466655555555554444444444
           77777777777777777744444447777  7                    768654445555888888888888864777444466655555555554444444444
           77777777777777777744444447777  7                      7       7 756888888888888854777466655555555554444444444
            7777777777777777744444447777                                      468888888888888647765665555555554444444444
            77777777777777777444444477777                                      76888888888888886565565555555554444444444
             7777777777777777744444477777                                        458888888888888886556555555555444444444
              77777777777777744444447777777                                            775688888888656655555555444444444
              777777777777777444444477777777777                                            74588888865655555555544444444
               777777777777774444444777777777777777                                         7488888656555555555544444444
                77777777777744444444444777777777777777                                 777746888886555555555555544444444
                777777777777444444444447777777777777777777777777777777777            77777788888855555555555555544444444
                 7777777777744444444777777777777777777777777777777777777777777777777777777688886445555555555555444444444
                  777777777444444477777777777777777777777777777777777777777777777777777775888857745555555555555444444444
                  777777777444477777777777777777777777777777777777777777777777777777777748888477745556555555555544444444
                   77777774447777777777777777777777777777777777777777777777777777777777468884444456666666555555544444444
                   77777744777777777777777777777777777777777777777777777777777777777777445654555666666666665555544444444
                    7777477777777777777777777777777777777777777777777777777777777777774444554555566666666665555544444444
                    7777777777777777777777777777777777777777777777777777777777777777777444445554455566666655555554444444
               77777 777777777777777777777777777777777777777777777777777777777777777777777744564555566666655555554444444
               7777777777777777      77777777777777777777     7777777777777777777777777777777555555466666655555554444444
              777777777777              7  7777777777         7777777777777777777777777777777455565688886655555555544444
