7774477777777777777777774444444444477777777777777                                        777777    455555555555444444444
77777777777777777777777444444444444477777777777777                                      7777777    455555555555444444444
777777777777777777777777444444444444777777777777777                                     7777777    455555555555444444444
777777777777777777777774444444444444477777777777777                                    77777777    455555555555444444444
7777777777777777777777744444444444444777777777777777                                   77777777    455555555554444444444
777777777777777777777774444444444444477777777777777777                                777777777    455555555554444444444
 777777777777777777777444444444444444777777777777777777                              7777777777    455555555554444444444
 777777777777777777777444444444444444477777777777777777               77            77777777777    455555555544444444444
  77777777777777777777744444444444444777777777777777777              777777777     777777777777    555555555544444444444
   77777777777777777777444444444444444777777777777777777            77777777777   7777777777777   7555555555444444444444
   777777777777777777774444444444444447777777777777777777         77777777777777777777777777777  77555555555444444444444
    77777777777777777777444444444444447777777777777777777777     7777777777777777777777777777777777555555555444444444444
    77777777777777777777444444444444444777777        7444                           468866554777777555555555444444444444
     77777777777777777774444444444444477 77          774554          777777777777776888888888886546555555555444444444444
      7777777777777777774444444444444477 7            4455557        754777777  7768888888888888888666554455444444444444
      7777777777777777774444444444444477 7            565555667     7777777777774888888845668888888886554454444444444444
       777777777777777777444444444444447 7            656655566555555554744444448888888644474444456665444455444444444444
       777777777777777777444444444444477 7            465655555555555555544444468888888644444477756555555554444444444444
        7777777777777777744444444444447777             74566555445555555565544588888888644444444756555555554444444444444
         7777777777777777744444444444477777             4466665554555554468888888888888544444444456555555554444444444444
         77777777777777777444444444447777 7              766688886555544488888888888886444444444466555555554444444444444
          7777777777777777744444444447777 7                 758888655444588888888888885774744444466555555554444444444444
           777777777777777774444444447777 7                   4885444444588888888888888654777744466555555554444444444444
           777777777777777744444444447777 7                    57         7688888888888888657777765555555554444444444444
            77777777777777744444444447777 7                                 46888888888888888577765555555554444444444444
            77777777777777744444444447777 7                                   588888888888888885765555555555444444444444
             7777777777777744444444447777                                       7447775688888888665555555555544444444444
              777777777777744444444447777777                                            74458888655555555555444444444444
              7777777777777444444444477777777777777777                                    768888475555555555544444444444
               77777777777744444444447777777777777777777777777                      777774888884 75555555555554444444444
                77777777777444444444444477777777777777777777777                   7777777688885  45555555555555444444444
                7777777777744444444444447777777777777777777777777777777777  777777777777488886  745555555555555444444444
                 7777777777444444444447777777777777777777777777777777777777777777777777768886777745555555555555444444444
                 7777777777444444447777777777777777777777777777777777777777777777777777488864777745555555555555544444444
                  777777774444447777777777777777777777777777777777777777777777777777777588844777745566655555555554444444
                   77777744444777777777777777777777777777777777777777777777777777777777456644444456666666655555554444444
                   77777744777777777777777777777777777777777777777777777777777777777774445554555666666666665555555444444
                    7777477777777777777777777777777777777777777777777777777777777777774555455565566666666665555555444444
                77  7777777777777777777777777777777777777777777777777777777777777777777744444565465566666665555555544444
              7777777777777777777777777777777777777777777777777777777777777777777777777777444555565566666655555555444444
             77777777777777777777777777777777777777777777777777777777777777777777777777777444555565466666665555555544444
            7777777777777777         77777777777777777777777777777777777777777777777777777744455566688886665555555554444
