77744777777777777777777744444444444777777777777                                          777777    455555555555554544444
7777777777777777777777774444444444447777777777777                                        777777    455555555555554444444
7777777777777777777777774444444444447777777777777                                        777777    455555555555554444444
77777777777777777777777744444444444477777777777777                                      7777777    455555555555554444444
77777777777777777777777744444444444447777777777777                                      7777777    455555555555444444444
777777777777777777777774444444444444477777777777777                                     7777777    455555555555544444444
 77777777777777777777744444444444444477777777777777                                     7777777    455555555555544444444
 77777777777777777777774444444444444477777777777777                                     7777777    555555555555444444444
  7777777777777777777774444444444444477777777777777               7777777               7777777    555555555554444444444
   7777777777777777777774444444444444777777777777777 7          77777777777777          777777     555555555554444444444
   77777777777777777777444444444444444777777777777777          7777777777777777777777777777777     555555555554444444444
    777777777777777777774444444444444477777774454777777    77  77777777777777777777777777777777  77555555555554444444444
    7777777777777777777744444444444444777777744445447           77777777777                 7777774555555555544444444444
     77777777777777777774444444444444477     4555456647        777777777777777777777777777777777746555555555544444444444
      7777777777777777774444444444444477 7    565555666     7   77777754777777777777444744444447746665554555544444444444
      7777777777777777774444444444444477 7     5655556655555555474777747777745566888888888888888888886554555544444444444
       777777777777777777444444444444477 7     7565555445555555565444444456888888888888888888888888886544555554444444444
        77777777777777777744444444444777 7      456665544455554458886655888888888888865566666665566665555555544444444444
        77777777777777777744444444444777 7       46686665555554468888888888888888886444444777777756555555555444444444444
         7777777777777777774444444444777           756888655544488888888888888888644444444777777756555555555444444444444
         7777777777777777777444444447777             5888665555588888888888888854444447444777777756555555555444444444444
          777777777777777777444444447777               667      74688888888888477777777774777777756555555555444444444444
           77777777777777777444444447777  7                        58888888888857777777774777777755555555555444444444444
           77777777777777777744444447777  7                         68888888888867   77774777777765555555555544444444444
            77777777777777774444444477777                            46888888888867   7777 77777765555555555444444444444
            77777777777777774444444477777                                74688888887          77765555555555544444444444
             7777777777777777444444477777                                   46888886            765555555555554444444444
              77777777777777744444447777777                                   4688885    777   7745555555555554444444444
              7777777777777744444444777777777777                                58886            75555555555554444444444
               77777777777774444444447777777777777777                           7888877777777    75555555555555444444444
                7777777777774444444444447777777777777777   77                   7888857777777    45555555555555444444444
                7777777777774444444444477777777777777777777777777777777777      7688887777777    45555555555555544444444
                 7777777777444444444477777777777777777777777777777777777777777777488885777777777745555555555555444444444
                  777777777444444477777777777777777777777777777777777777777777777758888444444777745555555555555544444444
                  777777774444447777777777777777777777777777777777777777777777777775888574444777445655655555555544444444
                   77777774447777777777777777777777777777777777777777777777777777777688844444444456666666655555554444444
                   77777744777777777777777777777777777777777777777777777777777777777488854444455666666666665555555444444
                    7777477777777777777777777777777777777777777777777777777777777777744455544555566666666665555555444444
                     777777777777777777777777777777777777777777777777777777777777777774444555564565566666655555555544444
                7777 777777777777777777777777777777777777777777777777777777777777777774454444554565566666655555555544444
               77777777777777777     777777777777777777777 7777777777777777777777777777777444555565466666655555555544444
              777777777777            7777777777777777 77   777777777777777777777777777777744455566688886665555555554444
