77744777777777777777777774444444444777777777777                                           77777    455555555555555544444
777777777777777777777777444444444444777777777777                                          77777    455555555555555444444
7777777777777777777777777444444444447777777777777                                        777777    455555555555554444444
77777777777777777777777744444444444477777777777777                                       777777    455555555555554444444
77777777777777777777777744444444444447777777777777                                      7777777    455555555555544444444
777777777777777777777777444444444444477777777777777                                    77777777    455555555555544444444
 7777777777777777777777744444444444447777777777777                                  7 777777777    455555555555544444444
 7777777777777777777777744444444444447777777777777                    7777        7777777777777    455555555555544444444
  777777777777777777777744444444444447777777777777                   777777     777777777777777    555555555555444444444
   7777777777777777777777444444444444777777777777                  7777777777777777777777777777    555555555555544444444
   7777777777777777777777444444444444777777777777                 77777777777777777777777777777   7555555555554444444444
    777777777777777777777444444444444477777777777  74447         7777777777777777777777777777777777555555555554444444444
    7777777777777777777774444444444444777777       7744544            77777777             77777774555555555544444444444
     77777777777777777777444444444444777           745545657        7777777777777774566655555477746565555555554444444444
      7777777777777777777444444444444777 7          555555665        754777777777468888888888886666666554555544444444444
      7777777777777777777744444444444777 7          75655556647744447744777777746888888888888888888886554555544444444444
       777777777777777777774444444444777 7           4565455555555555444444444688888888455666666668886544555554444444444
        77777777777777777774444444444777 7           7456555445555555554444446888888884444444777756655555555554444444444
        77777777777777777774444444447777 7            456665544455554568644488888888864444444777756555555555544444444444
         7777777777777777777744444447777                4688665555544488888888888888844444444447756555555555444444444444
         7777777777777777777744444447777                  58886554544688888888888888444444444444456555555555444444444444
          777777777777777777744444447777                  75886555554888888888888885777744744444466555555555444444444444
           77777777777777777744444447777                    47    777468888888888884777774774444466555555555444444444444
           77777777777777777744444447777                               7688888888888864774777774466555555555544444444444
            7777777777777777744444447777                                 68888888888888847 77777766555555555554444444444
            77777777777777777444444477777                                 588888888888888857  77765555555555544444444444
             7777777777777777444444477777                                   45566688888888884  7765555555555554444444444
              77777777777777744444447777777                                        4568888888477745555555555554444444444
              777777777777777444444477777777777                                       74588884   75555555555554444444444
               777777777777774444444777777777777777                                    768886    75555555555555444444444
                777777777777444444444447777777777777777                               7588885    45555555555555444444444
                77777777777744444444444777777777777777777777777777777777            777888887    45555555555555544444444
                 7777777777744444444477777777777777777777777777777777777777777777777774888867777745555555555555444444444
                  777777777444444777777777777777777777777777777777777777777777777777774888844777745555555555555444444444
                  777777777444477777777777777777777777777777777777777777777777777777774888544777745565655555555544444444
                   77777774447777777777777777777777777777777777777777777777777777777775888444444456666666655555554444444
                   77777744777777777777777777777777777777777777777777777777777777777775888444555666666666665555554444444
                    7777477777777777777777777777777777777777777777777777777777777777774456544555566666666665555554444444
                     777777777777777777777777777777777777777777777777777777777777777774445555564565566666655555555444444
                7777 777777777777777777777777777777777777777777777777777777777777777774454444554555566666655555555444444
               777777777777777        777777777777777777      7777777777777777777777777777774555565466666655555555544444
              77777777777               7  77 77777           7777777777777777777777777777774455565688886665555555554444
