777447777777777777777777744444444447777777777777                                          77777    455555555555555554444
777777777777777777777777444444444444777777777777                                         777777    455555555555555444444
7777777777777777777777777444444444447777777777777                                        777777    455555555555555444444
77777777777777777777777744444444444477777777777777                                       777777    455555555555554444444
77777777777777777777777744444444444447777777777777                                      7777777    455555555555544444444
777777777777777777777774444444444444477777777777777                                     7777777    455555555555544444444
 77777777777777777777774444444444444477777777777777                                     7777777    455555555555544444444
 7777777777777777777777744444444444447777777777777                   777           777 77777777    555555555555544444444
  77777777777777777777774444444444444777777777777                   777777     7777777777777777    555555555555444444444
   7777777777777777777774444444444444777777777777    7            7777777777777777777777777777     555555555555444444444
   7777777777777777777777444444444444777777777777                777777777777777777777777777777   7555555555554444444444
    77777777777777777777444444444444447777777777774447           7777777777777777777777777777777777555555555554444444444
    7777777777777777777774444444444444777777     77445447           77777777                7777774555555555544444444444
     77777777777777777777444444444444477          45545664         77747777777777777454444477777746565555555554444444444
      7777777777777777777444444444444477 7        465555666        77754777  7777456888888888866556666554555544444444444
      7777777777777777777744444444444777 7         565555665444454477747777777456888888888888888888886554555544444444444
       777777777777777777774444444444777 7         756555555555555654444444446888888888568888888888886544555554444444444
        77777777777777777774444444444777 7          45665544455555556544444588888888864444444477756655555555554444444444
        77777777777777777774444444444777 7          74666654445555445886545888888888644444477777756555555555544444444444
         7777777777777777777444444447777              746888655554448888888888888888444444444777756555555555444444444444
         7777777777777777777744444447777                7888865554458888888888888864444444444447756555555555444444444444
          777777777777777777744444447777                 468644455568888888888888677777474744444466555555555444444444444
           77777777777777777744444447777                  77       74688888888888577777774774444466555555555554444444444
           77777777777777777744444447777                              48888888888886477774777774466555555555554444444444
            7777777777777777744444447777                               4888888888888864 77 77777766555555555554444444444
            77777777777777777444444477777                               76888888888888867   7777765555555555544444444444
             7777777777777777444444477777                                  744558888888885    77765555555555554444444444
              77777777777777744444447777777                                      756888888677777745555555555554444444444
              777777777777777444444477777777777                                     74688887     75555555555554444444444
               777777777777744444444777777777777777                                   6888677    75555555555555444444444
                777777777777444444444447777777777777777                              48888577    45555555555555544444444
                77777777777744444444444777777777777777777777777777777777            758888477    45555555555555544444444
                 7777777777744444444477777777777777777777777777777777777777777777777768888477777745555555555555444444444
                  777777777444444477777777777777777777777777777777777777777777777777758888444777745555555555555544444444
                  777777777444477777777777777777777777777777777777777777777777777777748886444777745566655555555544444444
                   77777774447777777777777777777777777777777777777777777777777777777748885444444456666666655555554444444
                   77777744777777777777777777777777777777777777777777777777777777777778885444555666666666665555555444444
                    7777477777777777777777777777777777777777777777777777777777777777775666444555566666666665555555444444
                     777777777777777777777777777777777777777777777777777777777777777774455555564565566666655555555444444
                7777 777777777777777777777777777777777777777777777777777777777777777774445544564555566666655555555544444
               777777777777777       7777777777777777777       777777777777777777777777444444555565466666655555555544444
              777777777777              77 77 777777          7777777777777777777777777777774455565688886665555555554444
