7774477777777777777777774444444444477777777777777                                          7777    455555555555555554444
7777777777777777777777774444444444447777777777777                                        777777    455555555555555544444
77777777777777777777777774444444444477777777777777                                        77777    455555555555555444444
77777777777777777777777744444444444477777777777777                                       777777    455555555555554444444
777777777777777777777777444444444444477777777777777                                     7777777    455555555555554444444
7777777777777777777777744444444444444777777777777777                                    7777777    455555555555544444444
 777777777777777777777774444444444444777777777777777                                    7777777    455555555555554444444
 77777777777777777777777444444444444477777777777777777                           77777777777777    455555555555544444444
  7777777777777777777777444444444444447777777777777777                        77777777777777777    555555555555544444444
   777777777777777777777744444444444447777777777777777                     77777777777777777777  77555555555555544444444
   777777777777777777777444444444444447777777777777777              7777777777777777777777777777777555555555555444444444
    777777777777777777774444444444444477777777777777777            77777777777777777777777777777777555555555554444444444
    77777777777777777777744444444444447777777                7454              77777756665554777774555555555554444444444
     77777777777777777777444444444444477 7                   744554   7   7777777777688888888866546566555555554444444444
      7777777777777777777444444444444477 7                  744555657 57      777775888888888888888666554555544444444444
      7777777777777777777444444444444477 7                  556555566    77777777746888886688888888888554555544444444444
       777777777777777777744444444444477 7                  765655556555555544444458888888444555568686544555544444444444
       777777777777777777744444444444777 7                   44654555565555555444458888888644444456665555555544444444444
        77777777777777777774444444444777 7                   44566555455555555664458888888854444456655555555544444444444
         7777777777777777774444444444777                      7566665444555554568688888888864444466655555555444444444444
         7777777777777777777444444447777  7                     74686654555544488888888888884444466655555555444444444444
          777777777777777777444444447777  7                       488865545444688888888888864444466655555555544444444444
           77777777777777777744444447777  7                       768644555544888888888888867774466655555555554444444444
           777777777777777777444444477777 7                        77       7 456888888888888654765665555555554444444444
            77777777777777774444444477777 7                                      568888888888888665565555555554444444444
            77777777777777774444444477777 7                                       76888888888888888656655555544444444444
             7777777777777777444444477777                                           468888888888888886665555554444444444
              777777777777777444444477777777                                           777446888888888665555554444444444
              777777777777774444444477777777777777                                           746888888865555554444444444
               77777777777774444444447777777777777777                                          4688888865555555444444444
                7777777777774444444444447777777777777777   77                         77777 7488888886655555555444444444
                777777777777444444444447777777777777777777777777777777777           777777775888888656555555555444444444
                 7777777777744444444477777777777777777777777777777777777777777777777777777768888866555555555555444444444
                  777777777444444477777777777777777777777777777777777777777777777777777774688885445555555555555444444444
                  777777774444447777777777777777777777777777777777777777777777777777777746888577745566655555555544444444
                   77777774447777777777777777777777777777777777777777777777777777777777444684444456666866655555544444444
                   77777744777777777777777777777777777777777777777777777777777777777774444554555666666666665555544444444
                    7777477777777777777777777777777777777777777777777777777777777777777444455555566666666665555554444444
                 7  7777777777777777777777777777777777777777777777777777777777777777777777444564465566666655555554444444
               77777 777777777777777777777777777777777777777777777777777777777777777777777774555555566666655555554444444
              7777777777777777777   777777777777777777777777777777777777777777777777777777777555555466666655555555444444
              77777777777777          7777777777777777  7   777777777777777777777777777777777455565688886665555555554444
