777447777777777777777777744444444447777777777777                                           7777    455555555555555554444
7777777777777777777777774444444444447777777777777                                         77777    455555555555555544444
77777777777777777777777774444444444477777777777777                                        77777    455555555555555444444
77777777777777777777777774444444444477777777777777                                       777777    455555555555555544444
777777777777777777777777444444444444777777777777777                                      777777    455555555555555544444
7777777777777777777777774444444444444777777777777777                                     777777    455555555555554554444
 777777777777777777777774444444444444777777777777777                                    7777777    455555555555555444444
 777777777777777777777774444444444444777777777777777                                    7777777    455555555555555444444
  777777777777777777777744444444444447777777777777777                         77777777777777777    555555555555554444444
   777777777777777777777744444444444477777777777777777                      7777777777777777777  77555555555555554444444
   77777777777777777777774444444444447777777777777777 7              777777777777777777777777777777555555555555544444444
    777777777777777777777444444444444777777777777777777            77777777777777777777777777777777555555555555444444444
    7777777777777777777774444444444444777777                7444               7777 755555544777774555555555555444444444
     77777777777777777777444444444444477                    774454    7  77777777777688888888865446566555555554444444444
      7777777777777777777444444444444477 7                  44554557  57     7777775888888888888888666554555554444444444
      7777777777777777777744444444444777 7                 7665555667 7  77777777748888886688888888886554555554444444444
       777777777777777777744444444444777 7                  656555565444444474444468888886444555568686544555554444444444
       777777777777777777774444444444777 7                   45645556655555554444488888888544444456665555555554444444444
        77777777777777777774444444444777 7                  744665554555555555654488888888644444456655555555544444444444
         7777777777777777777444444444777                     75666554444555545588888888888844444466655555555544444444444
         7777777777777777777744444447777  7                    756866545555444688888888888854444466655555555544444444444
          777777777777777777744444447777  7                      4888655545445888888888888844444466655555555544444444444
           77777777777777777744444447777  7                      7688555555546888888888888847744466655555555554444444444
           77777777777777777744444447777  7                        47      777568888888888888657766665555555554444444444
            77777777777777777444444477777 7                                     4688888888888888565665555555554444444444
            77777777777777774444444477777                                         68888888888888886566655555554444444444
             7777777777777777444444477777                                          4688888888888888866655555555444444444
              77777777777777744444447777777                                           7777456888888888665555555444444444
              77777777777777444444447777777777777                                            756888888665555554444444444
               7777777777777444444444777777777777777                                          75888888665555555444444444
                7777777777774444444444447777777777777777                              7777777588888866655555555544444444
                777777777777444444444447777777777777777777777777777777777           777777776888888655555555555544444444
                 7777777777744444444477777777777777777777777777777777777777777777777777777768888865555555555555444444444
                  777777777444444477777777777777777777777777777777777777777777777777777774688885745555555555555444444444
                  777777777444477777777777777777777777777777777777777777777777777777777748888677745566655555555544444444
                   77777774447777777777777777777777777777777777777777777777777777777777445685444456666866655555544444444
                   77777744777777777777777777777777777777777777777777777777777777777774444554555666666666665555544444444
                    7777477777777777777777777777777777777777777777777777777777777777777444455555566666666665555554444444
                 7  7777777777777777777777777777777777777777777777777777777777777777777774445564455566666655555554444444
               77777 777777777777777777777777777777777777777777777777777777777777777777777744554555566666655555554444444
              777777777777777777    7777777777777777777777 7777777777777777777777777777777777555555466666655555554444444
              7777777777777            777777777777777       77777777777777777777777777777777455565688886655555555544444
