777447777777777777777777444444444447777777777777                                         777777    455555555555555554444
7777777777777777777777774444444444447777777777777                                        777777    455555555555555444444
7777777777777777777777777444444444447777777777777                                         77777    455555555555554444444
7777777777777777777777774444444444447777777777777                                        777777    455555555555554444444
7777777777777777777777774444444444444777777777777                                       7777777    455555555555544444444
777777777777777777777774444444444444477777777777777                                     7777777    455555555555544444444
 77777777777777777777774444444444444477777777777777                                     7777777    455555555555544444444
 77777777777777777777774444444444444477777777777777                                     7777777    555555555555544444444
  7777777777777777777777444444444444477777777777777               777777                7777777    555555555555444444444
   7777777777777777777774444444444444777777777777777 7           777777777777777        777777     555555555555444444444
   77777777777777777777744444444444447777777777777 77           777777777777777777777777777777     555555555554444444444
    77777777777777777777444444444444447777777744477777         77777777777777777777777777777777  77555555555554444444444
    7777777777777777777744444444444444777777 77445554            77777777777                 777777555555555544444444444
     77777777777777777774444444444444477      455555654         77777777777777777777777777777777746655555555554444444444
      7777777777777777777444444444444477 7    7555555665    77  7777775477   77 7777444774444447746665554555544444444444
      7777777777777777777444444444444477 7     4565555665555555477477747777774456688888888888888888886554555544444444444
       777777777777777777744444444444777 7      456555545555555555444444444588888888888888888888888886544555554444444444
        77777777777777777774444444444777 7      745665544455555455865444568888888888886566666665566665555555554444444444
        77777777777777777774444444444777 7       75668665555554446888868888888888888544444777777756555555555544444444444
         7777777777777777777444444444777            45888655554458888888888888888854444444777777756555555555444444444444
         7777777777777777777444444447777             7888666555568888888888888885444444444777777756555555555444444444444
          777777777777777777744444447777               564   77745888888888888577777777774777777756555555555544444444444
           77777777777777777744444447777                           58888888888647777777774777777755555555555554444444444
           77777777777777777744444447777                            68888888888857  777774777777765555555555544444444444
            7777777777777777774444447777                             58888888888867   7777 77777765555555555554444444444
            77777777777777777444444477777                             74566888888884         777765555555555544444444444
             7777777777777777444444477777                                  7688888887          7765555555555554444444444
              77777777777777744444447777777                                  758888887   7777   745555555555554444444444
              777777777777774444444477777777777                                 588885           75555555555554444444444
               777777777777774444444777777777777777                              588857777777    75555555555555444444444
                777777777777444444444447777777777777777                          588867777777    45555555555555444444444
                777777777777444444444447777777777777777777777777777777777        588884777777    45555555555555544444444
                 7777777777744444444477777777777777777777777777777777777777777777488886777777777745555555555555444444444
                  777777777444444477777777777777777777777777777777777777777777777768888444444777745555555555555544444444
                  777777777444447777777777777777777777777777777777777777777777777776888474444777445665655555555544444444
                   77777774447777777777777777777777777777777777777777777777777777774888674444444456666666655555554444444
                   77777744777777777777777777777777777777777777777777777777777777777588844444555666666666665555554444444
                    7777477777777777777777777777777777777777777777777777777777777777768664444555566666666665555554444444
                     777777777777777777777777777777777777777777777777777777777777777774455555564565566666655555555544444
                 777 777777777777777777777777777777777777777777777777777777777777777774445544554565566666655555555544444
               7777777777777777      777777777777777777777   77777777777777777777777777444444555565466666655555555544444
              777777777777             77777777777777        77777777777777777777777777777774455566688886665555555554444
