77744777777777777777777774444444444777777777777                                           77777    455555555555554444444
7777777777777777777777777744444444447777777777777                                        777777    455555555555554444444
7777777777777777777777777444444444447777777777777                                        777777    455555555555544444444
7777777777777777777777774444444444447777777777777                                        777777    455555555555544444444
77777777777777777777777744444444444447777777777777                                      7777777    455555555555444444444
777777777777777777777777444444444444477777777777777                                     7777777    455555555555444444444
 7777777777777777777777744444444444447777777777777                                      7777777    455555555555544444444
 7777777777777777777777744444444444447777777777777                     7           777777777777    455555555555444444444
  77777777777777777777774444444444444777777777777                    77777       77777777777777    555555555554444444444
   7777777777777777777777444444444444777777777777                   7777777777 7777777777777777    555555555554444444444
   7777777777777777777777444444444444777777777777                 77777777777777777777777777777   7555555555554444444444
    777777777777777777777444444444444477777777777  7747          7777777777777777777777777777777777555555555544444444444
    7777777777777777777777444444444444777777       774457             777777                7777774555555555544444444444
     77777777777777777777444444444444777           74454554         7777777777777777566555554477746555555555544444444444
      7777777777777777777444444444444777 7          555555667        7547777  777758888888888886656666554555544444444444
      7777777777777777777744444444444777 7          55655556577777777747777777745888888888888888888886554555544444444444
       777777777777777777774444444444777 7          75564455565555555444444444588888888556668866688886544555544444444444
        77777777777777777777444444444777 7           7456555445555555565444446888888885444444777756655555555544444444444
        77777777777777777777444444447777 7            456665444455555556654468888888864444444777756555555555444444444444
         7777777777777777777444444447777               75686655555544468888888888888844444444447756555555555444444444444
         7777777777777777777744444447777                  58886555544588888888888888544444444444456555555555444444444444
          777777777777777777744444447777                  76886655544688888888888886777444744444466555555555444444444444
           77777777777777777744444447777                    54    747468888888888885477774774444466555555555444444444444
           77777777777777777744444447777                               7688888888888886474777744466555555555544444444444
            7777777777777777744444447777                                 58888888888888864 77777766555555555444444444444
             7777777777777777444444477777                                 4888888888888888857 77765555555555544444444444
             7777777777777777444444477777                                   455556688888888867 7765555555555554444444444
              77777777777777744444447777777                                         456888888677745555555555544444444444
              777777777777777444444477777777777                                         788885   75555555555554444444444
               777777777777744444444777777777777777                                    7688887   75555555555555444444444
                77777777777744444444444777777777777777                               77588886    45555555555555444444444
                77777777777744444444444777777777777777777777777777777777            777688884    45555555555555444444444
                 7777777777744444444477777777777777777777777777777777777777777777777774888867777745555555555555444444444
                  777777777444444477777777777777777777777777777777777777777777777777774888844777745555555555555444444444
                  777777777444477777777777777777777777777777777777777777777777777777774888544777745565655555555544444444
                   77777774447777777777777777777777777777777777777777777777777777777775888444444456666666655555554444444
                   77777744777777777777777777777777777777777777777777777777777777777775668444455666666666665555554444444
                    7777477777777777777777777777777777777777777777777777777777777777774455554555566666666665555554444444
                     777777777777777777777777777777777777777777777777777777777777777774445545564465566666655555555444444
                7777 777777777777777777777777777777777777777777777777777777777777777777444444554555566666655555555444444
               777777777777777       7777777777777777777     77777777777777777777777777777744555565466666655555555544444
              77777777777                  77  7777          77777777777777777777777777777774455565688886665555555554444
