7774477777777777777777774444444444477777777777777                                        777777    455555555555544444444
77777777777777777777777744444444444477777777777777                                       777777    455555555555544444444
77777777777777777777777444444444444447777777777777                                      7777777    455555555555544444444
777777777777777777777777444444444444477777777777777                                     7777777    455555555555444444444
7777777777777777777777744444444444444777777777777777                                   77777777    455555555555444444444
77777777777777777777777444444444444444777777777777777                                   7777777    455555555555444444444
 77777777777777777777744444444444444447777777777777777                                  7777777    455555555554444444444
 7777777777777777777777444444444444444777777777777777777           77777                7777777    455555555554444444444
  777777777777777777777444444444444444777777777777777777          77777777   77777       77777     555555555544444444444
   777777777777777777777444444444444447777777777777777777        777777777777777777     777777     555555555544444444444
   777777777777777777774444444444444447777777777777777777777    7777777777777777777777777777777   7555555555544444444444
    777777777777777777774444444444444477777777774447777777777  777777777777777777777777777777777777555555555444444444444
    77777777777777777777444444444444444777777  7444547            77777777777               7777774555555555444444444444
     77777777777777777774444444444444477 77    745545657         7777747777777777777555444447777746555555555444444444444
      7777777777777777774444444444444477 7      465555665         777754777777774568888888888866556665554555444444444444
      7777777777777777774444444444444477 7       56655566555555557777747777774688888888888888888888886554554444444444444
       777777777777777777444444444444477 7       45655555555555555544444444588888888886556888888888886544555444444444444
        77777777777777777444444444444477 7        4566555444555555566654456888888888644474774777756555555554444444444444
        77777777777777777744444444444777 7        7566865544555544488888888888888886444444777777756555555554444444444444
         7777777777777777744444444444777 77         46688886555544688888888888888864444444477777756555555554444444444444
         7777777777777777777444444444777  7            58886655544688888888888888474444444744777756555555554444444444444
          777777777777777777444444444777  7             4686744444588888888888885777777774744447756555555544444444444444
           77777777777777777444444447777  7              47        74688888888888864777774777777765555555554444444444444
           777777777777777774444444447777 7                           6888888888888867 777 77777765555555554444444444444
            77777777777777774444444477777 7                            58888888888888857    7777765555555554444444444444
            77777777777777774444444477777 7                              7455568888888884      7755555555554444444444444
             7777777777777774444444477777                                       4688888884       55555555554444444444444
              777777777777774444444477777777                                       748888477     45555555555444444444444
              77777777777777444444447777777777777777                                788887       75555555555444444444444
               777777777777744444444477777777777777777    7777                      588887777    75555555555544444444444
                7777777777774444444444447777777777777777777777                     7688887777    45555555555544444444444
                7777777777774444444444447777777777777777777777777777777777    7   77588887777    45555555555554444444444
                 7777777777444444444477777777777777777777777777777777777777777777777488887777777745555555555554444444444
                 7777777777444444477777777777777777777777777777777777777777777777777768884444777745555555555555444444444
                  777777774444447777777777777777777777777777777777777777777777777777758884444777745555555555555544444444
                   77777774447777777777777777777777777777777777777777777777777777777748885444444456666666555555554444444
                   77777744777777777777777777777777777777777777777777777777777777777775565444455666666666665555544444444
                    7777477777777777777777777777777777777777777777777777777777777777774445555555566666666665555554444444
                 7  7777777777777777777777777777777777777777777777777777777777777777774455555564465566666655555555444444
               77777 777777777777777777777777777777777777777777777777777777777777777777444444555555566666655555555444444
              7777777777777777777 77777777777777777777777777777777777777777777777777777777444555565466666655555555544444
             777777777777777          7777777777777777777777777777777777777777777777777777744455566688886665555555554444
