77744777777777777777777774444444444777777777                                               7777    455555555555544444444
7777777777777777777777774444444444477777777777                                            77777    455555555555444444444
777777777777777777777777744444444444777777777777                                         777777    455555555555544444444
7777777777777777777777774444444444447777777777777                                        777777    455555555555444444444
7777777777777777777777774444444444447777777777777                                       7777777    455555555555444444444
77777777777777777777777744444444444477777777777777                                      7777777    455555555555444444444
 7777777777777777777777444444444444477777777777777                                      7777777    455555555554444444444
 7777777777777777777777744444444444477777777777777                                       777777    455555555544444444444
  77777777777777777777774444444444444777777777777                                        77777     555555555544444444444
   77777777777777777777744444444444447777777777777              77 77777777              77777     555555555544444444444
   7777777777777777777744444444444444777777777777               7777777777777            77777     555555555544444444444
    7777777777777777777744444444444447777777444477777      7   7777777777777777        77777777  77555555555444444444444
    7777777777777777777744444444444447777777744457              777777777                    777777555555555544444444444
     77777777777777777774444444444444777    74554547           777777777777777777777777777777777746555555555544444444444
      7777777777777777774444444444444777 7   465555564         77777 75477      7777447777444477746565554555544444444444
      7777777777777777774444444444444477 7   766655555555555554777777747777745666888888888888888888886554555544444444444
       777777777777777777444444444444777 7    65665555445555555554444444456888888888888888888888888886544555544444444444
        77777777777777777744444444444777 7     4456655444455554458866556888888888888865566666665566665555555544444444444
        77777777777777777774444444444777 7     7556666665555547488888888888888888886444474777777756555555555444444444444
         7777777777777777774444444444777        746688888655544488888888888888888644444444777777756555555555444444444444
         7777777777777777777444444447777  7        775888666555588888888888888654444477444777777756555555555444444444444
          777777777777777777444444447777  7            686   77745888888888885777777777774777777756555555555444444444444
           77777777777777777444444447777  7            77         768888888888677777777774777777755555555555444444444444
           77777777777777777744444447777  7                        48888888888887  7777774777777765555555555544444444444
            77777777777777774444444477777 7                          5688888888884   77777 77777765555555555444444444444
            77777777777777774444444477777 7                             74688888884           77765555555555544444444444
             7777777777777774444444477777                                  768888887           7765555555555554444444444
              77777777777777744444447777777                                  7588886     7777  7745555555555554444444444
              7777777777777744444444777777777777                               488887           745555555555554444444444
               77777777777774444444477777777777777777                           6888577777777   745555555555555444444444
                7777777777774444444444477777777777777777   77                   5888877777777   745555555555555544444444
                777777777777444444444447777777777777777777777777777777777       48888577777777  745555555555555544444444
                 7777777777444444444477777777777777777777777777777777777777777777688884777777777745555555555555544444444
                  777777777444444477777777777777777777777777777777777777777777777468886444444777745555555555555544444444
                  777777774444447777777777777777777777777777777777777777777777777746888474444477445655655555555554444444
                   77777774447777777777777777777777777777777777777777777777777777774888644444444456666666655555555444444
                   77777744777777777777777777777777777777777777777777777777777777777488854444455666666666665555555444444
                    7777477777777777777777777777777777777777777777777777777777777777744455554555566666666665555555444444
                    7777777777777777777777777777777777777777777777777777777777777777774445555564565566666665555555544444
                 777 777777777777777777777777777777777777777777777777777777777777777774454444555565566666665555555554444
               7777777777777777     777777777777777777777777777777777777777777777777777777444555565466666665555555554444
              777777777777             777777777777777 77  7777777777777777777777777777777744455566688886665555555555444
