77744777777777777777777744444444444777777777777777                                      7777777    455555555555555554444
77777777777777777777777444444444444477777777777777                                      7777777    455555555555555554444
777777777777777777777774444444444444777777777777777                                     7777777    455555555555555544444
777777777777777777777774444444444444477777777777777                                    77777777    455555555555555554444
7777777777777777777777744444444444444777777777777777                                   77777777    455555555555555544444
777777777777777777777774444444444444447777777777777777                                 77777777    455555555555555554444
 777777777777777777777444444444444444477777777777777777                               777777777    455555555555555445444
 7777777777777777777777444444444444444777777777777777777               77            7777777777    455555555555555444444
  777777777777777777777444444444444444777777777777777777             7777777777     77777777777    555555555555554444444
   7777777777777777777744444444444444477777777777777777777         77777777777777 7777777777777    555555555555554444444
   77777777777777777777444444444444444777777777777777777777       77777777777777777777777777777  77555555555555545444444
    77777777777777777777444444444444444777777777777777777777     7777777777777777777777777777777777555555555555544444444
    777777777777777777774444444444444447777777        7447              777777       77777777777774555555555555544444444
     77777777777777777774444444444444447 77           7445564        777777777777774688888866554746555555555554444444444
      7777777777777777774444444444444477 7            745556657      754777777777758888888888888866666554555554444444444
      7777777777777777774444444444444477 7            755555666    77777777777774688888868888888888886554555554444444444
       777777777777777777444444444444477 7             56655566655555547444444458888888544555655668886444555554444444444
       777777777777777777444444444444477 7             75655556555555565544444588888888444444477756555555555554444444444
        77777777777777777444444444444477 7             74566555455555555566555888888888444444447756555555555544444444444
         7777777777777777744444444444477 77             7566665544555544688888888888886444444444456555555555444444444444
         77777777777777777744444444447777 7                4688655555445888888888888884444444444466555555555444444444444
          7777777777777777774444444447777 7                 688866655446888888888888857774744444466555555555444444444444
           777777777777777744444444447777 7                 758647774444688888888888865474777744466555555555444444444444
           777777777777777744444444447777 7                   7          75888888888888865777777466555555555544444444444
            77777777777777744444444447777 7                                488888888888888857777765555555555454444444444
            77777777777777744444444447777 7                                 76888888888888888647765555555555544444444444
             7777777777777744444444477777                                     745555688888888885765555555555554444444444
              777777777777744444444447777777                                          4568888888445555555555554444444444
              77777777777777444444444777777777777777                                      768888775555555555554444444444
               777777777777444444444477777777777777777     777                        7777688884 75555555555555444444444
                7777777777744444444444447777777777777777777777                     777777688885  75555555555555444444444
                777777777774444444444444777777777777777777777777777777777777    777777775888887  45555555555555444444444
                 7777777777444444444477777777777777777777777777777777777777777777777777768888477745555555555555444444444
                 7777777777444444477777777777777777777777777777777777777777777777777777488885777745555555555555444444444
                  777777774444447777777777777777777777777777777777777777777777777777777488864777745555555555555544444444
                   77777774444777777777777777777777777777777777777777777777777777777777688844444456666666555555544444444
                   77777744777777777777777777777777777777777777777777777777777777777777456644555666666666665555544444444
                    7777477777777777777777777777777777777777777777777777777777777777774445554555566666666665555554444444
               777  7774777777777777777777777777777777777777777777777777777777777777774444455554455566666655555554444444
              7777777777777777777777777777777777777777777777777777777777777777777777777444444564555566666655555554444444
            777777777777777777777777777777777777777777777777777777777777777777777777777777744555555466666655555554444444
          7 77777777777777777        77777777777777777777777777777777777777777777777777777774455565688886655555555544444
