77744777777777777777777774444444444777777777777                                            7777    455555555555555554444
7777777777777777777777774444444444447777777777777                                         77777    455555555555555544444
7777777777777777777777777444444444447777777777777                                        777777    455555555555555444444
77777777777777777777777774444444444477777777777777                                       777777    455555555555554444444
77777777777777777777777744444444444477777777777777                                       777777    455555555555554444444
7777777777777777777777774444444444444777777777777777                                    7777777    455555555555544444444
 777777777777777777777774444444444444777777777777777                                    7777777    455555555555554444444
 777777777777777777777774444444444444777777777777777                                 7777777777    455555555555544444444
  77777777777777777777774444444444444777777777777777                          77777777777777777    555555555555444444444
   777777777777777777777744444444444477777777777777777                   7777777777777777777777   7555555555555544444444
   77777777777777777777774444444444444777777777777777                777777777777777777777777777 77555555555555444444444
    77777777777777777777744444444444447777777777777777      77     77777777777777777777777777777777555555555554444444444
    7777777777777777777777444444444444777777                74547             777777756655554777774555555555554444444444
     77777777777777777777444444444444477                    745455    7  77777777777688888888865446566555555554444444444
      7777777777777777777444444444444477 7                 745555554  57     7777775888888888888888666554555544444444444
      7777777777777777777744444444444477 7                 4565555667 7 777777777748888885688888888888554555544444444444
       777777777777777777774444444444777 7                  556555566555555544444468888886444555568686544555554444444444
        77777777777777777774444444444777 7                  745655555555555554444488888888544444456655555555554444444444
        77777777777777777774444444444777 7                  745665554455555556654488888888644444456655555555544444444444
         7777777777777777777444444447777                      5666654445555545688688888888644444466655555555444444444444
         7777777777777777777744444447777  7                     46866555555445888888888888844444466655555555444444444444
          777777777777777777744444447777  7                      4888665554446888888888888644444466655555555544444444444
           77777777777777777744444447777  7                       686444455448888888888888677774466655555555544444444444
           77777777777777777744444447777  7                                  7568888888888886547766665555555554444444444
            77777777777777777444444477777 7                                     5888888888888886465565555555554444444444
            77777777777777777444444477777                                        768888888888888886566555555544444444444
             7777777777777777444444477777                                          4688888888888888866655555554444444444
              77777777777777744444447777777                                           7777458888888886665555554444444444
              7777777777777744444444777777777777                                             456888888665555554444444444
               7777777777777444444444777777777777777                                          46888888655555555444444444
                7777777777774444444444447777777777777777   7                          7777 77688888866655555555444444444
                777777777777444444444447777777777777777777777777777777777           777777778888886555555555555444444444
                 7777777777744444444477777777777777777777777777777777777777777777777777777488888655555555555555444444444
                  777777777444444477777777777777777777777777777777777777777777777777777774888864745555555555555444444444
                  777777777444477777777777777777777777777777777777777777777777777777777748888577745566655555555544444444
                   77777774447777777777777777777777777777777777777777777777777777777777445684444456666666655555544444444
                   77777744777777777777777777777777777777777777777777777777777777777774444554555666666666665555544444444
                    7777477777777777777777777777777777777777777777777777777777777777777444455555566666666665555554444444
                 7  7777777777777777777777777777777777777777777777777777777777777777777777444564465566666655555554444444
               77777 777777777777777777777777777777777777777777777777777777777777777777777774554555566666655555554444444
              777777777777777777     777777777777777777777   77777777777777777777777777777777555555466666655555555444444
              777777777777              7777777777777        77777777777777777777777777777777455565688886665555555554444
