77744777777777777777777744444444444777777777777                                           77777    455555555555444444444
7777777777777777777777774444444444447777777777777                                        777777    455555555555444444444
7777777777777777777777774444444444447777777777777                                        777777    455555555555544444444
77777777777777777777777744444444444477777777777777                                      7777777    455555555555444444444
77777777777777777777777744444444444447777777777777                                      7777777    455555555554444444444
777777777777777777777774444444444444477777777777777                                     7777777    455555555555444444444
 77777777777777777777744444444444444477777777777777                                     7777777    455555555554444444444
 777777777777777777777744444444444444777777777777777                                     777777    455555555544444444444
  77777777777777777777744444444444444777777777777777                                     77777     555555555544444444444
   777777777777777777777444444444444477777777777777777          777777777777             77777     555555555544444444444
   777777777777777777774444444444444477777777777777777         777777777777777           77777     555555555444444444444
    777777777777777777774444444444444477777444777777777   777  77777777777777777        777777    7555555555444444444444
    777777777777777777774444444444444477777745547               777777777                      7777555555555444444444444
     77777777777777777774444444444444477   445555657           77777777777777777 777777777777777746555555555544444444444
      7777777777777777744444444444444477 7 7555555665          7777  7577        777777777777777746555554455544444444444
      7777777777777777744444444444444477 7  756555566544555557 777777777777774555556666556666666668886554455544444444444
       777777777777777774444444444444477 7   756555555555555555544444444456888888888888888888888888886544455544444444444
        77777777777777777444444444444477 7    45666554445555545588665556888888888888888888888886668666555555544444444444
        77777777777777777444444444444777 7    74566665555555544688888888888888888888544445444477756555555555444444444444
         7777777777777777744444444444777 7     7466888885555444688888888888888888644444444777777756555555555444444444444
         7777777777777777744444444444777  7      77468886655555888888888888888654444477444777777756555555555444444444444
          777777777777777777444444444777  7          4885777747568888888888867777777777774777777755555555555444444444444
           77777777777777777444444447777  7           54         4688888888886777777777774777777755555555555444444444444
           77777777777777777444444447777  7                       78888888888884   7777774777777755555555555444444444444
            77777777777777774444444477777 7                         5688888888885    77777 77777765555555555444444444444
            77777777777777774444444477777 7                            74588888885            77765555555555544444444444
             7777777777777774444444477777                                 758888884            7765555555555544444444444
              77777777777777444444447777777                                  4688887     7777 77745555555555544444444444
              7777777777777744444444777777777777                               68884            745555555555554444444444
               77777777777774444444447777777777777777                          48886777777777   745555555555555444444444
                7777777777744444444444447777777777777777   77                  78888577777777   745555555555555544444444
                777777777777444444444447777777777777777777777777777777777       68888477777777  745555555555555544444444
                 7777777777444444444477777777777777777777777777777777777777777774688867777777777745555555555555554444444
                  777777777444444477777777777777777777777777777777777777777777777468885444444777745555555555555554444444
                  777777774444447777777777777777777777777777777777777777777777777746888474444477445656655555555555444444
                   77777774447777777777777777777777777777777777777777777777777777774688844444444456666666655555555444444
                   77777744777777777777777777777777777777777777777777777777777777777466554444555666666666665555555444444
                    7777477777777777777777777777777777777777777777777777777777777777744445555565566666666665555555444444
                     777777777777777777777777777777777777777777777777777777777777777774445544564565566666665555555544444
               77777 777777777777777777777777777777777777777777777777777777777777777777444444555565566666665555555554444
               7777777777777777      77777777777777777777777777777777777777777777777777777444555565466666665555555554444
              777777777777             77777777777777777   7777777777777777777777777777777744455566688886665555555555444
