77744777777777777777777774444444444777777777                                               7777    455555555555544444444
7777777777777777777777777444444444477777777777                                            77777    455555555555444444444
777777777777777777777777744444444444777777777777                                         777777    455555555555544444444
7777777777777777777777777444444444447777777777777                                        777777    455555555555444444444
77777777777777777777777744444444444477777777777777                                       777777    455555555555444444444
77777777777777777777777744444444444477777777777777                                       777777    455555555555444444444
 7777777777777777777777744444444444477777777777777                                      7777777    455555555554444444444
 7777777777777777777777744444444444447777777777777                                       777777    455555555544444444444
  77777777777777777777774444444444444777777777777                  7                     77777     555555555544444444444
   7777777777777777777777444444444444777777777777                 7777777   77           77777     555555555544444444444
   7777777777777777777774444444444444777777777777                777777777777777      777777777    555555555544444444444
    77777777777777777777444444444444477777777774477             777777777777777777    7777777777 77555555555444444444444
    777777777777777777777444444444444777777   744557              777777                    7777774555555555544444444444
     77777777777777777777444444444444777      7455454            77777777777777    7777777777777746555555555544444444444
      7777777777777777777444444444444777 7     465555557         77777547       7456888666666655456666554555544444444444
      7777777777777777777444444444444777 7     4666555565444455477777747777774688888888888888888888886554555544444444444
       777777777777777777744444444444777 7     7656555555555555555444444444588888888888688888888888886544555544444444444
        77777777777777777744444444444777 7      755566554445555555654444458888888888854444445444456655555555544444444444
        77777777777777777774444444444777 7       74566655545555444688866688888888886444444777777756555555555444444444444
         7777777777777777777444444444777          4586888865555444888888888888888854444444477777756555555555444444444444
         7777777777777777777444444447777            74488886655445888888888888886444444444447777756555555555444444444444
          777777777777777777744444447777  7            74885445555888888888888857777777774744447756555555555444444444444
           77777777777777777744444447777  7              54        46888888888886477777774777777766555555555444444444444
           77777777777777777744444447777  7                          588888888888867777774777777765555555555544444444444
            7777777777777777444444447777  7                           5888888888888857 777 77777765555555555444444444444
            77777777777777774444444477777                               455668888888864      777765555555555544444444444
             7777777777777777444444477777                                     4688888884        765555555555554444444444
              77777777777777444444447777777                                     7468888877777777745555555555554444444444
              7777777777777744444444777777777777                                   488887       775555555555554444444444
               7777777777777444444447777777777777777                               4888877777    45555555555555444444444
                7777777777774444444444477777777777777777   77                      5888877777    45555555555555544444444
                77777777777744444444444777777777777777777777777777777777           5888847777   745555555555555544444444
                 7777777777444444444477777777777777777777777777777777777777777777774888857777777745555555555555544444444
                  777777777444444477777777777777777777777777777777777777777777777777688854444777745555555555555544444444
                  777777777444447777777777777777777777777777777777777777777777777777488854444777445655655555555554444444
                   77777774447777777777777777777777777777777777777777777777777777777768864444444456666666655555554444444
                   77777744777777777777777777777777777777777777777777777777777777777758884444455666666666665555555444444
                    7777477777777777777777777777777777777777777777777777777777777777774455554555566666666665555555444444
                    7777777777777777777777777777777777777777777777777777777777777777774445555564565566666665555555544444
                7777 777777777777777777777777777777777777777777777777777777777777777774455444555565566666665555555554444
               7777777777777777      777777777777777777777 7777777777777777777777777777777444555565466666665555555554444
              77777777777              777777777777777     7777777777777777777777777777777744455566688886665555555554444
