7774477777777777777777774444444444477777777777777                                        777777    455555555555555544444
7777777777777777777777774444444444447777777777777                                        777777    455555555555555444444
77777777777777777777777744444444444477777777777777                                      7777777    455555555555554444444
77777777777777777777777744444444444477777777777777                                      7777777    455555555555554444444
777777777777777777777777444444444444477777777777777                                     7777777    455555555555544444444
7777777777777777777777744444444444444777777777777777                                   77777777    455555555555544444444
 7777777777777777777777444444444444447777777777777777                                  77777777    455555555555544444444
 77777777777777777777777444444444444477777777777777777             777777     7        77777777    455555555555544444444
  77777777777777777777774444444444444477777777777777777           77777777   777777     7777777    555555555555444444444
   7777777777777777777774444444444444477777777777777777         777777777777777777777   777777     555555555554444444444
   777777777777777777774444444444444447777777777777777777      77777777777777777777777777777777    555555555554444444444
    77777777777777777777444444444444447777777777445477777777   777777777777777777777777777777777777555555555554444444444
    7777777777777777777744444444444444777777   744455657          777777777777             77777774555555555544444444444
     77777777777777777774444444444444477 7     7555456654        7777747777777777777777777777777746555555555544444444444
      7777777777777777774444444444444477 7      7655556667   77  7777454777777777456888666666655456665554555544444444444
      7777777777777777774444444444444477 7       46555566655555557747747777774568888888888888888888886554555544444444444
       777777777777777777444444444444477 7       75655555555555555544444444588888888888688888888888886544555444444444444
        77777777777777777744444444444477 7        4566555444555545566654458888888888854444444444456655555555444444444444
        77777777777777777744444444444777 7         466866545555544688888888888888886444444777777756555555555444444444444
         7777777777777777774444444444777 7           7588865555444888888888888888854444444777777756555555554444444444444
         7777777777777777777444444444777  7           788866655556888888888888886477777774777777756555555554444444444444
          777777777777777777444444447777  7             685   7774688888888888847777777774777777756555555554444444444444
           77777777777777777444444447777  7                        75888888888864777777774777777755555555554444444444444
           777777777777777777444444477777 7                          68888888888867  77774777777765555555554444444444444
            77777777777777774444444477777 7                           68888888888867    77 77777765555555554444444444444
            77777777777777774444444477777 7                            75568888888887         77765555555555444444444444
             7777777777777777444444477777                                   7688888887          765555555555444444444444
              77777777777777744444447777777                                   768888887  777    745555555555444444444444
              777777777777774444444477777777777777                              7588885          75555555555544444444444
               777777777777744444444777777777777777777      7                     68885777777    75555555555544444444444
                77777777777744444444444477777777777777777  777                    68885777777    45555555555554444444444
                7777777777774444444444477777777777777777777777777777777777       768888777777    45555555555554444444444
                 7777777777444444444477777777777777777777777777777777777777777777768888477777777745555555555555444444444
                  777777777444444477777777777777777777777777777777777777777777777748888544444777745555555555555444444444
                  777777774444447777777777777777777777777777777777777777777777777775888574444777745555555555555444444444
                   77777774447777777777777777777777777777777777777777777777777777777688874444444456666666555555544444444
                   77777744777777777777777777777777777777777777777777777777777777777488854444555666666666665555544444444
                    7777477777777777777777777777777777777777777777777777777777777777768864444455566666666665555554444444
                 7  7777777777777777777777777777777777777777777777777777777777777777744455555564565566666655555554444444
               77777 777777777777777777777777777777777777777777777777777777777777777774444554564555566666655555555444444
              777777777777777777    777777777777777777777777777777777777777777777777777455444555565466666655555555544444
              7777777777777           7777777777777777777777777777777777777777777777777777744455565688886655555555554444
