777447777777777777777777444444444447777777777777                                          77777    455555555555544444444
7777777777777777777777774444444444447777777777777                                        777777    455555555555544444444
7777777777777777777777774444444444447777777777777                                        777777    455555555555544444444
77777777777777777777777744444444444447777777777777                                       777777    455555555555444444444
77777777777777777777777744444444444447777777777777                                      7777777    455555555555444444444
7777777777777777777777744444444444444777777777777777                                    7777777    455555555555444444444
 77777777777777777777744444444444444477777777777777                                     7777777    455555555554444444444
 77777777777777777777774444444444444477777777777777                                     7777777    455555555554444444444
  77777777777777777777774444444444444777777777777777              7777777   777          77777     555555555544444444444
   777777777777777777777444444444444477777777777777  7           777777777777777         77777     555555555544444444444
   7777777777777777777744444444444444477777777777777            7777777777777777777  777777777     555555555544444444444
    77777777777777777777444444444444447777777745577777     7   77777777777777777777777777777777  77555555555544444444444
    7777777777777777777744444444444444777777 7454557            777777777777                 777777555555555544444444444
     77777777777777777774444444444444477     755545557          77777777777777777777777777777777746555555555544444444444
      7777777777777777774444444444444477 7    465555565         7777775477      7774444774444477746565554555544444444444
      7777777777777777777444444444444477 7    45665555665555555777777747777774566888888888888888888886554555544444444444
       777777777777777777444444444444777 7     5565555555555555554444444445688888888888888888888888886544555544444444444
        77777777777777777744444444444777 7      456665544455555556654444588888888888865566666665566665555555544444444444
        77777777777777777774444444444777 7      756686655455554458888868888888888886444444777777756555555555444444444444
         7777777777777777774444444447777          7566888655544468888888888888888854444444777777756555555555444444444444
         7777777777777777777744444447777             5888666555488888888888888865444444444777777756555555555444444444444
          777777777777777777744444447777              7684 7774456888888888888477777777774777777756555555555444444444444
           77777777777777777744444447777                          768888888888857777777774777777755555555555444444444444
           77777777777777777744444447777                           768888888888884  777774777777765555555555544444444444
            7777777777777777744444447777                             588888888888867  7777 77777765555555555444444444444
             7777777777777777444444477777                              74456888888884         77765555555555544444444444
             7777777777777777444444477777                                   7588888884          765555555555544444444444
              77777777777777744444447777777                                    4588886   7777   745555555555544444444444
              777777777777777444444477777777777                                  48888           75555555555554444444444
               777777777777774444444777777777777777                              788887777777    75555555555555444444444
                777777777777444444444447777777777777777                          788885777777    45555555555555444444444
                77777777777744444444444777777777777777777777777777777777         788886777777    45555555555555444444444
                 7777777777744444444477777777777777777777777777777777777777777777758888477777777745555555555555444444444
                  777777777444444477777777777777777777777777777777777777777777777776888544444777745555555555555544444444
                  777777777444477777777777777777777777777777777777777777777777777774888674444777445555655555555554444444
                   77777774447777777777777777777777777777777777777777777777777777777588844444444456666666655555554444444
                   77777744777777777777777777777777777777777777777777777777777777777768864444455666666666665555555444444
                    7777477777777777777777777777777777777777777777777777777777777777744455554555566666666665555555444444
                     777777777777777777777777777777777777777777777777777777777777777774445555564565566666655555555544444
                 777 777777777777777777777777777777777777777777777777777777777777777774454444555565566666655555555544444
               777777777777777        777777777777777777     77777777777777777777777777777444555565466666655555555544444
              77777777777                77777777777         77777777777777777777777777777744455566688886665555555554444
