77744777777777777777777744444444444777777777777                                           77777    455555555555544444444
777777777777777777777777444444444444777777777777                                         777777    455555555555544444444
7777777777777777777777777444444444447777777777777                                        777777    455555555555544444444
77777777777777777777777744444444444477777777777777                                       777777    455555555555444444444
77777777777777777777777744444444444447777777777777                                      7777777    455555555555444444444
777777777777777777777774444444444444477777777777777                                      777777    455555555555444444444
 77777777777777777777774444444444444477777777777777                                     7777777    455555555554444444444
 77777777777777777777777444444444444477777777777777                 7                    777777    455555555554444444444
  777777777777777777777744444444444447777777777777                 777777    777         77777     555555555544444444444
   77777777777777777777744444444444447777777777777   7            7777777777777777       77777     555555555554444444444
   77777777777777777777774444444444444777777777777 7            777777777777777777777777777777     555555555544444444444
    7777777777777777777774444444444444777777777445477           7777777777777777777777777777777  77555555555544444444444
    7777777777777777777774444444444444777777  7744557             77777777                   777774555555555544444444444
     77777777777777777777444444444444477       45545557          7777777777777777777777777777777746555555555544444444444
      7777777777777777777444444444444477 7     465555565         777775477   77 7745666555555544746566554555544444444444
      7777777777777777777744444444444777 7     7656555566555555477777747777774568888888888888888888886554555544444444444
       777777777777777777744444444444777 7      556555555555555555444444444568888888888888888888888886544555544444444444
        77777777777777777774444444444777 7       44566554445555555654444458888888888854445555554456665555555544444444444
        77777777777777777774444444444777 7       75666665545555444688865688888888886444444777777756555555555444444444444
         7777777777777777777444444447777           756888865555445888888888888888864444444777777756555555555444444444444
         7777777777777777777744444447777              588866554446888888888888886444444444447777756555555555444444444444
          777777777777777777744444447777               76857444556888888888888857777777774744477756555555555444444444444
           77777777777777777744444447777                7         758888888888885477777774777777766555555555444444444444
           77777777777777777744444447777                            7688888888888857777774777777765555555555544444444444
            7777777777777777744444447777                             76888888888888857 777 77777765555555555444444444444
             777777777777777744444447777                               7566688888888867      777765555555555544444444444
             7777777777777777444444477777                                    75888888884        765555555555554444444444
              77777777777777744444447777777                                     74688886 7777  7745555555555544444444444
              777777777777777444444477777777777                                    48886         75555555555554444444444
               7777777777777744444447777777777777 7                                5888677777    75555555555555444444444
                777777777777744444444447777777777777777                            6888877777    45555555555555444444444
                7777777777774444444444477777777777777777777777777777777            6888877777    45555555555555444444444
                 7777777777744444444777777777777777777777777777777777777777777777775888847777777745555555555555444444444
                  777777777444444777777777777777777777777777777777777777777777777777688844444777745555555555555544444444
                  777777777444477777777777777777777777777777777777777777777777777777588854444777445565655555555554444444
                   77777774447777777777777777777777777777777777777777777777777777777768864444444456666666655555554444444
                   77777744777777777777777777777777777777777777777777777777777777777758884444555666666666665555555444444
                    7777477777777777777777777777777777777777777777777777777777777777774455554555566666666665555555444444
                     777777777777777777777777777777777777777777777777777777777777777774445555564565566666665555555544444
                 777 777777777777777777777777777777777777777777777777777777777777777777454444555565566666655555555544444
               777777777777777        7777777777777777       77777777777777777777777777777444555565466666655555555544444
              77777777777                  7   77             7777777777777777777777777777744455566688886665555555554444
