7774477777777777777777744444444444477777777777777                                        777777    455555555555554444444
7777777777777777777777744444444444447777777777777                                        777777    455555555555554444444
77777777777777777777777444444444444477777777777777                                      7777777    455555555555544444444
777777777777777777777774444444444444477777777777777                                     7777777    455555555555544444444
777777777777777777777774444444444444477777777777777                                     7777777    455555555555444444444
7777777777777777777777744444444444444777777777777777                                   77777777    455555555555444444444
 7777777777777777777774444444444444447777777777777777                                   7777777    455555555554544444444
 77777777777777777777774444444444444477777777777777777                                  7777777    455555555555444444444
  77777777777777777777744444444444444477777777777777777         77777777777              77777     555555555554444444444
   77777777777777777777444444444444444777777777777777777       77777777777777            77777     555555555554444444444
   777777777777777777774444444444444447777777777777777777 77   77777777777777777         77777     555555555544444444444
    777777777777777777744444444444444477777744547777777777777777777777777777777777777777777777    7555555555544444444444
    77777777777777777777444444444444447777774455547            777777777777                   77777555555555544444444444
     77777777777777777774444444444444477 7  455555657         7777777777777777777777777777777777746555555555544444444444
      7777777777777777774444444444444477 7  7565555665  77777  7777777547777   77777777777777777746555554555444444444444
      7777777777777777774444444444444477 7   456555566555555554444777747777744555555555556666666668886554555444444444444
       777777777777777777444444444444477 7    45655554555555555555544444568888888888888888888888888886544555444444444444
        77777777777777777444444444444477 7    74566655444555544588888668888888888888888888888886666666555555444444444444
        77777777777777777744444444444477 7     7586866655555544688888888888888888888654445444477756555555554444444444444
         7777777777777777744444444444777 7       75688886555544888888888888888888644444444777777756555555555444444444444
         7777777777777777774444444444777  7         68886655555688888888888886544777777774777777756555555554444444444444
          777777777777777777444444444777  7           867       75888888888884777777777774777777755555555554444444444444
           77777777777777777444444444777  7                       5888888888885  777777774777777755555555554444444444444
           777777777777777774444444447777 7                        5888888888886     77777 77777755555555554444444444444
            77777777777777744444444447777 7                          4568888888867       7    77755555555554444444444444
            77777777777777774444444477777 7                              768888886              755555555554444444444444
             7777777777777774444444477777                                  76888885              65555555555544444444444
              777777777777774444444477777777                                 7588887     777    745555555555444444444444
              7777777777777744444444777777777777777                            68884             75555555555444444444444
               777777777777744444444477777777777777777     77                  48888777777777    75555555555544444444444
                7777777777774444444444447777777777777777777777                 78888677777777    45555555555544444444444
                7777777777774444444444447777777777777777777777777777777777      5888857777777    45555555555554444444444
                 7777777777444444444477777777777777777777777777777777777777777777588884777777777745555555555554444444444
                  777777777444444477777777777777777777777777777777777777777777777758886444444777745555555555555444444444
                  777777774444447777777777777777777777777777777777777777777777777775888574444777445555555555555544444444
                   77777774447777777777777777777777777777777777777777777777777777777588854444444456666666555555554444444
                   77777744777777777777777777777777777777777777777777777777777777777755455444455666666666665555554444444
                    7777477777777777777777777777777777777777777777777777777777777777774444555555566666666665555554444444
                    7777777777777777777777777777777777777777777777777777777777777777774455444564565566666655555555444444
               77777 777777777777777777777777777777777777777777777777777777777777777777777444554555566666655555555444444
              7777777777777777777   777777777777777777777777777777777777777777777777777777444555565466666655555555544444
             77777777777777          77777777777777777777777777777777777777777777777777777774455566688886665555555554444
