777447777777777777777777444444444447777777777777                                         777777    455555555555544444444
7777777777777777777777774444444444447777777777777                                        777777    455555555555544444444
77777777777777777777777744444444444477777777777777                                      7777777    455555555555544444444
77777777777777777777777744444444444447777777777777                                      7777777    455555555555444444444
777777777777777777777777444444444444477777777777777                                     7777777    455555555555444444444
7777777777777777777777744444444444444777777777777777                                    7777777    455555555555444444444
 7777777777777777777774444444444444447777777777777777                                   7777777    455555555554444444444
 77777777777777777777774444444444444477777777777777777                                  7777777    455555555544444444444
  7777777777777777777774444444444444477777777777777777          77  777777               77777     555555555544444444444
   7777777777777777777774444444444444777777777777777777        777777777777777           77777     555555555544444444444
   77777777777777777777444444444444444777777777777777777  77   77777777777777777         77777     555555555444444444444
    777777777777777777774444444444444477777444477777777777777777777777777777777777        7777    7555555555444444444444
    7777777777777777777744444444444444777777445547             77777777777                      777555555555444444444444
     77777777777777777774444444444444477   745555557          7777777777777777777777777777777777746555555555444444444444
      7777777777777777774444444444444477 7  465555566     77   77777 75477      7777777777777777746555554555444444444444
      7777777777777777774444444444444477 7  7666555566555555547777777747777777444444444445555666668686554555444444444444
       777777777777777777444444444444477 7   556655554555555555544444444456688888888888888888888888886544555444444444444
        77777777777777777444444444444477 7    75566555444555544588866556888888888888888888888888668666555554444444444444
        77777777777777777444444444444777 7    75566666555555544688888888888888888888665555555547756555555554444444444444
         7777777777777777744444444444777 7      756688886555544888888888888888888654444444777777756555555554444444444444
         7777777777777777774444444444777  7         68886665555888888888888888654444777774777777756555555554444444444444
          777777777777777777444444447777  7          7684   777746888888888867777777777774777777755555555554444444444444
           77777777777777777444444447777  7           7           6888888888867 7777777774777777755555555554444444444444
           777777777777777774444444477777 7                       76888888888884    777777 77777755555555554444444444444
            77777777777777774444444477777 7                         4568888888884     7777   777755555555554444444444444
            77777777777777774444444477777 7                             7588888884             7755555555555444444444444
             7777777777777774444444477777                                 758888887              65555555555444444444444
              77777777777777444444447777777                                  488886      777   7745555555555444444444444
              7777777777777744444444777777777777                              788887             75555555555544444444444
               77777777777774444444447777777777777777                          58885777777777    75555555555544444444444
                777777777777444444444444777777777777777777777                  48888577777777    45555555555554444444444
                777777777777444444444447777777777777777777777777777777777      76888877777777    45555555555554444444444
                 7777777777444444444477777777777777777777777777777777777777777774688867777777777745555555555555444444444
                  777777777444444477777777777777777777777777777777777777777777777468885444444777745555555555555444444444
                  777777774444447777777777777777777777777777777777777777777777777746888474444777445555555555555544444444
                   77777774447777777777777777777777777777777777777777777777777777777688844444444456666666555555554444444
                   77777744777777777777777777777777777777777777777777777777777777777766554444455666666666665555555444444
                    7777477777777777777777777777777777777777777777777777777777777777774444555555566666666665555555444444
                    7777777777777777777777777777777777777777777777777777777777777777774455544564565566666655555555444444
               77777 777777777777777777777777777777777777777777777777777777777777777777447444554565566666655555555444444
              777777777777777777    777777777777777777777777777777777777777777777777777777444555565466666655555555544444
              777777777777            7777777777777777777777777777777777777777777777777777774455566688886665555555554444
