7774477777777777777777777744444444477777777777                                             7777    455555555555555554444
777777777777777777777777774444444447777777777777                                          77777    455555555555555544444
7777777777777777777777777444444444447777777777777                                        777777    455555555555555444444
7777777777777777777777777444444444447777777777777                                        777777    455555555555554444444
77777777777777777777777744444444444477777777777777                                      7777777    455555555555554444444
77777777777777777777777744444444444447777777777777                                     77777777    455555555555544444444
 7777777777777777777777744444444444447777777777777                                   7777777777    455555555555554444444
 777777777777777777777777444444444444777777777777                           7       77777777777    455555555555544444444
  77777777777777777777774444444444444777777777777                     777777777    777777777777    555555555555544444444
   7777777777777777777777444444444444777777777777                   777777777777777777777777777    555555555555544444444
   7777777777777777777777444444444444777777777777                  7777777777777777777777777777  77555555555554444444444
    777777777777777777777444444444444777777777777     7444        777777777777777777777777777777777555555555554444444444
    7777777777777777777777444444444447777777          7744557           77777777    774777777777774555555555554444444444
     77777777777777777777744444444444777              74544564       777777777777774688888866554746566555555554444444444
      7777777777777777777744444444444777 7            755555666      754777777777768888888888888868666554555544444444444
      7777777777777777777744444444444777 7             56555566477744447777777775888888868888888888886554555544444444444
       777777777777777777774444444444777 7             75654456655555554444444468888888544556655668886544555554444444444
        77777777777777777777444444444777 7             74565554455555555547444688888888444444447756655555555554444444444
        77777777777777777777444444447777 7              7566654444555555566545888888886444444444756555555555544444444444
         7777777777777777777744444447777                  75866544555544688888888888885444444444456555555555444444444444
         7777777777777777777744444447777                    688865555445888888888888884444444444466555555555444444444444
          777777777777777777744444447777                    468855555446888888888888857774744444466555555555444444444444
           77777777777777777744444447777                     74     7774688888888888854774777444466555555555444444444444
           77777777777777777744444447777                                 76888888888888854 77774466555555555544444444444
            7777777777777777744444447777                                   588888888888888647777766555555555454444444444
            77777777777777777444444477777                                   46888888888888886477765555555555544444444444
             7777777777777777444444477777                                     456666888888888867765555555555554444444444
              77777777777777744444447777777                                          75688888886745555555555554444444444
              777777777777777444444477777777777                                          7488888775555555555554444444444
               777777777777774444444777777777777777                                      7688884 75555555555555444444444
                777777777777744444444447777777777777777                               777688885  45555555555555444444444
                77777777777744444444444777777777777777777777777777777777            7777588886   45555555555555444444444
                 7777777777744444444477777777777777777777777777777777777777777777777777768888777745555555555555444444444
                  777777777444444477777777777777777777777777777777777777777777777777777488884777745555555555555444444444
                  777777777444477777777777777777777777777777777777777777777777777777777588854777745565555555555544444444
                   77777774447777777777777777777777777777777777777777777777777777777777688844444456666666655555554444444
                   77777744777777777777777777777777777777777777777777777777777777777774566544555666666666665555544444444
                    7777477777777777777777777777777777777777777777777777777777777777774445554455566666666665555554444444
                     777777777777777777777777777777777777777777777777777777777777777774445445564555566666655555554444444
                 777 777777777777777777777777777777777777777777777777777777777777777777444444554555566666655555555444444
               777777777777777        777777777777777777     7 777777777777777777777777777777555555466666655555555544444
              777777777777                 77  7777            777777777777777777777777777777455565688886665555555554444
