77744777777777777777777774444444444777777777777                                           77777    455555555555555554444
777777777777777777777777774444444447777777777777                                          77777    455555555555555544444
7777777777777777777777777444444444447777777777777                                        777777    455555555555555444444
7777777777777777777777777444444444447777777777777                                        777777    455555555555554444444
77777777777777777777777744444444444477777777777777                                      7777777    455555555555554444444
77777777777777777777777744444444444447777777777777                                     77777777    455555555555544444444
 77777777777777777777777444444444444477777777777777                                   777777777    455555555555554444444
 7777777777777777777777744444444444447777777777777                            7      7777777777    455555555555544444444
  77777777777777777777774444444444444777777777777                          777777   77777777777    555555555555544444444
   7777777777777777777777444444444444777777777777                    77777777777777777777777777   7555555555555544444444
   7777777777777777777777444444444444777777777777                  7777777777777777777777777777  77555555555555444444444
    777777777777777777777444444444444777777777777       7447       77777777777777777777777777777777555555555554444444444
    7777777777777777777777444444444447777777            774554            77777777  745444477777774555555555554444444444
     77777777777777777777744444444444777                74544567      77777777777774888888888665446566555555554444444444
      7777777777777777777744444444444777 7              755545665    754777777777758888888888888888666554555544444444444
      7777777777777777777744444444444777 7              4565555667777747777777777588888866888888888888554555544444444444
       777777777777777777774444444444777 7               456445566555555544444446888888644445555568886544555554444444444
        77777777777777777777444444444777 7               745655555555555655444458888888844444444456655555555544444444444
        77777777777777777777444444447777 7                46665544455555556654468888888844444444456655555555544444444444
         7777777777777777777744444447777                   7568655445555446888888888888844444444456655555555444444444444
         7777777777777777777744444447777                      6888655554748888888888888644444444466655555555444444444444
          777777777777777777744444447777                      6886665544468888888888888474744444466655555555544444444444
           77777777777777777744444447777                       557 77744468888888888888474777444466655555555444444444444
           77777777777777777744444447777  7                                468888888888888577777466655555555554444444444
            7777777777777777744444447777                                     5888888888888886477766655555555554444444444
            77777777777777777444444477777                                     588888888888888864765565555555544444444444
             7777777777777777444444477777                                       4668888888888888665556555555554444444444
              77777777777777744444447777777                                            756888888886555555555554444444444
              777777777777777444444477777777777                                           745888886555555555554444444444
               777777777777774444444777777777777777                                        48888855555555555555444444444
                7777777777777444444444477777777777777777                              7777588888445555555555555444444444
                77777777777744444444444777777777777777777777777777777777            777774888885 45555555555555444444444
                 7777777777744444444477777777777777777777777777777777777777777777777777776888857745555555555555444444444
                  777777777444444477777777777777777777777777777777777777777777777777777758888477745555555555555444444444
                  777777777444477777777777777777777777777777777777777777777777777777777768884777745565655555555544444444
                   77777774447777777777777777777777777777777777777777777777777777777777588854444456666666655555544444444
                   77777744777777777777777777777777777777777777777777777777777777777777445644555666666666665555544444444
                    7777477777777777777777777777777777777777777777777777777777777777774444554555566666666665555554444444
                     777777777777777777777777777777777777777777777777777777777777777777444445564465566666655555554444444
               77777 777777777777777777777777777777777777777777777777777777777777777777777744554555566666655555555444444
               7777777777777777      7777777777777777777     77777777777777777777777777777777555555466666655555555544444
              777777777777              7  7   77777         77777777777777777777777777777777455565688886665555555554444
