77744777777777777777777774444444444777777777777                                           77777    455555555555554444444
7777777777777777777777777444444444447777777777777                                        777777    455555555555554444444
7777777777777777777777777444444444447777777777777                                        777777    455555555555554444444
7777777777777777777777774444444444447777777777777                                       7777777    455555555555544444444
77777777777777777777777744444444444447777777777777                                      7777777    455555555555444444444
77777777777777777777777744444444444447777777777777                                     77777777    455555555555444444444
 7777777777777777777777744444444444447777777777777                                    777777777    455555555555544444444
 7777777777777777777777744444444444447777777777777                                  77777777777    455555555555444444444
  777777777777777777777774444444444447777777777777                      77 777     777777777777    555555555554444444444
   77777777777777777777774444444444447777777777777                    7777777777777777777777777    555555555554444444444
   7777777777777777777777444444444444777777777777                  7777777777777777777777777777  77555555555554444444444
    7777777777777777777774444444444444777777777777     777        777777777777777777777777777777777555555555544444444444
    7777777777777777777777444444444444777777           74547              7777       74777777777774555555555544444444444
     77777777777777777777444444444444777               7454557       777777777777774688888886654746566555555544444444444
      7777777777777777777444444444444777 7             45554564      754777777777748888888888888868666554555544444444444
      7777777777777777777744444444444777 7             555555566    7777777777777588888868888888888888554555544444444444
       777777777777777777774444444444777 7             45565555665555555444444446888888644555555568886544555544444444444
        77777777777777777774444444444777 7              7565555555555556554444458888888644444444456655555555544444444444
        77777777777777777777444444447777 7              7456655444555555566644488888888644444444456655555555444444444444
         7777777777777777777744444447777                 746666554455554458886688888888545444444456655555555444444444444
         7777777777777777777744444447777                    468886555547468888888888888444444444466555555555444444444444
          777777777777777777744444447777                     78886655444588888888888886774744444466555555555444444444444
           77777777777777777744444447777                      7664744444588888888888886474777444466655555555444444444444
           77777777777777777744444447777                                 75688888888888886477774466655555555544444444444
            7777777777777777744444447777                                    58888888888888885477766655555555444444444444
            77777777777777777444444477777                                    4688888888888888864765555555555544444444444
             7777777777777777444444477777                                      56888888888888888665555555555554444444444
              77777777777777744444447777777                                           7456888888885555555555544444444444
              7777777777777774444444777777777777                                          776888865555555555554444444444
               777777777777774444444777777777777777                                       768888645555555555555444444444
                777777777777444444444447777777777777777                              77777688886745555555555555444444444
                77777777777744444444444777777777777777777777777777777777           7777775888887 45555555555554444444444
                 7777777777744444444477777777777777777777777777777777777777777777777777748888677745555555555555444444444
                  777777777444444777777777777777777777777777777777777777777777777777777758886777745555555555555444444444
                  777777777444477777777777777777777777777777777777777777777777777777777488864777745565655555555544444444
                   77777774447777777777777777777777777777777777777777777777777777777777568844444456666666655555554444444
                   77777744777777777777777777777777777777777777777777777777777777777774445644455666666666665555544444444
                    7777477777777777777777777777777777777777777777777777777777777777774444555555566666666665555554444444
                     777777777777777777777777777777777777777777777777777777777777777777444444564465566666655555555444444
                7777 777777777777777777777777777777777777777777777777777777777777777777777744554555566666655555555444444
               777777777777777       77777777777777777      777777777777777777777777777777774555565466666655555555544444
              777777777777                7777777777        777777777777777777777777777777774455565688866665555555554444
