777447777777777777777777744444444447777777777777                                         777777    455555555555555554444
7777777777777777777777777744444444447777777777777                                        777777    455555555555555544444
7777777777777777777777777444444444447777777777777                                        777777    455555555555555444444
77777777777777777777777774444444444477777777777777                                       777777    455555555555555444444
777777777777777777777777744444444444777777777777777                                      777777    455555555555554444444
777777777777777777777777444444444444477777777777777                                     7777777    455555555555554444444
 777777777777777777777774444444444444777777777777777                                    7777777    455555555555554444444
 777777777777777777777774444444444444777777777777777                                   77777777    455555555555545444444
  77777777777777777777774444444444444777777777777777                          777    7777777777    555555555555544444444
   7777777777777777777777444444444444777777777777777 7                    777777777777777777777   7555555555555544444444
   77777777777777777777774444444444447777777777777777               777777777777777777777777777  77555555555555544444444
    7777777777777777777774444444444447777777777777777             777777777777777777777777777777777555555555555444444444
    7777777777777777777777444444444444777777              7447                77    745444447777774555555555554444444444
     77777777777777777777744444444444777                  744557      77777777777777688888888665446566555555554444444444
      7777777777777777777744444444444777 7                44545657    54    77777776888888888888888666554555554444444444
      7777777777777777777744444444444777 7                555555667   77777777777768888866888888888888554555544444444444
       777777777777777777774444444444777 7                65655556644444447444444588888864445555568886544555554444444444
        77777777777777777774444444444777 7                 4655556665555555444444888888885444444456655555555554444444444
        77777777777777777777444444444777 7                 4466555455555555654445888888886444444456655555555544444444444
         7777777777777777777444444447777                   7466655444555555568656888888886444444466655555555544444444444
         7777777777777777777744444447777                     74686654555544488888888888886444444466655555555444444444444
          777777777777777777744444447777                       788886555544588888888888885744444466655555555544444444444
           77777777777777777744444447777  7                    768865555544688888888888885777444466655555555544444444444
           77777777777777777744444447777  7                      47     777458888888888888865777466655555555554444444444
            7777777777777777744444447777                                      468888888888888857765665555555554444444444
            77777777777777777444444477777                                       6888888888888888565566555555554444444444
             7777777777777777444444477777                                        468888888888888886656655555554444444444
              77777777777777744444447777777                                         777774688888888866655555555444444444
              7777777777777774444444777777777777                                           74568888865655555554444444444
               7777777777777744444447777777777777777                                        7468888866555555555444444444
                777777777777444444444447777777777777777                               7777776888886556555555555444444444
                777777777777444444444447777777777777777777777777777777777           777777768888865555555555555444444444
                 7777777777744444444477777777777777777777777777777777777777777777777777777688888445555555555555444444444
                  777777777444444777777777777777777777777777777777777777777777777777777775888857745555555555555444444444
                  777777777444477777777777777777777777777777777777777777777777777777777758888477745566655555555544444444
                   77777774447777777777777777777777777777777777777777777777777777777777458884444456666666655555544444444
                   77777744777777777777777777777777777777777777777777777777777777777774445654555666666666665555544444444
                    7777477777777777777777777777777777777777777777777777777777777777774444554555566666666665555554444444
                     777777777777777777777777777777777777777777777777777777777777777777444445564455566666655555554444444
               77777 777777777777777777777777777777777777777777777777777777777777777777777744554555566666655555554444444
              77777777777777777      7777777777777777777 77  77777777777777777777777777777777555555466666655555555444444
              777777777777              7777777777777        77777777777777777777777777777777455565688886665555555544444
