777447777777777777777777444444444447777777777                                             77777    455555555555444444444
777777777777777777777777444444444444777777777777                                         777777    455555555555444444444
7777777777777777777777777444444444447777777777777                                        777777    455555555555544444444
77777777777777777777777744444444444477777777777777                                       777777    455555555555444444444
77777777777777777777777744444444444477777777777777                                      7777777    455555555554444444444
777777777777777777777774444444444444477777777777777                                     7777777    455555555555444444444
 77777777777777777777774444444444444477777777777777                                     7777777    455555555554444444444
 77777777777777777777774444444444444477777777777777                                      777777    455555555544444444444
  7777777777777777777777444444444444477777777777777                7                     77777     555555555544444444444
   7777777777777777777774444444444444777777777777777 7           7777777777777            7777     555555555544444444444
   7777777777777777777774444444444444777777777777777            7777777777777777        777777     555555555544444444444
    777777777777777777774444444444444777777774447777777    7   777777777777777777      77777777  77555555555444444444444
    777777777777777777774444444444444477777 77445577             77777777                    777774555555555544444444444
     77777777777777777777444444444444477     74555565           77777777777777777777777777777777746555555555544444444444
      7777777777777777774444444444444477 7    565555665          77777577       7745665555555544446566554455544444444444
      7777777777777777774444444444444477 7    75655556654455554777777747777775668888888888888888888886554455544444444444
       777777777777777777444444444444477 7     5565555555555555554444444445688888888888888888888888886544455544444444444
        77777777777777777744444444444777 7      456655544455555556654444588888888888854455666555456665555555544444444444
        77777777777777777774444444444777 7      446666555455554448888888888888888885444444777777756555555555444444444444
         7777777777777777777444444444777         75668888655554458888888888888888644444444777777756555555555444444444444
         7777777777777777777444444447777            74888866555468888888888888864444444444777777756555555555444444444444
          777777777777777777744444447777  7           768647444458888888888888477777777774777777756555555555444444444444
           77777777777777777744444447777  7            44         468888888888857777777774777777755555555555444444444444
           77777777777777777744444447777  7                         68888888888884 7777774777777765555555555444444444444
            7777777777777777744444447777                             588888888888867  7777 77777765555555555444444444444
            77777777777777774444444477777                              74556888888884         77765555555555544444444444
             7777777777777777444444477777                                   7588888885          765555555555554444444444
              77777777777777744444447777777                                    75888887  7777  7745555555555544444444444
              777777777777774444444477777777777                                  768887         745555555555554444444444
               7777777777777444444447777777777777777                              68884777777    45555555555555444444444
                777777777777444444444447777777777777777                           68886777777   745555555555555544444444
                7777777777774444444444477777777777777777777777777777777           68888777777   745555555555555544444444
                 7777777777444444444477777777777777777777777777777777777777777777748888477777777745555555555555554444444
                  777777777444444477777777777777777777777777777777777777777777777775888544444777745555555555555554444444
                  777777774444447777777777777777777777777777777777777777777777777774688674444477445666655555555554444444
                   77777774447777777777777777777777777777777777777777777777777777777488844444444556666666655555555444444
                   77777744777777777777777777777777777777777777777777777777777777777768864444555666666666665555555444444
                    7777477777777777777777777777777777777777777777777777777777777777744455555565566666666665555555444444
                     777777777777777777777777777777777777777777777777777777777777777774445555564565566666665555555544444
                 777 777777777777777777777777777777777777777777777777777777777777777774454444555565566666665555555554444
               7777777777777777       7777777777777777777  7777777777777777777777777777777444555565466666665555555554444
              77777777777                777777777777      7777777777777777777777777777777744455566688886665555555555444
