7774477777777777777777774444444444477777777777777                                       7777777    455555555555555554444
77777777777777777777777444444444444477777777777777                                      7777777    455555555555555544444
777777777777777777777774444444444444777777777777777                                     7777777    455555555555555444444
777777777777777777777777444444444444477777777777777                                    77777777    455555555555555544444
7777777777777777777777744444444444444777777777777777                                   77777777    455555555555554444444
777777777777777777777774444444444444447777777777777777                                 77777777    455555555555554444444
 777777777777777777777444444444444444477777777777777777                               777777777    455555555555554444444
 7777777777777777777777444444444444444777777777777777777                77           7777777777    455555555555555444444
  777777777777777777777444444444444444777777777777777777              77777 77777  777777777777    555555555555544444444
   777777777777777777774444444444444447777777777777777777           777777777777777777777777777   7555555555555544444444
   777777777777777777774444444444444447777777777777777777         77777777777777777777777777777  77555555555555544444444
    77777777777777777777444444444444444777777777777777777777     7777777777777777777777777777777777555555555555444444444
    777777777777777777774444444444444447777777          745477            7777777   755554447777774555555555554444444444
     77777777777777777774444444444444447 77             7445565      777777777777774888888888865446566555555554444444444
      7777777777777777774444444444444447 7              445555657    754777777777758888888888888888666554555544444444444
      7777777777777777774444444444444447 7              465555666   7747777777777588888856888888888886554555544444444444
       777777777777777774444444444444477 7              7566555666555555544444445888888844445555568686544555544444444444
       777777777777777777444444444444477 7               756555555555555655444448888888844444444456555555555544444444444
        77777777777777777444444444444477 7               745665544555555556654468888888854444444456555555555444444444444
         7777777777777777444444444444477777                5666655445555446888888888888844444444456555555555444444444444
         77777777777777777444444444447777 7                  76886555554448888888888888644444444466555555555444444444444
          7777777777777777744444444447777 7                   6888665554468888888888888574744444466555555555444444444444
           777777777777777744444444447777 7                   7565777744458888888888888544777744466555555555444444444444
           777777777777777744444444447777 7                                468888888888888647777766555555555544444444444
            77777777777777444444444447777 7                                  5888888888888886477765555555555444444444444
            77777777777777744444444447777 7                                   488888888888888864765555555555544444444444
             7777777777777744444444447777                                       4566666888888888665555555555554444444444
              777777777777744444444447777777                                           746888888885555555555554444444444
              7777777777777444444444477777777777777777                                     76888865555555555554444444444
               777777777777444444444477777777777777777777 77777                       7777768888645555555555555444444444
                77777777777444444444444477777777777777777777777                   77777777688886745555555555555444444444
                77777777777444444444444477777777777777777777777777777777777777777777777775888887 45555555555555444444444
                 7777777777444444444477777777777777777777777777777777777777777777777777748888847745555555555555444444444
                 7777777777444444477777777777777777777777777777777777777777777777777777758888777745555555555555444444444
                  777777774444447777777777777777777777777777777777777777777777777777777788884777745565655555555544444444
                   77777744444777777777777777777777777777777777777777777777777777777777588854444456666666655555544444444
                   77777744777777777777777777777777777777777777777777777777777777777777446644555666666666665555544444444
                    7777477777777777777777777777777777777777777777777777777777777777774445554555566666666665555554444444
               777  7777777777777777777777777777777777777777777777777777777777777777774455445564465566666655555554444444
              7777777777777777777777777777777777777777777777777777777777777777777777777777444565555566666655555554444444
            777777777777777777777777777777777777777777777777777777777777777777777777777777744555555466666655555555444444
          7 77777777777777777       777777777777777777777777777777777777777777777777777777774455565688886665555555544444
