7774477777777777777777774444444444477777777777777                                        777777    455555555555555544444
77777777777777777777777444444444444477777777777777                                      7777777    455555555555555444444
777777777777777777777774444444444444777777777777777                                     7777777    455555555555554444444
777777777777777777777774444444444444477777777777777                                    77777777    455555555555554444444
7777777777777777777777744444444444444777777777777777                                   77777777    455555555555544444444
77777777777777777777777444444444444447777777777777777                                 777777777    455555555555544444444
 777777777777777777777444444444444444477777777777777777                             77777777777    455555555555544444444
 777777777777777777777744444444444444477777777777777777               77777777     777777777777    455555555555544444444
  77777777777777777777744444444444444477777777777777777              77777777777  7777777777777    555555555555444444444
   77777777777777777777444444444444444777777777777777777          77777777777777777777777777777    555555555554444444444
   777777777777777777774444444444444447777777777777777777         77777777777777777777777777777   7555555555554444444444
    77777777777777777777444444444444444777777777777777744477     7777777777777777777777777777777777555555555554444444444
    77777777777777777777444444444444444777777         7444547          7777777777    77777777777774555555555544444444444
     77777777777777777774444444444444477 77           74554565       777777777777774688886666547746555555555544444444444
      7777777777777777774444444444444447 7             55555666      754777777777758888888888888666666554555544444444444
      7777777777777777774444444444444477 7             55655566577744447777777774688888888888888888886554555444444444444
       777777777777777777444444444444477 7             75655556655555554444444458888888544556665668886444555444444444444
       777777777777777777444444444444477 7              4566554455555555654444588888888444444447756555555555444444444444
        77777777777777777444444444444477 7              7566655444555555566545888888888444444447756555555554444444444444
         7777777777777777744444444444777777               46886655555544688888888888885444444444456555555555444444444444
         77777777777777777744444444447777 7                 588865555445888888888888884444444444466555555554444444444444
          7777777777777777774444444447777 7                 768865655546888888888888857774744444466555555555444444444444
           777777777777777774444444447777 7                  757   77745688888888888854774777444466555555555444444444444
           777777777777777774444444447777 7                              46888888888888865777777466555555555444444444444
            77777777777777744444444477777 7                                688888888888888657777765555555555444444444444
            77777777777777744444444477777 7                                 58888888888888888577765555555555544444444444
             7777777777777774444444477777                                     456666688888888885765555555555544444444444
              777777777777744444444447777777                                         74568888888445555555555544444444444
              777777777777774444444447777777777777777                                     788886775555555555554444444444
               7777777777777444444444777777777777777777    7777                       7774888887 75555555555555444444444
                77777777777744444444444477777777777777777777777                    777774888884  45555555555555444444444
                7777777777774444444444477777777777777777777777777777777777  777777777777688885   45555555555555444444444
                 7777777777444444444477777777777777777777777777777777777777777777777777788886777745555555555555444444444
                 7777777777444444477777777777777777777777777777777777777777777777777777488884777745555555555555444444444
                  777777774444447777777777777777777777777777777777777777777777777777777588854777745565655555555544444444
                   77777744444777777777777777777777777777777777777777777777777777777774888644444456666666655555544444444
                   77777744777777777777777777777777777777777777777777777777777777777774456544555666666666665555544444444
                    7777477777777777777777777777777777777777777777777777777777777777774445554555566666666665555554444444
               7 7  7777777777777777777777777777777777777777777777777777777777777777774555545564465566666655555554444444
              777777 777777777777777777777777777777777777777777777777777777777777777777777444555555566666655555555444444
            777777777777777777777777777777777777777777777777777777777777777777777777777777744555565466666655555555544444
            7777777777777777         77777777777777777777777777777777777777777777777777777774455565688886665555555554444
