7774477777777777777777774444444444477777777777777                                        777777    455555555555555554444
77777777777777777777777444444444444477777777777777                                       777777    455555555555555544444
77777777777777777777777444444444444477777777777777                                      7777777    455555555555555444444
777777777777777777777774444444444444777777777777777                                     7777777    455555555555555544444
7777777777777777777777744444444444444777777777777777                                   77777777    455555555555554444444
77777777777777777777777444444444444447777777777777777                                  77777777    455555555555554444444
 77777777777777777777744444444444444477777777777777777                               7777777777    455555555555554444444
 777777777777777777777744444444444444477777777777777777               77777         77777777777    455555555555555444444
  777777777777777777777444444444444444777777777777777777             777777777    7777777777777    555555555555544444444
   77777777777777777777444444444444444777777777777777777          77777777777777777777777777777    555555555555544444444
   7777777777777777777744444444444444477777777777777777777 7     777777777777777777777777777777  77555555555555544444444
    77777777777777777777444444444444447777777777777777777777     7777777777777777777777777777777777555555555555444444444
    77777777777777777777444444444444444777777       7745447           77777777      744777777777774555555555554444444444
     77777777777777777774444444444444477 77         77445665        7777777777777775888888866654746565555555554444444444
      7777777777777777774444444444444447 7           555556664       754777777777468888888888888868666554555544444444444
      7777777777777777774444444444444477 7           4655556667777447744777777746888888668888888888886554555544444444444
       777777777777777777444444444444477 7            565555666555555544444444588888888444455555568886544555544444444444
       777777777777777777444444444444477 7            456555555555555565544445888888885444447777756555555555544444444444
        77777777777777777744444444444477 7            746666544455555456886568888888884444444777756555555555444444444444
         7777777777777777744444444444777777             4588665455554458888888888888854444444444756555555555444444444444
         77777777777777777444444444447777 7                6888655554468888888888888644444444444456555555555444444444444
          7777777777777777774444444447777 7                6888655555588888888888888477774744444466555555555444444444444
           777777777777777774444444447777 7                 457    77775688888888888654774777744466555555555444444444444
           777777777777777744444444447777 7                              58888888888888647 77777466555555555444444444444
            77777777777777744444444447777 7                               58888888888888867  777765555555555444444444444
            77777777777777774444444447777 7                                768888888888888867 77765555555555544444444444
             7777777777777774444444477777                                     7774468888888884 7765555555555544444444444
              777777777777774444444447777777                                         45688888877745555555555444444444444
              777777777777774444444447777777777777777                                   768886   75555555555544444444444
               777777777777744444444477777777777777777     777                         7688887   75555555555545444444444
                7777777777744444444444447777777777777777777777                       77588886    75555555555555444444444
                7777777777744444444444477777777777777777777777777777777777     77777777688884    45555555555554444444444
                 7777777777444444444477777777777777777777777777777777777777777777777777888867777745555555555555444444444
                 7777777777444444477777777777777777777777777777777777777777777777777774888844777745555555555555444444444
                  777777774444447777777777777777777777777777777777777777777777777777774888644777745565555555555544444444
                   77777774447777777777777777777777777777777777777777777777777777777774888544444456666666555555544444444
                   77777744777777777777777777777777777777777777777777777777777777777774668444555666666666665555544444444
                    7777477777777777777777777777777777777777777777777777777777777777774445544555566666666665555554444444
               777  7777777777777777777777777777777777777777777777777777777777777777774445555564465566666655555554444444
              777777 777777777777777777777777777777777777777777777777777777777777777777444444564555566666655555554444444
            777777777777777777777777777777777777777777777777777777777777777777777777777777444555555466666655555555444444
            7777777777777777         77777777777777777777777777777777777777777777777777777774455565688886655555555544444
