77744777777777777777777444444444444777777777777777                                      7777777    455555555555555554444
777777777777777777777774444444444444777777777777777                                     7777777    455555555555555554444
777777777777777777777774444444444444777777777777777                                     7777777    455555555555555544444
7777777777777777777777744444444444444777777777777777                                   77777777    455555555555555554444
7777777777777777777777744444444444444777777777777777                                   77777777    455555555555555554444
777777777777777777777774444444444444447777777777777777                                 77777777    455555555555555554444
 7777777777777777777774444444444444444777777777777777777                              777777777    455555555555555445444
 7777777777777777777777444444444444444777777777777777777                7            7777777777    455555555555555444444
  7777777777777777777774444444444444447777777777777777777             7777777777    77777777777    555555555555554444444
   7777777777777777777744444444444444477777777777777777777         7777777777777777777777777777    555555555555554444444
   777777777777777777774444444444444447777777777777777777777      77777777777777777777777777777  77555555555555545444444
    77777777777777777777444444444444444777777777777777777777     7777777777777777777777777777777777555555555555544444444
    777777777777777777774444444444444447777777         7447               77777      77777777777774555555555555544444444
     77777777777777777774444444444444477 77            7445557       777777777777774688888886654746555555555554444444444
      7777777777777777774444444444444447 7             74555664      754777777777758888888888888868666554555554444444444
      7777777777777777774444444444444447 7             455555665    7777777777777688888868888888888888554555554444444444
       777777777777777777444444444444477 7             75655556655555554444444446888888644455555568886444555554444444444
       777777777777777777444444444444477 7              4565556665555556544444468888888544444447756555555555554444444444
        77777777777777777444444444444477 7              7456555455555555566554688888888544444444756555555555544444444444
         7777777777777777744444444444477777              766665544555554468888888888888544444444456555555555444444444444
         77777777777777777444444444447777 7                7588665555544588888888888886444444444466555555555444444444444
          7777777777777777774444444447777 7                 768886655444688888888888884774744444466555555555444444444444
           777777777777777744444444447777 7                  46864744454588888888888885474777744466555555555444444444444
           777777777777777744444444447777 7                    7          4688888888888886477777466555555555544444444444
            77777777777777744444444447777 7                                 68888888888888885777765555555555554444444444
            77777777777777744444444447777 7                                  5888888888888888857765555555555544444444444
             7777777777777774444444447777                                      45666668888888888565555555555554444444444
              777777777777744444444447777777                                          7456888888855555555555554444444444
              777777777777774444444447777777777777777                                     748888845555555555554444444444
               777777777777444444444477777777777777777 7   777                       77777488888775555555555555444444444
                7777777777744444444444447777777777777777777777                     7777774888884 75555555555555444444444
                777777777777444444444444777777777777777777777777777777777777    777777777688885  45555555555555444444444
                 7777777777444444444477777777777777777777777777777777777777777777777777748888677745555555555555444444444
                 7777777777444444477777777777777777777777777777777777777777777777777777768886777745555555555555444444444
                  777777774444447777777777777777777777777777777777777777777777777777777488884777745555555555555544444444
                   77777774444777777777777777777777777777777777777777777777777777777777588854444456666666555555544444444
                   77777744777777777777777777777777777777777777777777777777777777777777456644555666666666665555544444444
                    7777477777777777777777777777777777777777777777777777777777777777774445554555566666666665555554444444
              7777  7774777777777777777777777777777777777777777777777777777777777777774445455554455566666655555554444444
             77777777777777777777777777777777777777777777777777777777777777777777777777777444564555566666655555554444444
            777777777777777777777777777777777777777777777777777777777777777777777777777777744555555466666655555554444444
          7 77777777777777777        77777777777777777777777777777777777777777777777777777774455565688886655555555544444
