7774477777777777777777777444444444477777777777                                           777777    455555555555444444444
7777777777777777777777777444444444447777777777777                                        777777    455555555555444444444
7777777777777777777777777444444444447777777777777                                       7777777    455555555555544444444
77777777777777777777777744444444444477777777777777                                      7777777    455555555555444444444
77777777777777777777777744444444444477777777777777                                      7777777    455555555554444444444
777777777777777777777777444444444444477777777777777                                    77777777    455555555555444444444
 77777777777777777777777444444444444477777777777777                                  7777777777    455555555554444444444
 77777777777777777777777444444444444477777777777777                                 77777777777    455555555544444444444
  7777777777777777777777444444444444477777777777777                    7777777     777777777777    555555555544444444444
   777777777777777777777744444444444477777777777777                   7777777777777777777777777   7555555555544444444444
   777777777777777777777744444444444477777777777777                7777777777777777777777777777  77555555555544444444444
    77777777777777777777744444444444477777777777777    777        777777777777777777777777777777777555555555544444444444
    7777777777777777777774444444444447777777           7454                 7       468665544777774555555555544444444444
     77777777777777777777444444444444777               745457         77777777777775888888888865446566555555544444444444
      7777777777777777777444444444444777 7             75555547      754 77777777758888888888888888666554455544444444444
      7777777777777777777744444444444777 7             556555565      77777777777688888855688888888886554455444444444444
       777777777777777777774444444444777 7             56565555665555555444444445888888844444444456685544455444444444444
        77777777777777777774444444444777 7              5556555555555555654444448888888854444444456655555555444444444444
        77777777777777777777444444444777 7               445665544455555556544468888888854444444456655555555444444444444
         7777777777777777777444444447777                 446666655445555446886688888888844444444456655555555444444444444
         7777777777777777777744444447777                   4666888655554448888888888888644444444466655555555444444444444
          777777777777777777744444447777                      7688865544458888888888888574744444466655555555444444444444
           77777777777777777744444447777  7                    768544444558888888888888654777744466655555555444444444444
           77777777777777777744444447777  7                     47         468888888888888854777766655555555444444444444
            7777777777777777744444447777                                     4888888888888888647765555555555444444444444
            77777777777777774444444477777                                     768888888888888888565555555555544444444444
             7777777777777777444444477777                                       7556666688888888886556555555554444444444
              77777777777777744444447777777                                             74568888888555555555554444444444
              7777777777777774444444777777777777                                            4688886555555555554444444444
               7777777777777444444447777777777777777                                      768888855555555555555444444444
                7777777777774444444444477777777777777777                             77777688888445555555555555444444444
                77777777777744444444444777777777777777777777777777777777           7777774888884 45555555555555544444444
                 7777777777744444444477777777777777777777777777777777777777777777777777776888677745555555555555544444444
                  777777777444444477777777777777777777777777777777777777777777777777777768886777745555555555555544444444
                  777777777444477777777777777777777777777777777777777777777777777777777488864777745565655555555554444444
                   77777774447777777777777777777777777777777777777777777777777777777777456844444456666666655555554444444
                   77777744777777777777777777777777777777777777777777777777777777777774445554555666666666665555555444444
                    7777477777777777777777777777777777777777777777777777777777777777774445455565566666666665555555444444
                    7777777777777777777777777777777777777777777777777777777777777777777777444564465566666665555555544444
                7777 777777777777777777777777777777777777777777777777777777777777777777777744555555566666655555555544444
               777777777777777       777777777777777777    7777777777777777777777777777777744555565466666655555555544444
              77777777777                 7 777777 7        777777777777777777777777777777774455566688886665555555554444
