777447777777777777777777444444444447777777777777                                          77777    455555555555555555445
7777777777777777777777774444444444447777777777777                                        777777    455555555555555554444
7777777777777777777777777444444444447777777777777                                        777777    455555555555555544444
77777777777777777777777744444444444477777777777777                                       777777    455555555555555554444
77777777777777777777777744444444444447777777777777                                      7777777    455555555555555544444
7777777777777777777777744444444444444777777777777777                                    7777777    455555555555555555444
 77777777777777777777774444444444444477777777777777                                     7777777    455555555555555455444
 777777777777777777777774444444444444777777777777777                                    7777777    555555555555555445444
  77777777777777777777774444444444444777777777777777             777777777             77777777    555555555555555444444
   7777777777777777777774444444444444777777777777777 7         7777777777777777         7777777    555555555555554444444
   7777777777777777777744444444444444777777777777777777    7   7777777777777777777777777777777     555555555555555444444
    7777777777777777777744444444444444777777774457777777  77   77777777777777777777777777777777   7555555555555544444444
    7777777777777777777744444444444444777777 44545665          7777777777777                  77777555555555555444444444
     77777777777777777774444444444444477     4555556654        777777777777777777777777777777777746555555555555544444444
      7777777777777777774444444444444477 7    465555666777747  777777754777 77777777777777777777746665554555554444444444
      7777777777777777774444444444444477 7     5655556655555554444477747777777744777444444455555568686554555555444444444
       777777777777777777444444444444477 7     4565555555555555565544444455688888888888888888888888888544555555444444444
        77777777777777777744444444444777 7     7566665444555544468888656888888888888888888888888888666555555554444444444
        77777777777777777774444444444777 7       75886655555544588888888888888888888866566666554756555555555544444444444
         7777777777777777774444444444777           788886555544688888888888888888865444444777777756555555555544444444444
         7777777777777777777444444447777           766886555555688888888888888865444444444777777756555555555544444444444
          777777777777777777744444447777             764        75888888888884777777777774777777756555555555544444444444
           77777777777777777744444447777  7                       5888888888887 7777777774777777755555555555554444444444
           77777777777777777744444447777  7                        6888888888884    777774777777755555555555554444444444
            7777777777777777444444447777                            4688888888884     7777 77777765555555555554444444444
            77777777777777774444444477777                               7588888884            77765555555555554444444444
             7777777777777777444444477777                                 76888888             7765555555555554444444444
              77777777777777744444447777777                                 7688885      7777  7745555555555555444444444
              7777777777777744444444777777777777                              588887            775555555555554544444444
               7777777777777444444447777777777777777                           68885777777777    75555555555555444444444
                7777777777774444444444477777777777777777                       58888477777777    45555555555555544444444
                7777777777774444444444447777777777777777777777777777777777     78888877777777    45555555555555544444444
                 7777777777444444444477777777777777777777777777777777777777777775888867777777777745555555555555444444444
                  777777777444444477777777777777777777777777777777777777777777777488885444444777745555555555555544444444
                  777777774444447777777777777777777777777777777777777777777777777748888474444777745555555555555544444444
                   77777774447777777777777777777777777777777777777777777777777777774888647444444456666666555555554444444
                   77777744777777777777777777777777777777777777777777777777777777777488654444555666666666665555544444444
                    7777477777777777777777777777777777777777777777777777777777777777744455544555566666666665555554444444
                    7777777777777777777777777777777777777777777777777777777777777777774444555554565566666655555554444444
               77777 777777777777777777777777777777777777777777777777777777777777777774444444564555566666655555554444444
              777777777777777777     777777777777777777777   77777777777777777777777777777774555565466666655555555444444
              7777777777777            77777777777777777     77777777777777777777777777777777455565688886665555555554444
