77744777777777777777777744444444444777777777777777                                       777777    455555555555555554444
77777777777777777777777744444444444477777777777777                                      7777777    455555555555555544444
777777777777777777777777444444444444477777777777777                                     7777777    455555555555555444444
777777777777777777777777444444444444477777777777777                                     7777777    455555555555555544444
7777777777777777777777774444444444444777777777777777                                    7777777    455555555555554444444
777777777777777777777774444444444444477777777777777777                                  7777777    455555555555554444444
 777777777777777777777444444444444444477777777777777777                                 7777777    455555555555554444444
 7777777777777777777777444444444444444777777777777777777                          7777777777777    455555555555544444444
  777777777777777777777444444444444444777777777777777777                       7777777777777777    555555555555544444444
   777777777777777777777444444444444447777777777777777777                   7777777777777777777  77555555555555544444444
   777777777777777777774444444444444447777777777777777777          77777777777777777777777777777 77555555555555444444444
    777777777777777777774444444444444477777777777777777777        777777777777777777777777777777777555555555555444444444
    777777777777777777774444444444444477777777                744               7777744444447777774555555555554444444444
     77777777777777777774444444444444477 77                   74454   7     77777777588888888665446566555555554444444444
      7777777777777777774444444444444477 7                   74454567 57       77774888888888888888666554555544444444444
      7777777777777777774444444444444477 7                   655555565     777777775888888888888888888554555544444444444
       777777777777777777444444444444477 7                   56565556647744447744446888888445555568886544555554444444444
       777777777777777777444444444444477 7                    5565555666555555444448888888854444456655555555544444444444
        77777777777777777744444444444477 7                    4456555555555555655448888888884444456655555555544444444444
         7777777777777777744444444444777 77                   7466855544455555556658888888885444466655555555444444444444
         77777777777777777774444444447777 7                     75686554455554458888888888886444466655555555444444444444
          7777777777777777774444444447777 7                        68886555554468888888888886444466655555555444444444444
           777777777777777774444444447777 7                        68886655544488888888888886774466655555555544444444444
           777777777777777777444444447777 7                         557  7 744468888888888888654765665555555554444444444
            77777777777777774444444477777 7                                     7568888888888888665566555555554444444444
            77777777777777774444444447777 7                                        5888888888888888666655555554444444444
             7777777777777774444444447777                                           468888888888888886665555554444444444
              777777777777774444444447777777                                          7455556888888888865555555444444444
              777777777777774444444447777777777777777                                        756888888886555554444444444
               7777777777777444444444777777777777777777    777                         7777     468888886555555444444444
                7777777777744444444444447777777777777777777777                      777777777 46888888865555555444444444
                7777777777774444444444447777777777777777777777777777777777      7 77777777777688888866655555555444444444
                 7777777777444444444477777777777777777777777777777777777777777777777777777746888888655555555555444444444
                 7777777777444444477777777777777777777777777777777777777777777777777777777588888545555555555555444444444
                  777777774444447777777777777777777777777777777777777777777777777777777775888857745566655555555544444444
                   77777774444777777777777777777777777777777777777777777777777777777777444586444456666866655555544444444
                   77777744777777777777777777777777777777777777777777777777777777777774444564555666666666665555544444444
                    7777477777777777777777777777777777777777777777777777777777777777777444455555566666666665555544444444
               777  7777777777777777777777777777777777777777777777777777777777777777777777445565465566666655555554444444
              777777 777777777777777777777777777777777777777777777777777777777777777777777744555455566666655555554444444
            777777777777777777777777777777777777777777777777777777777777777777777777777777744555565466666655555554444444
            77777777777777777        777777777777777777777 7777777777777777777777777777777777455565688886665555555544444
