7774477777777777777777774444444444447777777777777                                        777777    455555555555554444444
77777777777777777777777444444444444477777777777777                                      7777777    455555555555554444444
777777777777777777777774444444444444477777777777777                                     7777777    455555555555554444444
777777777777777777777774444444444444477777777777777                                     7777777    455555555555554444444
7777777777777777777777744444444444444777777777777777                                    7777777    455555555555444444444
777777777777777777777774444444444444477777777777777777                                  7777777    455555555555444444444
 777777777777777777777444444444444444477777777777777777                                 7777777    455555555555544444444
 777777777777777777777744444444444444477777777777777777                               777777777    455555555555444444444
  77777777777777777777774444444444444477777777777777777                        7777777777777777    555555555554444444444
   77777777777777777777744444444444444777777777777777777                     777777777777777777   7555555555554444444444
   77777777777777777777444444444444444777777777777777777           77777777777777777777777777777 77555555555554444444444
    77777777777777777777444444444444447777777777777777777          77777777777777777777777777777777555555555544444444444
    77777777777777777777444444444444447777777                7747                   745555544777774555555555544444444444
     77777777777777777774444444444444477 77                  77455    7      7777777688888888865446566555555544444444444
      7777777777777777774444444444444477 7                   775555   57       77774888888888888888666554555544444444444
      7777777777777777774444444444444477 7                  765555565      777777775888888688888888888554555544444444444
       777777777777777777444444444444477 7                  485655556544444444744446888888544555568686444555544444444444
       777777777777777777444444444444477 7                   66565555665555555544448888888854444456655555555544444444444
        77777777777777777744444444444777 7                    5456555545555555565448888888884444456655555555444444444444
         7777777777777777774444444444777 77                   5456665544455555556868888888885444466655555555444444444444
         7777777777777777774444444444777  7                    756686655455554458888888888886444466655555555444444444444
          777777777777777777444444444777  7                       758888555544468888888888886444466655555555444444444444
           77777777777777777444444444777                           76886655544488888888888886474466665555555444444444444
           777777777777777774444444447777 7                         764    777756888888888888885465565555555544444444444
            77777777777777774444444477777 7                                      758888888888888886566555555554444444444
            77777777777777774444444447777 7                                        7688888888888888866655555544444444444
             7777777777777774444444447777                                            58888888888888888665555554444444444
              777777777777774444444447777777                                           774444688888888886555554444444444
              777777777777774444444447777777777777777                                         74688888886555554444444444
               7777777777774444444444777777777777777777    77                                  7568888886555555444444444
                7777777777774444444444447777777777777777777777                       77777777768888888665555555444444444
                777777777774444444444444777777777777777777777777777777777       7777777777774888888866655555555444444444
                 7777777777444444444477777777777777777777777777777777777777777777777777777758888866555555555555444444444
                 7777777777444444447777777777777777777777777777777777777777777777777777775888885445555555555555444444444
                  777777774444447777777777777777777777777777777777777777777777777777777744688577745566655555555544444444
                   77777744444777777777777777777777777777777777777777777777777777777774444564444456666866655555544444444
                   77777744777777777777777777777777777777777777777777777777777777777777444455455666666666665555544444444
                    7777477777777777777777777777777777777777777777777777777777777777777774445565566666666665555554444444
                77  7777777777777777777777777777777777777777777777777777777777777777777777444565465566666665555554444444
              777777 777777777777777777777777777777777777777777777777777777777777777777777444555565566666655555555444444
            777777777777777777777777777777777777777777777777777777777777777777777777777777444555565466666655555555544444
            7777777777777777         77777777777777777777777777777777777777777777777777777774455565688886665555555554444
