7774477777777777777777774444444444477777777777777                                        777777    455555555555555554444
77777777777777777777777744444444444477777777777777                                      7777777    455555555555555554444
777777777777777777777777444444444444777777777777777                                      777777    455555555555555444444
777777777777777777777777444444444444477777777777777                                     7777777    455555555555555544444
7777777777777777777777774444444444444777777777777777                                    7777777    455555555555555544444
777777777777777777777774444444444444477777777777777777                                  7777777    455555555555554554444
 777777777777777777777444444444444444477777777777777777                                77777777    455555555555555445444
 7777777777777777777777444444444444444777777777777777777                          7777777777777    455555555555555444444
  777777777777777777777744444444444444777777777777777777                       7777777777777777    555555555555554444444
   77777777777777777777744444444444444777777777777777777                    7777777777777777777  77555555555555554444444
   777777777777777777774444444444444447777777777777777777          77777777777777777777777777777777555555555555544444444
    77777777777777777777444444444444447777777777777777777          77777777777777777777777777777774555555555555444444444
    77777777777777777777444444444444447777777                  4447             7777745555544777774555555555555444444444
     77777777777777777774444444444444477 77                    74454  7    777777777588888888865446566555555554444444444
      7777777777777777774444444444444477 7                    5445454757       77774888888888888888666554555554444444444
      7777777777777777774444444444444477 7                   4655555667    777777775888888688888888888554555554444444444
       777777777777777777444444444444477 7                   48565555657744447744446888888545555568686544555554444444444
       777777777777777777744444444444477 7                    4456455666555555544446888888864444456655555555554444444444
        77777777777777777744444444444777 7                    7456655555555555655446888888885444456655555555544444444444
         7777777777777777744444444444777 77                    466665544455555556868888888886444466655555555544444444444
         7777777777777777777444444444777  7                     75586654445554446888888888888444466655555555544444444444
          777777777777777777444444444777  7                        58886555554458888888888888444466655555555544444444444
           777777777777777774444444447777 7                        58886555544468888888888888474466665555555554444444444
           777777777777777774444444477777 7                         457    777756888888888888865465665555555554444444444
            77777777777777474444444477777 7                                      758888888888888886566555555554444444444
            77777777777777774444444447777 7                                        7688888888888888666655555554444444444
             7777777777777774444444447777                                            58888888888888886665555555444444444
              777777777777774444444447777777                                           744445688888888866555555444444444
              777777777777774444444447777777777777777                                         46888888886555554444444444
               777777777777744444444477777777777777777     77                          7777     768888886555555444444444
                7777777777774444444444447777777777777777777777                       7777777  46888888865555555544444444
                7777777777774444444444447777777777777777777777777777777777      7 77777777777588888886655555555544444444
                 7777777777444444444477777777777777777777777777777777777777777777777777777746888888655555555555444444444
                 7777777777444444477777777777777777777777777777777777777777777777777777777588888655555555555555444444444
                  777777774444447777777777777777777777777777777777777777777777777777777775888857745566655555555544444444
                   77777774444777777777777777777777777777777777777777777777777777777777444566444456666866655555544444444
                   77777744777777777777777777777777777777777777777777777777777777777774444564555666666666665555544444444
                    7777477777777777777777777777777777777777777777777777777777777777777444455555566666666665555554444444
               777  7777777777777777777777777777777777777777777777777777777777777777777777445564465566666655555554444444
              7777777777777777777777777777777777777777777777777777777777777777777777777777744555455566666655555554444444
            777777777777777777777777777777777777777777777777777777777777777777777777777777774555555466666655555554444444
          7 77777777777777777        777777777777777777777 7777777777777777777777777777777777455565688886665555555544444
