77744777777777777777777774444444444777777777777                                           77777    455555555555554444444
7777777777777777777777774444444444447777777777777                                        777777    455555555555554444444
7777777777777777777777777444444444447777777777777                                        777777    455555555555554444444
77777777777777777777777744444444444477777777777777                                      7777777    455555555555544444444
77777777777777777777777744444444444447777777777777                                      7777777    455555555555444444444
777777777777777777777777444444444444477777777777777                                    77777777    455555555555444444444
 77777777777777777777777444444444444477777777777777                                   777777777    455555555555544444444
 7777777777777777777777744444444444447777777777777                                   7777777777    455555555555444444444
  7777777777777777777777744444444444477777777777777                        7777    777777777777    555555555554444444444
   77777777777777777777774444444444447777777777777                    7777777777777777777777777    555555555554444444444
   77777777777777777777774444444444447777777777777                 7777777777777777777777777777  77555555555554444444444
    7777777777777777777774444444444444777777777777 7    77        777777777777777777777777777777777555555555544444444444
    7777777777777777777777444444444444777777            7454               777       44477777777774555555555544444444444
     77777777777777777777444444444444777                744454        77777777777774688888886654446566555555544444444444
      7777777777777777777444444444444777 7              45545654     754777777777748888888888888868666554555544444444444
      7777777777777777777744444444444777 7              665555664    777777777777588888868888888888888554555544444444444
       777777777777777777774444444444777 7              6565555666555555444444445888888844455555568886544555544444444444
        77777777777777777774444444444777 7               456555555555555655444448888888844444444456655555555544444444444
        77777777777777777777444444447777 7               445665544455555556654468888888844444444456655555555444444444444
         7777777777777777777744444447777                  76666554445555445888688888888845444444456655555555444444444444
         7777777777777777777744444447777                    756888555554748888888888888644444444466655555555444444444444
          777777777777777777744444447777                      5888665444458888888888888574744444466655555555444444444444
           77777777777777777744444447777                       586444444468888888888888544777444466655555555444444444444
           77777777777777777744444447777                        7         4588888888888888547777466655555555544444444444
            7777777777777777744444447777                                    76888888888888888577765655555555444444444444
            77777777777777777444444477777                                     588888888888888885465555555555544444444444
             7777777777777777444444477777                                      75888888888888888885556555555554444444444
              77777777777777744444447777777                                            746888888886555555555554444444444
              7777777777777774444444777777777777                                           74888886555555555554444444444
               777777777777774444444777777777777777                                        48888865555555555555444444444
                777777777777444444444447777777777777777                              77777588888545555555555555444444444
                77777777777744444444444777777777777777777777777777777777           7777777888885 45555555555554444444444
                 7777777777744444444477777777777777777777777777777777777777777777777777776888857745555555555555444444444
                  777777777444444777777777777777777777777777777777777777777777777777777758888477745555555555555444444444
                  777777777444477777777777777777777777777777777777777777777777777777777788884777745565655555555544444444
                   77777774447777777777777777777777777777777777777777777777777777777777468854444456666666655555554444444
                   77777744777777777777777777777777777777777777777777777777777777777774445644455666666666665555544444444
                    7777477777777777777777777777777777777777777777777777777777777777774444555555566666666665555554444444
                     777777777777777777777777777777777777777777777777777777777777777777444444564465566666655555555444444
                7777 777777777777777777777777777777777777777777777777777777777777777777777744554555566666655555555444444
               7777777777777777      77777777777777777 7     77777777777777777777777777777774555555466666655555555544444
              777777777777             7777777777777         77777777777777777777777777777777455565688866665555555554444
