777447777777777777777777444444444447777777777777                                          77777    455555555555555554444
7777777777777777777777774444444444447777777777777                                        777777    455555555555555544444
77777777777777777777777774444444444477777777777777                                       777777    455555555555555444444
77777777777777777777777744444444444477777777777777                                      7777777    455555555555555444444
777777777777777777777777444444444444477777777777777                                     7777777    455555555555554444444
7777777777777777777777744444444444444777777777777777                                    7777777    455555555555554444444
 777777777777777777777444444444444444777777777777777                                    7777777    455555555555554444444
 777777777777777777777744444444444444777777777777777                                    7777777    455555555555544444444
  7777777777777777777777444444444444477777777777777777            7777777               7777777    555555555555544444444
   7777777777777777777774444444444444777777777777777777         777777777777777         777777     555555555555544444444
   77777777777777777777444444444444444777777777777777777        77777777777777777       777777     555555555555444444444
    777777777777777777774444444444444477777777444777777777777  7777777777777777777         777    7555555555554444444444
    7777777777777777777744444444444444777777 77445444           7777777777                      777555555555554444444444
     77777777777777777774444444444444477 7   7455456657         777777777777777     777777777777746555555555554444444444
      7777777777777777774444444444444477 7    4555556667        777777577           777777777777746555554555544444444444
      7777777777777777774444444444444477 7     5655556654455547777777747777777777774444444555555568686554555544444444444
       777777777777777777444444444444477 7     7565555555555556544444444444456688888888888888888888888544555554444444444
       777777777777777777444444444444477 7     7456655445555555556544444568888888888888888888888668666555555554444444444
        77777777777777777744444444444777 7      756666554455554468888668888888888888865555555547756555555555444444444444
         7777777777777777744444444444777 7        7568866555544488888888888888888885444474777777756555555555444444444444
         7777777777777777774444444444777  7         58888665554588888888888888886544444474777777756555555555444444444444
          777777777777777777444444444777  7          4686474444588888888888888547777777774777777756555555555444444444444
           77777777777777777444444447777  7           77         4688888888885777777777774777777755555555555444444444444
           777777777777777774444444477777 7                        6888888888884   7777774777777755555555555544444444444
            77777777777777774444444477777 7                        76888888888885    77777777777765555555555444444444444
            77777777777777774444444477777 7                          4568888888885           777765555555555544444444444
             7777777777777774444444477777                                7588888886            7765555555555544444444444
              777777777777774444444477777777                                58888885     777   7745555555555444444444444
              777777777777774444444477777777777777                            4688887            75555555555544444444444
               77777777777774444444447777777777777777                          76888477777777    75555555555545444444444
                7777777777774444444444447777777777777777   777                  5888577777777    45555555555555444444444
                777777777777444444444447777777777777777777777777777777777       4888847777777    45555555555554444444444
                 7777777777444444444477777777777777777777777777777777777777777774888867777777777745555555555555444444444
                  777777777444444477777777777777777777777777777777777777777777777588884444444777745555555555555444444444
                  777777774444447777777777777777777777777777777777777777777777777758886774444777745555555555555544444444
                   77777774447777777777777777777777777777777777777777777777777777776888474444444456666666555555544444444
                   77777744777777777777777777777777777777777777777777777777777777777688844444555666666666665555544444444
                    7777477777777777777777777777777777777777777777777777777777777777488654444455566666666665555554444444
                 7  7777777777777777777777777777777777777777777777777777777777777777744455555564465566666655555554444444
               77777 777777777777777777777777777777777777777777777777777777777777777774444554564555566666655555555444444
              7777777777777777777   777777777777777777777777777777777777777777777777777444444555565466666655555555544444
              7777777777777           77777777777777777777 7777777777777777777777777777777777455565688886655555555554444
