77744777777777777777777444444444444477777777777777                                      7777777    455555555555555554444
777777777777777777777774444444444444777777777777777                                     7777777    455555555555555544444
777777777777777777777774444444444444477777777777777                                     7777777    455555555555555444444
777777777777777777777744444444444444477777777777777                                     7777777    455555555555555444444
7777777777777777777777744444444444444777777777777777                                   77777777    455555555555554444444
777777777777777777777744444444444444447777777777777777                                 77777777    455555555555554444444
 777777777777777777777444444444444444477777777777777777                               777777777    455555555555554444444
 7777777777777777777774444444444444444777777777777777777               7777 7777    77777777777    455555555555544444444
  777777777777777777777444444444444444777777777777777777             7777777777777 777777777777    555555555555544444444
   777777777777777777774444444444444447777777777777777777           777777777777777777777777777    555555555555544444444
   777777777777777777774444444444444447777777777777777777         77777777777777777777777777777  77555555555555444444444
    77777777777777777774444444444444444777777777777777777747     7777777777777777777777777777777777555555555554444444444
    777777777777777777774444444444444447777777          7745577           7777777    77777777777774555555555544444444444
     77777777777777777774444444444444447 77             77545664     777777777777777688888866654746555555555554444444444
      7777777777777777774444444444444447 7               55555665    754777777777746888888888888868666554555544444444444
      7777777777777777744444444444444447 7               565555664  7747777777777488888868888888888886554555544444444444
       777777777777777774444444444444447 7               756555566555555544444445888888844555655568886544555544444444444
       777777777777777774444444444444447 7               745655555555555655444448888888844444444456555555555444444444444
        7777777777777777744444444444447777                45665544455555556644468888888844444444456555555555444444444444
         7777777777777777444444444444477777                7568655445555445888688888888844444444456555555555444444444444
         77777777777777777444444444447777 7                  76888555554448888888888888644444444466555555555444444444444
          7777777777777777444444444447777 7                   8888665544468888888888888474744444466555555555444444444444
           777777777777777744444444447777 7                    554777444468888888888888474777444466555555555444444444444
           777777777777777444444444447777 7                               7588888888888888547777466555555555544444444444
            77777777777777444444444447777 7                                 46888888888888886477765555555555444444444444
            77777777777777744444444447777 7                                  7688888888888888885465555555555544444444444
             7777777777777444444444447777                                      46888888888888888865555555555554444444444
              777777777777744444444447777777                                          7756888888886555555555554444444444
              777777777777744444444447777777777777777        7                             75888886555555555554444444444
               777777777777444444444477777777777777777777777777                     777777758888855555555555555444444444
                77777777777444444444444477777777777777777777777                   7 777777588888445555555555555444444444
                77777777777444444444444477777777777777777777777777777777777777777777777774888885 45555555555555444444444
                 7777777777444444444447777777777777777777777777777777777777777777777777776888847745555555555555444444444
                 7777777774444444447777777777777777777777777777777777777777777777777777758888477745555555555555444444444
                  777777774444447777777777777777777777777777777777777777777777777777777768884777745566655555555544444444
                   77777744444777777777777777777777777777777777777777777777777777777777468854444456666666655555544444444
                   77777444777777777777777777777777777777777777777777777777777777777774445644555666666666665555544444444
                    7777477777777777777777777777777777777777777777777777777777777777774444555555566666666665555554444444
               777  7774777777777777777777777777777777777777777777777777777777777777777444445564465566666655555554444444
             77777777777777777777777777777777777777777777777777777777777777777777777777777444555565566666655555554444444
          7 777777777777777777777777777777777777777777777777777777777777777777777777777777444555565466666655555555444444
          7777777777777777777       777777777777777777777777777777777777777777777777777777774455565688886665555555554444
