777447777777777777777777744444444447777777777                                             77777    455555555555444444444
777777777777777777777777444444444444777777777777                                         777777    455555555555444444444
7777777777777777777777777444444444447777777777777                                        777777    455555555555544444444
77777777777777777777777744444444444477777777777777                                      7777777    455555555555444444444
77777777777777777777777744444444444477777777777777                                      7777777    455555555554444444444
777777777777777777777774444444444444777777777777777                                     7777777    455555555555444444444
 77777777777777777777774444444444444477777777777777                                     7777777    455555555554444444444
 77777777777777777777777444444444444477777777777777                                      777777    455555555544444444444
  7777777777777777777777444444444444477777777777777                777                   77777     555555555544444444444
   777777777777777777777444444444444477777777777777  7            77777777 77777         77777     555555555544444444444
   7777777777777777777774444444444444777777777777777            77777777777777777      7777777     555555555544444444444
    77777777777777777777444444444444477777777744477777         7777777777777777777    777777777  77555555555444444444444
    777777777777777777774444444444444477777   744557              7777777                    777774555555555444444444444
     77777777777777777777444444444444477      74554554           7777777777777777777777777777777746555555555544444444444
      7777777777777777777444444444444477 7     555555664         77777547       7456888666666555456666554455544444444444
      7777777777777777777444444444444477 7     4565555665444555477777747777774688888888888888888888886554455544444444444
       777777777777777777444444444444777 7      556555555555555654444444444588888888888888888888888886544455544444444444
        77777777777777777744444444444777 7       45665554445555555654444468888888888854445555544456665555555444444444444
        77777777777777777774444444444777 7       45666655545555445888866888888888886444444777777756555555555444444444444
         7777777777777777777444444444777          7566888865555445888888888888888854444444477777756555555555444444444444
         7777777777777777777444444447777             7588886554446888888888888885444444444447777756555555555444444444444
          777777777777777777744444447777               46864445556888888888888677777777774744777756555555555444444444444
           77777777777777777744444447777  7             44        758888888888864777777774777777766555555555444444444444
           77777777777777777744444447777  7                         7888888888888847777774777777765555555555544444444444
            7777777777777777744444447777                             7688888888888867  777 77777765555555555444444444444
             7777777777777774444444477777                              456668888888885       777765555555555544444444444
             7777777777777777444444477777                                    46888888867        765555555555554444444444
              77777777777777744444447777777                                     45888885 7777777745555555555544444444444
              777777777777774444444477777777777                                    68885        745555555555554444444444
               7777777777777444444447777777777777777                               6888577777    45555555555555444444444
                777777777777444444444447777777777777777                           76888677777   745555555555555544444444
                7777777777774444444444477777777777777777777777777777777           76888877777   745555555555555544444444
                 7777777777744444444477777777777777777777777777777777777777777777775888847777777745555555555555544444444
                  777777777444444477777777777777777777777777777777777777777777777774888844444777745555555555555554444444
                  777777777444447777777777777777777777777777777777777777777777777777588844444777445666655555555554444444
                   77777774447777777777777777777777777777777777777777777777777777777488864444444456666666655555555444444
                   77777744777777777777777777777777777777777777777777777777777777777758884444555666666666665555555444444
                    7777477777777777777777777777777777777777777777777777777777777777744455554565566666666665555555444444
                     777777777777777777777777777777777777777777777777777777777777777774445555564565566666665555555544444
                 777 777777777777777777777777777777777777777777777777777777777777777774455444555565566666665555555554444
               7777777777777777       7777777777777777777   777777777777777777777777777777444555565466666665555555554444
              77777777777                 77777777777       777777777777777777777777777777744455566688886665555555555444
