777447777777777777777777444444444447777777777777                                         777777    455555555555555554445
7777777777777777777777774444444444447777777777777                                        777777    455555555555555554444
77777777777777777777777744444444444477777777777777                                       777777    455555555555555544444
77777777777777777777777744444444444477777777777777                                       777777    455555555555555544444
777777777777777777777777444444444444477777777777777                                     7777777    455555555555555544444
7777777777777777777777744444444444444777777777777777                                    7777777    455555555555555554444
 777777777777777777777444444444444444777777777777777                                    7777777    455555555555555445444
 77777777777777777777774444444444444477777777777777777            7                     7777777    555555555555555444444
  77777777777777777777774444444444444777777777777777777          777777777              7777777    555555555555554444444
   77777777777777777777744444444444444777777777777777777       7777777777777777         777777     555555555555554444444
   777777777777777777774444444444444447777777777777777777 77   7777777777777777777   77 777777     555555555555545444444
    777777777777777777774444444444444477777777454777777777777  777777777777777777777 7 77777777   7555555555555544444444
    7777777777777777777744444444444444777777744445554          7777777777777                   7777555555555555444444444
     77777777777777777774444444444444477 7   4555556657        777777777777777777777777777777777746555555555554444444444
      7777777777777777774444444444444477 7    555555666   777  777777754777 77777777777777777777746555554555554444444444
      7777777777777777774444444444444477 7     5655566655555554774477747777777777444444444555555568686554555554444444444
       777777777777777777444444444444477 7     4565555555555555555444444445668888888888888888888888888544555554444444444
       777777777777777777444444444444477 7     7566655444555554468886556888888888888888888888888668666555555554444444444
        77777777777777777744444444444777 7      746866554555544588888888888888888888865556655547756555555555544444444444
         7777777777777777744444444444777 7         488886555544688888888888888888865444474777777756555555555544444444444
         7777777777777777774444444444777  7        788886655555688888888888888865444444474777777756555555555444444444444
          777777777777777777444444444777  7          7867      746888888888884777777777774777777755555555555444444444444
           77777777777777777444444447777  7                       5888888888884 7777777774777777755555555555444444444444
           777777777777777777444444477777 7                        6888888888885    777774777777755555555555544444444444
            77777777777777774444444477777 7                         4688888888885     7777 77777765555555555454444444444
            77777777777777774444444477777 7                            74588888886            77765555555555544444444444
             7777777777777774444444477777                                 758888885             765555555555554444444444
              77777777777777744444447777777                                 75888884     777    745555555555444444444444
              7777777777777744444444777777777777                              768885             75555555555544444444444
               77777777777774444444447777777777777777                          48886777777777    75555555555555444444444
                7777777777774444444444447777777777777777   77                  78888577777777    45555555555555444444444
                7777777777774444444444477777777777777777777777777777777777      6888847777777    45555555555554444444444
                 7777777777444444444477777777777777777777777777777777777777777774888867777777777745555555555555444444444
                  777777777444444477777777777777777777777777777777777777777777777488885444444777745555555555555444444444
                  777777774444447777777777777777777777777777777777777777777777777748888774444777745555555555555544444444
                   77777774447777777777777777777777777777777777777777777777777777774888677444444456666666555555544444444
                   77777744777777777777777777777777777777777777777777777777777777777488854444555666666666665555544444444
                    7777477777777777777777777777777777777777777777777777777777777777744455444455566666666665555554444444
                    7777777777777777777777777777777777777777777777777777777777777777774444555554565566666655555554444444
               77777 777777777777777777777777777777777777777777777777777777777777777774454444564555566666655555554444444
              777777777777777777    777777777777777777777777777777777777777777777777777777774555555466666655555555444444
             77777777777777           7777777777777777777   777777777777777777777777777777777455565688886655555555544444
