77744777777777777777777744444444444477777777777777                                      7777777    455555555555544444444
777777777777777777777774444444444444777777777777777                                     7777777    455555555555444444444
7777777777777777777777744444444444444777777777777777                                   77777777    455555555555544444444
7777777777777777777777744444444444444777777777777777                                   77777777    455555555555444444444
77777777777777777777777444444444444447777777777777777                                  77777777    455555555555444444444
7777777777777777777777744444444444444477777777777777777                                77777777    455555555555444444444
 7777777777777777777774444444444444444777777777777777777                              777777777    455555555554444444444
 7777777777777777777777444444444444444777777777777777777                        777777777777777    455555555544444444444
  777777777777777777777444444444444444777777777777777777                     777777777777777777    555555555544444444444
   777777777777777777777444444444444447777777777777777777             7     7777777777777777777   7555555555544444444444
   777777777777777777774444444444444447777777777777777777          77777777777777777777777777777 77555555555544444444444
    777777777777777777774444444444444447777777777777777777        777777777777777777777777777777777555555555444444444444
    777777777777777777774444444444444447777777               444                    768886655477774555555555444444444444
     77777777777777777774444444444444477 77                  74554    7     77777777688888888886546566555555444444444444
      7777777777777777774444444444444477 7                   445554   57       77774888888888888888666554555544444444444
      7777777777777777774444444444444477 7                 765655554        77777776888888668888888888554555444444444444
       777777777777777777444444444444477 7                 6865655555477444447744448888888644444566685444455444444444444
       777777777777777777444444444444477 7                 4885654555665555555444448888888854444456655555554444444444444
        77777777777777777744444444444477 7                  764566555545555556554448888888884444456655555554444444444444
         7777777777777777744444444444777777                  54466655544455555566558888888885444466655555555444444444444
         77777777777777777444444444447777 7                   4566666665455554468888888888885444466655555555444444444444
          7777777777777777744444444447777 7                     74568886555544488888888888885444466655555555444444444444
           777777777777777774444444447777 7                        48866665544588888888888886444466655555555444444444444
           777777777777777774444444447777 7                         564  77744468888888888888886565555555555544444444444
            77777777777777774444444447777 7                                      468888888888888886566555555444444444444
            77777777777777774444444447777 7                                        5888888888888888866655555544444444444
             7777777777777774444444447777                                           756888888888888888665555554444444444
              777777777777774444444447777777                                            77777568888888886555554444444444
              777777777777774444444447777777777777777                                          7588888886555554444444444
               777777777777744444444477777777777777777777  777                        77      46888888665555555444444444
                7777777777774444444444447777777777777777777777                     7777777777688888866655555555444444444
                7777777777774444444444447777777777777777777777777777777777  777  777777777746888888655555555555444444444
                 7777777777444444444477777777777777777777777777777777777777777777777777777588888555555555555555444444444
                 7777777777444444477777777777777777777777777777777777777777777777777777745888857745555555555555544444444
                  777777774444447777777777777777777777777777777777777777777777777777777444586477745566655555555544444444
                   77777774444777777777777777777777777777777777777777777777777777777774444564444556666866655555554444444
                   77777444777777777777777777777777777777777777777777777777777777777777444455555666666666665555554444444
                    7777477777777777777777777777777777777777777777777777777777777777777774445665566666666665555554444444
                 7  7777777777777777777777777777777777777777777777777777777777777777777777444555465566666665555555444444
               77777 777777777777777777777777777777777777777777777777777777777777777777777444555565566666655555555444444
            777777777777777777777777777777777777777777777777777777777777777777777777777777444555565466666665555555544444
            77777777777777777        77777777777777777777777777777777777777777777777777777744455566688886665555555554444
