777447777777777777777777444444444447777777777777                                         777777    455555555555444444444
7777777777777777777777774444444444447777777777777                                        777777    455555555555444444444
77777777777777777777777744444444444477777777777777                                      7777777    455555555555544444444
777777777777777777777777444444444444777777777777777                                     7777777    455555555555444444444
7777777777777777777777774444444444444777777777777777                                    7777777    455555555554444444444
7777777777777777777777744444444444444777777777777777                                    7777777    455555555554444444444
 7777777777777777777777444444444444447777777777777777                                   7777777    455555555554444444444
 77777777777777777777777444444444444477777777777777777                                  7777777    455555555544444444444
  77777777777777777777774444444444444777777777777777777                       77777777777777777    555555555544444444444
   7777777777777777777774444444444444777777777777777777                      777777777777777777   7555555555544444444444
   7777777777777777777774444444444444477777777777777777               77777777777777777777777777 77555555555444444444444
    777777777777777777774444444444444477777777777777777            77777777777777777777777777777777555555555444444444444
    7777777777777777777744444444444444777777                774                     768886655477774555555555444444444444
     77777777777777777777444444444444477                    77454     7      7777777688888888886546566555555444444444444
      7777777777777777777444444444444477 7                  7745557   57       77774888888888888888666554455444444444444
      7777777777777777777444444444444477 7                  55555554         7777775888888668888888888554455444444444444
       777777777777777777444444444444777 7                 4856655555777744477774446888888644444566685444455444444444444
        77777777777777777774444444444777 7                  865654555665555555444448888888864444456655555554444444444444
        77777777777777777774444444444777 7                  765566555545555556554446888888885444456655555555444444444444
         7777777777777777774444444444777 7                   54456655544455555556656888888885444466655555555444444444444
         7777777777777777777444444444777  7                   4566666655555554458888888888886444466655555555444444444444
          777777777777777777444444447777  7                     45568888555544468888888888886444466655555555444444444444
           77777777777777777444444447777  7                        76886665544488888888888886444466655555555444444444444
           777777777777777777444444477777 7                         7867 77744456888888888888886565565555555544444444444
            77777777777777774444444477777 7                          7           758888888888888886666555555444444444444
            77777777777777774444444477777 7                                        7688888888888888866655555544444444444
             7777777777777774444444477777                                            46888888888888888665555554444444444
              777777777777774444444447777777                                            77777568888888886555554444444444
              7777777777777744444444477777777777777                                            7588888886555554444444444
               777777777777744444444477777777777777777      7                                 76888888865555555444444444
                7777777777774444444444447777777777777777777777                      777777777588888886655555555444444444
                777777777777444444444447777777777777777777777777777777777         77777777776888888655555555555544444444
                 7777777777444444444477777777777777777777777777777777777777777777777777777588888655555555555555544444444
                  777777777444444477777777777777777777777777777777777777777777777777777745888857745555555555555544444444
                  777777777444447777777777777777777777777777777777777777777777777777777444686477745566655555555554444444
                   77777774447777777777777777777777777777777777777777777777777777777774444564444556666666655555554444444
                   77777744777777777777777777777777777777777777777777777777777777777777444455555666666666665555555444444
                    7777477777777777777777777777777777777777777777777777777777777777777774445665566666666665555555444444
                 7  7777777777777777777777777777777777777777777777777777777777777777777777444555465566666665555555444444
               77777 777777777777777777777777777777777777777777777777777777777777777777777444555565566666655555555444444
              7777777777777777777   777777777777777777777777777777777777777777777777777777444555565466666665555555544444
              7777777777777           7777777777777777777777777777777777777777777777777777744455566688886665555555554444
