77744777777777777777777774444444444777777777777                                           77777    455555555555555554444
7777777777777777777777774444444444447777777777777                                        777777    455555555555555544444
7777777777777777777777777444444444447777777777777                                         77777    455555555555555444444
77777777777777777777777744444444444477777777777777                                       777777    455555555555555544444
777777777777777777777777444444444444777777777777777                                     7777777    455555555555554444444
7777777777777777777777744444444444444777777777777777                                    7777777    455555555555554554444
 77777777777777777777777444444444444477777777777777                                     7777777    455555555555555444444
 77777777777777777777777444444444444477777777777777                                    77777777    555555555555554444444
  777777777777777777777744444444444447777777777777                 77777               77777777    555555555555554444444
   777777777777777777777444444444444477777777777777  7            777777777  7777777   77777777    555555555555554444444
   7777777777777777777777444444444444777777777777 77             777777777777777777777777777777    555555555555544444444
    777777777777777777774444444444444477777777777777777         77777777777777777777777777777777777555555555555444444444
    7777777777777777777774444444444444777777    7445477            7777777                  7777774555555555554444444444
     77777777777777777777444444444444477        44545665          777777777777777777777777777777746665555555554444444444
      7777777777777777777444444444444477 7      7555556664        77775477   7777745686666666555456666554555554444444444
      7777777777777777777444444444444477 7       46555566644444447777747777777456888888888888888888886554555555444444444
       777777777777777777444444444444777 7        4655556555555555444444444456888888888888888888888886544555555444444444
        77777777777777777774444444444777 7        4556555455555555565444445688888888864445555544456665555555554444444444
        77777777777777777774444444444777 7         466665444555544568866568888888888544444477777756555555555544444444444
         7777777777777777777444444447777             4686665555544588888888888888885444444477777756555555555554444444444
         7777777777777777777444444447777               68886655444688888888888888644444444447777756555555555544444444444
          777777777777777777744444447777               45686444555688888888888885777444444744477756555555555544444444444
           77777777777777777744444447777  7              47        45888888888885777777774774444766555555555554444444444
           77777777777777777744444447777                             788888888888857777774777777766555555555554444444444
            7777777777777777744444447777                              488888888888867 7777777777765555555555555444444444
            77777777777777774444444477777                              758888888888884    777777765555555555554444444444
             7777777777777777444444477777                                  775888888885   777777765555555555554444444444
              77777777777777744444447777777                                    468888885 7777777745555555555555444444444
              7777777777777774444444777777777777                                 75888887        75555555555554544444444
               777777777777774444444777777777777777                                4888877777    75555555555555544444444
                777777777777444444444447777777777777777                            4888877777    45555555555555544444444
                777777777777444444444447777777777777777777777777777777777         75888847777    45555555555555544444444
                 7777777777744444444477777777777777777777777777777777777777777777775888857777777745555555555555544444444
                  777777777444444477777777777777777777777777777777777777777777777774888854444777745555555555555544444444
                  777777777444447777777777777777777777777777777777777777777777777777688854444777745565555555555544444444
                   77777774447777777777777777777777777777777777777777777777777777777488854444444456666666555555554444444
                   77777744777777777777777777777777777777777777777777777777777777777768864444555666666666665555554444444
                    7777477777777777777777777777777777777777777777777777777777777777758884444455566666666665555554444444
                     777777777777777777777777777777777777777777777777777777777777777775555555554565566666655555554444444
               77777 777777777777777777777777777777777777777777777777777777777777777774444555564555566666655555555444444
              77777777777777777     777777777777777777777    77777777777777777777777777455444555555466666655555555544444
              777777777777             777777777777777       77777777777777777777777777777774455565688886665555555554444
