7774477777777777777777774444444444477777777777777                                        777777    455555555555544444444
77777777777777777777777744444444444477777777777777                                       777777    455555555555444444444
777777777777777777777777444444444444777777777777777                                     7777777    455555555555544444444
777777777777777777777777444444444444477777777777777                                     7777777    455555555555444444444
7777777777777777777777744444444444444777777777777777                                    7777777    455555555554444444444
77777777777777777777777444444444444447777777777777777                                   7777777    455555555555444444444
 77777777777777777777744444444444444477777777777777777                                  7777777    455555555554444444444
 7777777777777777777777444444444444447777777777777777777          77                     777777    455555555544444444444
  777777777777777777777444444444444444777777777777777777         77777777    7           77777     555555555544444444444
   777777777777777777777444444444444447777777777777777777       7777777777777777          7777     555555555544444444444
   777777777777777777774444444444444447777777777777777777777    77777777777777777      7777777     555555555444444444444
    777777777777777777744444444444444477777774447777777777777  77777777777777777777   777777777  77555555555444444444444
    7777777777777777777744444444444444777777774554               777777777                   777777555555555444444444444
     77777777777777777774444444444444477 7   4455554            77777777777777777777777777777777746555555555444444444444
      7777777777777777774444444444444477 7   755555555          777777547       7745666555555544446555554455444444444444
      7777777777777777744444444444444477 7    56655556644455554777777747777774568888888888888888888886554454444444444444
       777777777777777777444444444444477 7    45565555555555555554444444445688888888888888888888888886544455444444444444
       777777777777777777444444444444477 7     4556655544555555556655444588888888888854445555554456655555554444444444444
        77777777777777777444444444444777 7      456666554455554448888888888888888885444774777777756555555554444444444444
         7777777777777777744444444444777 77     746668888655554458888888888888888644444474777777756555555554444444444444
         7777777777777777774444444444777  7        746888866555468888888888888864444444774777777756555555554444444444444
          777777777777777777444444444777  7           568654455558888888888888677777777774777777755555555544444444444444
           777777777777777774444444447777 7            457        768888888888885777777774777777755555555554444444444444
           777777777777777774444444447777 7                         588888888888864  77774777777765555555554444444444444
            77777777777777774444444447777 7                          4888888888888857   77 77777765555555554444444444444
            77777777777777774444444477777 7                            744456888888867          755555555554444444444444
             7777777777777774444444477777                                    7588888887          65555555555444444444444
              777777777777774444444477777777                                    7588884  777    745555555555444444444444
              77777777777777444444444777777777777777                              58884          75555555555444444444444
               777777777777744444444477777777777777777  7  777                    68885777777    75555555555544444444444
                7777777777774444444444447777777777777777777777                    68888777777    45555555555544444444444
                7777777777774444444444447777777777777777777777777777777777        58888477777    45555555555554444444444
                 7777777777444444444477777777777777777777777777777777777777777777776888577777777745555555555554444444444
                 7777777777444444477777777777777777777777777777777777777777777777774888644444777745555555555555444444444
                  777777774444447777777777777777777777777777777777777777777777777777588844444777445555555555555544444444
                   77777774447777777777777777777777777777777777777777777777777777777488864444444456666666655555554444444
                   77777744777777777777777777777777777777777777777777777777777777777756565444455666666666665555554444444
                    7777477777777777777777777777777777777777777777777777777777777777774445555555566666666665555554444444
                 7  7777777777777777777777777777777777777777777777777777777777777777774455554564465566666655555555444444
               77777 777777777777777777777777777777777777777777777777777777777777777777444444555555566666655555555444444
             77777777777777777777 77777777777777777777777777777777777777777777777777777777444555565466666655555555544444
             77777777777777           7777777777777777777777777777777777777777777777777777744455566688886665555555554444
