7774477777777777777777777444444444477777777777                                             7777    455555555555555554445
777777777777777777777777774444444444777777777777                                         777777    455555555555555555444
7777777777777777777777777444444444447777777777777                                        777777    455555555555555554444
7777777777777777777777777444444444447777777777777                                        777777    455555555555555554444
77777777777777777777777744444444444477777777777777                                       777777    455555555555555554444
77777777777777777777777744444444444447777777777777                                       777777    455555555555555555444
 7777777777777777777777744444444444447777777777777                                      7777777    455555555555555455444
 7777777777777777777777744444444444447777777777777                     7           777777777777    555555555555555444444
  77777777777777777777774444444444444777777777777                    777777      77777777777777    555555555555555444444
   7777777777777777777777444444444444777777777777                  7777777777 77777777777777777    555555555555554444444
   7777777777777777777777444444444444777777777777                 77777777777777777777777777777   7555555555555555444444
    777777777777777777777444444444444777777777777  7447          7777777777777777777777777777777777555555555555545444444
    7777777777777777777774444444444447777777       7745554           7777777              777777774555555555555554444444
     77777777777777777777744444444444777           445456657        7747777777777777455444444777746665555555555554444444
      7777777777777777777744444444444777 7         755555666        77547777 7777456888888888866556666554555554444444444
      7777777777777777777744444444444777 7          56555566477774777747777777756888888888888888888886554555555444444444
       777777777777777777774444444444777 7          75655556655555554444444445888888888566888888888886544555555444444444
        77777777777777777774444444447777 7          74565554455555555554444468888888864444444477756655555555554444444444
        77777777777777777777444444447777 7           7566655444555545688655888888888844444447777756555555555555444444444
         7777777777777777777444444447777               75886555555445888888888888888544444444777756555555555554444444444
         7777777777777777777744444447777                 688865545446888888888888885444444444444456555555555544444444444
          777777777777777777744444447777                 468854445558888888888888847774444744444466555555555554444444444
           77777777777777777744444447777                   7        7468888888888647777774744444466555555555554444444444
           77777777777777777744444447777                               5888888888888577774777744466555555555554444444444
            7777777777777777744444447777                                588888888888885777 77777766555555555554444444444
            7777777777777777744444447777                                 46888888888888857  7777765555555555554444444444
             7777777777777777444444477777                                  7445568888888867  777765555555555555544444444
              77777777777777744444447777777                                       46888888847777745555555555555544444444
              777777777777777444444477777777777                                     74588885    775555555555555544444444
               777777777777774444444777777777777 77                                   7888847    75555555555555544444444
                777777777777744444444447777777777777777                              76888877    45555555555555544444444
                777777777777444444444447777777777777777777777777777777777           748888677    45555555555555544444444
                 7777777777744444444477777777777777777777777777777777777777777777777758888677777745555555555555544444444
                  777777777444444477777777777777777777777777777777777777777777777777748888544777745555555555555544444444
                  777777777444477777777777777777777777777777777777777777777777777777748888444777745565555555555544444444
                   77777774447777777777777777777777777777777777777777777777777777777778886444444456666666555555554444444
                   77777744777777777777777777777777777777777777777777777777777777777776886444555666666666665555544444444
                    7777477777777777777777777777777777777777777777777777777777777777775666444555566666666665555554444444
                     777777777777777777777777777777777777777777777777777777777777777774455554554565566666655555554444444
               77777 777777777777777777777777777777777777777777777777777777777777777774445545564555566666655555554444444
               777777777777777        777777777777777777        77777777777777777777777444444555555466666655555555444444
              777777777777             77  77 7777777          777777777777777777777777777777455565688886655555555554444
