7774477777777777777777774444444444477777777777777                                        777777    455555555555555554444
77777777777777777777777744444444444477777777777777                                       777777    455555555555555544444
77777777777777777777777774444444444477777777777777                                      7777777    455555555555555444444
777777777777777777777777444444444444477777777777777                                     7777777    455555555555554444444
7777777777777777777777774444444444444777777777777777                                    7777777    455555555555554444444
77777777777777777777777444444444444447777777777777777                                   7777777    455555555555544444444
 77777777777777777777774444444444444477777777777777777                                 77777777    455555555555554444444
 77777777777777777777774444444444444477777777777777777                           77777777777777    455555555555544444444
  77777777777777777777774444444444444477777777777777777                        7777777777777777    555555555555544444444
   7777777777777777777774444444444444477777777777777777                    77777777777777777777  77555555555555544444444
   7777777777777777777744444444444444477777777777777777              777777777777777777777777777777555555555554444444444
    7777777777777777777744444444444444777777777777777777           77777777777777777777777777777774555555555554444444444
    77777777777777777777444444444444447777777                 7457              7777756666554777774555555555554444444444
     77777777777777777774444444444444477 77                   744557  7    777777777688888888886546566555555554444444444
      7777777777777777774444444444444477 7                   44454564757      777774888888888888888666554555544444444444
      7777777777777777774444444444444477 7                   656555565    7777777776888888688888888888554555544444444444
       777777777777777777444444444444477 7                   65565555654544544444446888888544555568686544555544444444444
       777777777777777777744444444444477 7                    5565555666555555544448888888854444456665555555544444444444
        77777777777777777774444444444777 7                    4456655545555555565448888888884444456655555555444444444444
         7777777777777777774444444444777 7                     465665544455555456868888888885444466655555555444444444444
         7777777777777777777444444444777  7                      4586665455554458888888888886444466655555555444444444444
          777777777777777777444444444777  7                        58886555544468888888888886444466655555555444444444444
           77777777777777777444444444777  7                        58865555554488888888888886774466665555555554444444444
           777777777777777777444444477777 7                         77      77756888888888888865765565555555544444444444
            77777777777777774444444477777 7                                      758888888888888885566555555554444444444
            77777777777777774444444477777 7                                        4688888888888888666655555544444444444
             7777777777777777444444477777                                           758888888888888886665555554444444444
              777777777777777444444447777777                                           777445688888888865555555444444444
              77777777777777444444444777777777777777                                          45888888886555554444444444
               777777777777744444444477777777777777777                                         7468888886555555444444444
                77777777777744444444444477777777777777777  777                        777777 758888888665555555444444444
                777777777777444444444447777777777777777777777777777777777           777777774688888866655555555444444444
                 7777777777444444444477777777777777777777777777777777777777777777777777777758888886555555555555444444444
                 7777777777444444477777777777777777777777777777777777777777777777777777774688886445555555555555444444444
                  777777774444447777777777777777777777777777777777777777777777777777777745888647745566655555555544444444
                   77777774444777777777777777777777777777777777777777777777777777777777444565444456666866655555544444444
                   77777744777777777777777777777777777777777777777777777777777777777774444554555666666666665555544444444
                    7777477777777777777777777777777777777777777777777777777777777777777744455555566666666665555554444444
                 7  7777777777777777777777777777777777777777777777777777777777777777777777444665465566666665555554444444
               77777 777777777777777777777777777777777777777777777777777777777777777777777774555555566666655555554444444
             77777777777777777777  7777777777777777777777777777777777777777777777777777777774555565466666655555555444444
            7777777777777777          77777777777777777777 7777777777777777777777777777777777455565688886665555555554444
