7774477777777777777777774444444444477777777777777                                        777777    455555555555555554444
7777777777777777777777774444444444447777777777777                                        777777    455555555555555554444
77777777777777777777777444444444444477777777777777                                      7777777    455555555555555444444
77777777777777777777777744444444444477777777777777                                      7777777    455555555555555544444
7777777777777777777777744444444444444777777777777777                                    7777777    455555555555555544444
77777777777777777777777444444444444447777777777777777                                   7777777    455555555555555554444
 77777777777777777777744444444444444477777777777777777                 77               7777777    455555555555555445444
 777777777777777777777744444444444444777777777777777777             777777         77  77777777    455555555555555444444
  777777777777777777777744444444444444777777777777777777           77777777   77777777777777777    555555555555554444444
   77777777777777777777744444444444444777777777777777777         777777777777777777777777777777    555555555555554444444
   777777777777777777774444444444444447777777777777777777777    7777777777777777777777777777777   7555555555555544444444
    77777777777777777777444444444444447777777777774447777777   777777777777777777777777777777777777555555555555444444444
    77777777777777777777444444444444447777777    77445447          777777777              777777774555555555554444444444
     77777777777777777774444444444444477 77       45545664        777747777777777777455444447777746555555555554444444444
      7777777777777777774444444444444447 7        455555665       777454777777777468888888888865556666554555544444444444
      7777777777777777774444444444444477 7         565556664774444777747777777468888888888888888888886554555544444444444
       777777777777777777444444444444477 7         455555656555555544444444458888888886556888888888886544555554444444444
       777777777777777777444444444444477 7         456655545555555556554444688888888854444474477756555555555544444444444
        77777777777777777744444444444477 7          46666554455555456888868888888888544444777777756555555555444444444444
         7777777777777777744444444444777 77           468865555554458888888888888885444444447777756555555555444444444444
         7777777777777777744444444444777  7            48888665544488888888888888844444444444777756555555555444444444444
          777777777777777777444444444777  7             5688544455588888888888888477777744744444466555555555444444444444
           777777777777777774444444477777 7              74        74688888888888854777774774444466555555555444444444444
           777777777777777774444444447777 7                           48888888888888647774777777765555555555544444444444
            77777777777777774444444477777 7                            48888888888888867 7 77777765555555555444444444444
            77777777777777774444444477777 7                             75688888888888885    777765555555555544444444444
             7777777777777774444444477777                                      458888888867    7765555555555544444444444
              777777777777774444444477777777                                      74588888577777745555555555444444444444
              77777777777777444444447777777777777777                                 788887      75555555555544444444444
               777777777777744444444477777777777777777     777                       58886777    75555555555544444444444
                7777777777774444444444447777777777777777777777                      788886777    75555555555555444444444
                77777777777744444444444777777777777777777777777777777777777     77 7788886777    45555555555554444444444
                 7777777777444444444477777777777777777777777777777777777777777777777788886777777745555555555555444444444
                 7777777777444444477777777777777777777777777777777777777777777777777768885444777745555555555555444444444
                  777777777444447777777777777777777777777777777777777777777777777777758885444777745555555555555544444444
                   77777774447777777777777777777777777777777777777777777777777777777748885444444456666666555555544444444
                   77777744777777777777777777777777777777777777777777777777777777777778886444555666666666665555544444444
                    7777477777777777777777777777777777777777777777777777777777777777774455544555566666666665555544444444
                 7  7777777777777777777777777777777777777777777777777777777777777777774444555554465566666655555554444444
               77777 777777777777777777777777777777777777777777777777777777777777777774455444564555566666655555554444444
            777777777777777777777 7 777777777777777777777777777777777777777777777777777777744555555466666655555554444444
            7777777777777777         77777777777777777777777777777777777777777777777777777774455565688886655555555544444
