7774477777777777777777774444444444477777777777777                                       7777777    455555555555544444444
77777777777777777777777744444444444477777777777777                                       777777    455555555555544444444
777777777777777777777774444444444444777777777777777                                     7777777    455555555555544444444
777777777777777777777777444444444444477777777777777                                     7777777    455555555555444444444
7777777777777777777777744444444444444777777777777777                                    7777777    455555555555444444444
777777777777777777777774444444444444477777777777777777                                 77777777    455555555555444444444
 777777777777777777777444444444444444477777777777777777                                 7777777    455555555554444444444
 777777777777777777777744444444444444477777777777777777                             77777777777    455555555554444444444
  777777777777777777777444444444444444777777777777777777                      77777777777777777    555555555544444444444
   77777777777777777777744444444444444777777777777777777                     777777777777777777    555555555544444444444
   77777777777777777777444444444444444777777777777777777           7777777777777777777777777777  77555555555544444444444
    77777777777777777777444444444444447777777777777777777         777777777777777777777777777777777555555555444444444444
    777777777777777777774444444444444477777777               7447                    74444477777774555555555444444444444
     77777777777777777774444444444444477 77                  774557   7      7777777588888888665446555555555444444444444
      7777777777777777774444444444444477 7                   7455457  57       77774888888888888868666554555444444444444
      7777777777777777774444444444444477 7                  765555556       77777775888888888888888888554555444444444444
       777777777777777777444444444444477 7                  785655556577744447744446888888445555568886444555444444444444
        77777777777777777444444444444477 7                   56565455666555555444448888888854444456655555554444444444444
        77777777777777777744444444444777 7                    5456555545555555554448888888884444456655555554444444444444
         7777777777777777774444444444777 77                   4456665544455555556656888888885444466655555555444444444444
         7777777777777777774444444444777  7                    756686655455554446888888888886444466655555555444444444444
          7777777777777777774444444447777 7                       756888555544458888888888886444466655555555444444444444
           777777777777777774444444447777 7                        76886655544468888888888886774466655555555444444444444
           777777777777777774444444447777 7                         764  77744468888888888888865465565555555444444444444
            77777777777777774444444447777 7                                     7468888888888888886566555555444444444444
            77777777777777774444444447777 7                                        5888888888888888866655555544444444444
             7777777777777774444444447777                                           768888888888888888665555554444444444
              777777777777774444444447777777                                          7444445688888888886555554444444444
              777777777777774444444447777777777777777                                         75688888886555554444444444
               777777777777744444444477777777777777777777  777                        77       4588888886555555444444444
                77777777777444444444444477777777777777777777777                     777777777768888888665555555444444444
                7777777777774444444444447777777777777777777777777777777777  7 777777777777774888888866555555554444444444
                 7777777777444444444477777777777777777777777777777777777777777777777777777468888866555555555555444444444
                 7777777777444444447777777777777777777777777777777777777777777777777777775888865745555555555555444444444
                  777777774444447777777777777777777777777777777777777777777777777777777444688577745566655555555544444444
                   77777744447777777777777777777777777777777777777777777777777777777774444564444456666866655555554444444
                   77777744777777777777777777777777777777777777777777777777777777777777444455555666666666665555554444444
                    7777477777777777777777777777777777777777777777777777777777777777777774445565566666666665555554444444
                 7  7777777777777777777777777777777777777777777777777777777777777777777777444565465566666665555555444444
               77777 777777777777777777777777777777777777777777777777777777777777777777777444555565566666655555555444444
             77777777777777777777777777777777777777777777777777777777777777777777777777777444555565466666655555555544444
             777777777777777         77777777777777777777777777777777777777777777777777777744455565688886665555555554444
