77744777777777777777777444444444444477777777777777                                      7777777    455555555555555554444
777777777777777777777774444444444444777777777777777                                     7777777    455555555555555554444
777777777777777777777774444444444444477777777777777                                    77777777    455555555555555554444
7777777777777777777777744444444444444777777777777777                                   77777777    455555555555555554444
77777777777777777777777444444444444447777777777777777                                  77777777    455555555555555544444
7777777777777777777777744444444444444477777777777777777                                77777777    455555555555555554444
 7777777777777777777774444444444444444777777777777777777                                7777777    455555555555555455444
 77777777777777777777774444444444444447777777777777777777                             777777777    455555555555555444444
  7777777777777777777774444444444444447777777777777777777             777   7777777777777777777    555555555555554444444
   7777777777777777777744444444444444447777777777777777777          777777777777777777777777777   7555555555555554444444
   777777777777777777774444444444444444777777777777777777777      777777777777777777777777777777 77555555555555545444444
    77777777777777777777444444444444444777777777777777777777     7777777777777777777777777777777777555555555555544444444
    777777777777777777774444444444444447777777             747               77777   44444477777774555555555555444444444
     77777777777777777774444444444444447 777              774554      77777777777777688888888655446566555555554444444444
      7777777777777777774444444444444447 7                74555657    54    77777776888888888888868666554555554444444444
      7777777777777777744444444444444447 7                555555664   77777777777758888866888888888886554555554444444444
       777777777777777774444444444444477 7                65655556644444447744444588888864445555568886544555554444444444
       777777777777777777444444444444447 7                 4565556665555555444444888888885444444456655555555554444444444
        7777777777777777744444444444447777                 4466555555555555554445888888886444444456555555555544444444444
         7777777777777777444444444444477777                7466665544555554568866888888886444444456555555555544444444444
         77777777777777777444444444447777 7                  75686654555544588888888888886444444466555555555444444444444
          7777777777777777444444444447777 7                    768886555544688888888888885744444466555555555544444444444
           777777777777777744444444447777 7                    768865555555688888888888885777744466655555555544444444444
           777777777777777444444444447777 7                      54      77756888888888888865477766655555555544444444444
            77777777777777744444444447777 7                                   468888888888888864765565555555554444444444
            77777777777777744444444447777 7                                    76888888888888888665556555555554444444444
             7777777777777444444444447777                                        468888888888888888656655555555444444444
              777777777777744444444447777777                                        777774688888888866655555555444444444
              7777777777777444444444477777777777777777                                      4468888865655555554544444444
               77777777777744444444447777777777777777777777777                       77777777588888855555555555444444444
                77777777777444444444444477777777777777777777777                    7777777776888886555555555555544444444
                77777777777444444444444477777777777777777777777777777777777777777777777777768888865555555555555544444444
                 7777777777444444444477777777777777777777777777777777777777777777777777777588886445555555555555444444444
                 7777777777444444477777777777777777777777777777777777777777777777777777775888857745555555555555444444444
                  777777774444447777777777777777777777777777777777777777777777777777777748888477745566555555555544444444
                   77777744444777777777777777777777777777777777777777777777777777777777446884444456666866555555544444444
                   77777744777777777777777777777777777777777777777777777777777777777774444554555666666666665555544444444
                    7777477777777777777777777777777777777777777777777777777777777777774444454555566666666665555554444444
              7777  7774777777777777777777777777777777777777777777777777777777777777777744445564455566666655555554444444
             77777777777777777777777777777777777777777777777777777777777777777777777777777744565555566666655555554444444
          77777777777777777777777777777777777777777777777777777777777777777777777777777777744555555466666655555554444444
          77777777777777777777      777777777777777777777777777777777777777777777777777777774455565688886655555555544444
