777447777777777777777777444444444447777777777777                                         777777    455555555555544444444
7777777777777777777777774444444444447777777777777                                        777777    455555555555544444444
77777777777777777777777774444444444477777777777777                                       777777    455555555555544444444
777777777777777777777777444444444444777777777777777                                      777777    455555555555444444444
777777777777777777777777444444444444477777777777777                                     7777777    455555555555444444444
7777777777777777777777744444444444444777777777777777                                    7777777    455555555555444444444
 7777777777777777777777444444444444447777777777777777                                   7777777    455555555554444444444
 7777777777777777777777744444444444447777777777777777                                   7777777    455555555554444444444
  7777777777777777777777444444444444477777777777777777                        77777777777777777    555555555544444444444
   777777777777777777777444444444444447777777777777777                       777777777777777777   7555555555544444444444
   777777777777777777777744444444444447777777777777777              777777777777777777777777777  77555555555544444444444
    77777777777777777777444444444444447777777777777777             77777777777777777777777777777777555555555544444444444
    77777777777777777777744444444444447777777               7447                     45555544777774555555555544444444444
     77777777777777777777444444444444477                    74455     7     77777777688888888865446566555555544444444444
      7777777777777777777444444444444477 7                  4455457   57      777774888888888888888666554555544444444444
      7777777777777777777744444444444477 7                 465555566       777777776888886688888888888554555444444444444
       777777777777777777744444444444477 7                 4856555565444444447444448888886445555568686444555544444444444
        77777777777777777774444444444777 7                  565654456655555554444458888888644444456655555555444444444444
        77777777777777777774444444444777 7                   54565555455555555654458888888854444456655555555444444444444
         7777777777777777777444444444777                     44566655444555555566568888888864444466655555555444444444444
         7777777777777777777744444444777  7                    466866654555544588888888888864444466655555555444444444444
          777777777777777777744444447777  7                       468885555444688888888888864444466655555555444444444444
           77777777777777777744444447777  7                        68865555444888888888888864744466655555555444444444444
           77777777777777777744444447777  7                        754     747568888888888888864765665555555544444444444
            77777777777777777444444477777 7                                     7688888888888888865566555555444444444444
            77777777777777774444444477777 7                                       46888888888888888666655555544444444444
             7777777777777777444444477777                                          7588888888888888886665555554444444444
              777777777777777444444477777777                                          7777745888888888865555554444444444
              777777777777774444444447777777777777                                            45688888865555554444444444
               77777777777774444444447777777777777777                                         46888888665555555444444444
                7777777777774444444444447777777777777777   77                       777777777688888886655555555444444444
                77777777777744444444444777777777777777777777777777777777          77777777776888888655555555554444444444
                 7777777777444444444477777777777777777777777777777777777777777777777777777488888655555555555555444444444
                  777777777444444477777777777777777777777777777777777777777777777777777745888854745555555555555444444444
                  777777774444447777777777777777777777777777777777777777777777777777777745886477745566655555555544444444
                   77777774447777777777777777777777777777777777777777777777777777777774444564444456666666655555554444444
                   77777744777777777777777777777777777777777777777777777777777777777774444454455666666666665555554444444
                    7777477777777777777777777777777777777777777777777777777777777777777774445565566666666665555554444444
                 7  7777777777777777777777777777777777777777777777777777777777777777777777444565465566666665555555444444
               77777 777777777777777777777777777777777777777777777777777777777777777777777744555565566666655555555444444
              7777777777777777777    777777777777777777777 7777777777777777777777777777777744555565466666655555555544444
              7777777777777           7777777777777777     7777777777777777777777777777777774455565688886665555555554444
