77744777777777777777777774444444444777777777777                                           77777    455555555555555554444
777777777777777777777777774444444447777777777777                                         777777    455555555555555554444
7777777777777777777777777444444444447777777777777                                        777777    455555555555555544444
77777777777777777777777774444444444477777777777777                                       777777    455555555555555544444
7777777777777777777777774444444444447777777777777                                        777777    455555555555555544444
777777777777777777777777444444444444477777777777777                                     7777777    455555555555555555444
 7777777777777777777777744444444444447777777777777                                   7777777777    455555555555555455444
 7777777777777777777777744444444444447777777777777                                  77777777777    555555555555555444444
  77777777777777777777777444444444444777777777777                     7777777     7777777777777    555555555555555444444
   7777777777777777777777444444444444777777777777                   777777777777777777777777777    555555555555554444444
   7777777777777777777777444444444444777777777777                 77777777777777777777777777777  77555555555555555444444
    777777777777777777777444444444444777777777777   7777          777777777777777777777777777777777555555555555545444444
    777777777777777777777744444444444777777         7745544           7777777            7777777774555555555555555444444
     77777777777777777777444444444444777             7444565         777777777777777566666655447746666555555555554444444
      7777777777777777777744444444444777 7           555456667       754777777777458888888888888668666554555555444444444
      7777777777777777777744444444444777 7           455555665   7777747777777746888888888888888888886554555555444444444
       777777777777777777774444444444777 7            565555665555555474444444588888888445666666668886544555555444444444
        77777777777777777777444444444777 7            456555555555555555444446888888885444444777756655555555554444444444
        77777777777777777777444444447777 7             46665544455555556865468888888884444444477756555555555555444444444
         7777777777777777777744444447777                7588655455554458888888888888854444444444756555555555554444444444
         7777777777777777777744444447777                  78888655544488888888888888644444444444456555555555544444444444
          777777777777777777744444447777                  76886555555588888888888886777444744444466555555555554444444444
           77777777777777777744444447777                    54     77746888888888885477774774444466555555555554444444444
           77777777777777777744444447777                                468888888888885774777774466555555555554444444444
            7777777777777777744444447777                                 76888888888888857 77777766555555555554444444444
            7777777777777777744444447777                                   58888888888888857 777765555555555554444444444
             7777777777777777444444477777                                    4555688888888884  7765555555555555444444444
              77777777777777744444447777777                                        7568888888577745555555555555544444444
              77777777777777744444447777777777                                        74588886  775555555555555544444444
               777777777777774444444777777777777777                                     488884   75555555555555544444444
                777777777777744444444447777777777777777                               7488886    45555555555555544444444
                777777777777444444444447777777777777777777777777777777777            77688885    45555555555555544444444
                 7777777777744444444477777777777777777777777777777777777777777777777774888884777745555555555555544444444
                  777777777444444477777777777777777777777777777777777777777777777777774888854777745555555555555544444444
                  777777777444477777777777777777777777777777777777777777777777777777774888644777745565555555555544444444
                   77777774447777777777777777777777777777777777777777777777777777777774888544444456666666555555554444444
                   77777744777777777777777777777777777777777777777777777777777777777775888444555666666666665555544444444
                    7777477777777777777777777777777777777777777777777777777777777777774566444555566666666665555554444444
                     777777777777777777777777777777777777777777777777777777777777777774445555554555566666655555554444444
               77777 777777777777777777777777777777777777777777777777777777777777777774455544564555566666655555554444444
               777777777777777       7777777777777777777     7  77777777777777777777777777774555555466666655555555444444
              777777777777                    777777            77777777777777777777777777777455565688886655555555544444
