77744777777777777777777774444444444777777777777                                            7777    455555555555555554444
777777777777777777777777744444444444777777777777                                          77777    455555555555555554444
7777777777777777777777777444444444447777777777777                                        777777    455555555555555544444
77777777777777777777777744444444444477777777777777                                       777777    455555555555555544444
77777777777777777777777744444444444477777777777777                                       777777    455555555555555544444
777777777777777777777777444444444444477777777777777                                      777777    455555555555555554444
 7777777777777777777777744444444444447777777777777                                      7777777    455555555555555445444
 7777777777777777777777744444444444447777777777777                                      7777777    555555555555555444444
  77777777777777777777774444444444444777777777777                  777777     777777  777777777    555555555555554444444
   7777777777777777777777444444444444777777777777    7            777777777  777777777777777777    555555555555554444444
   7777777777777777777777444444444444777777777777                777777777777777777777777777777   7555555555555545444444
    77777777777777777777444444444444477777777777744477          77777777777777777777777777777777777555555555555544444444
    7777777777777777777774444444444444777777    77445557           77777777                77777774555555555555444444444
     77777777777777777777444444444444477        745545664         777747777777777777777777777777746665555555555444444444
      7777777777777777777444444444444477 7       455555665        777754777  7777746888666666655456666554555554444444444
      7777777777777777777444444444444477 7       75655556644455547777747777777468888888888888888888886554555555444444444
       777777777777777777774444444444777 7        4555555555555555544444444458888888888688888888888886544555555444444444
        77777777777777777774444444444777 7        7456555445555555566654445888888888864445555544456665555555554444444444
        77777777777777777774444444444777 7         756865544555554468888668888888888544444477777756555555555544444444444
         7777777777777777774444444447777             7588865555544588888888888888885444444477777756555555555554444444444
         7777777777777777777444444447777              788886655444688888888888888644444444444777756555555555544444444444
          777777777777777777744444447777               45864444555688888888888885777444444444444756555555555554444444444
           77777777777777777744444447777                 7         45888888888886477777774744444466555555555554444444444
           77777777777777777744444447777                             788888888888884777774777777766555555555554444444444
            7777777777777777744444447777                              4888888888888867 777777777765555555555555444444444
            77777777777777774444444477777                               4688888888888857  777777765555555555554444444444
             7777777777777777444444477777                                    746888888867  77777765555555555555444444444
              77777777777777744444447777777                                     7468888887777777745555555555555544444444
              777777777777777444444477777777777                                     58888        75555555555555544444444
               777777777777774444444777777777777777                                 588867777    75555555555555544444444
                777777777777444444444447777777777777777                            7688867777    45555555555555544444444
                777777777777444444444447777777777777777777777777777777777          7888887777    45555555555555544444444
                 7777777777744444444477777777777777777777777777777777777777777777777688887777777745555555555555544444444
                  777777777444444477777777777777777777777777777777777777777777777777588884444777745555555555555544444444
                  777777777444477777777777777777777777777777777777777777777777777777788864444777745565555555555544444444
                   77777774447777777777777777777777777777777777777777777777777777777758884444444456666666555555554444444
                   77777744777777777777777777777777777777777777777777777777777777777748885444555666666666665555544444444
                    7777477777777777777777777777777777777777777777777777777777777777775555444455566666666665555554444444
                     777777777777777777777777777777777777777777777777777777777777777774445555554565566666655555554444444
               77777 777777777777777777777777777777777777777777777777777777777777777774455544564555566666655555555444444
               7777777777777777      77777777777777777777     7777777777777777777777777447444555565466666655555555544444
              777777777777              77777777777777        7777777777777777777777777777777455565688886665555555554444
