7774477777777777777777777444444444477777777777                                             7777    455555555555555554444
7777777777777777777777774444444444447777777777777                                         77777    455555555555555544444
7777777777777777777777777444444444447777777777777                                        777777    455555555555555444444
77777777777777777777777744444444444477777777777777                                       777777    455555555555555444444
77777777777777777777777744444444444477777777777777                                      7777777    455555555555554444444
77777777777777777777777744444444444447777777777777                                     77777777    455555555555544444444
 777777777777777777777774444444444444777777777777                                     777777777    455555555555554444444
 777777777777777777777774444444444444777777777777                     777         7777777777777    455555555555544444444
  77777777777777777777774444444444444777777777777                   7777777    7777777777777777    555555555555544444444
   777777777777777777777744444444444477777777777                  77777777777777777777777777777    555555555555544444444
   7777777777777777777777444444444444777777777777 777            777777777777777777777777777777   7555555555555444444444
    777777777777777777777444444444444777777777777 77457 7        7777777777777777777777777777777777555555555554444444444
    777777777777777777777744444444444477777       77445664          777777777             777777774555555555554444444444
     77777777777777777777444444444444777          745545664        77747777777777777566555444777746565555555554444444444
      7777777777777777777444444444444777 7         455555665       77754777777777468888888888886556666554555544444444444
      7777777777777777777744444444444777 7         756555566555555477744777777458888888888888888888886554555544444444444
       777777777777777777774444444444777 7          45655555555555554444444446888888886556688886688886544555554444444444
        77777777777777777777444444444777 7          74665554455555555654444588888888864444474777756655555555554444444444
        77777777777777777777444444447777 7            558655445555445688655888888888644444447777756555555555544444444444
         7777777777777777777444444447777                4888655555446888888888888888444444444777756555555555444444444444
         7777777777777777777744444447777                7888866554448888888888888884444444444444456555555555444444444444
          777777777777777777744444447777                 768577444558888888888888677777774744444466555555555544444444444
           77777777777777777744444447777                             468888888888657777774774444466555555555554444444444
           77777777777777777744444447777                               5888888888888647774777774466555555555554444444444
            7777777777777777744444447777                                6888888888888857 7 77777766555555555554444444444
            7777777777777777744444447777                                 46888888888888857   777765555555555544444444444
             7777777777777777444444477777                                   774468888888867   77765555555555554444444444
              77777777777777744444447777777                                       46888888847777745555555555554444444444
              777777777777777444444477777777777                                      7588884     75555555555554444444444
               777777777777774444444777777777777777                                   5888677    75555555555555444444444
                777777777777744444444447777777777777777                              78888677    45555555555555544444444
                77777777777744444444444777777777777777777777777777777777            758888577    45555555555555544444444
                 7777777777744444444477777777777777777777777777777777777777777777777758888577777745555555555555444444444
                  777777777444444477777777777777777777777777777777777777777777777777758888444777745555555555555544444444
                  777777777444477777777777777777777777777777777777777777777777777777748886444777745565655555555544444444
                   77777774447777777777777777777777777777777777777777777777777777777748885444444456666666555555554444444
                   77777744777777777777777777777777777777777777777777777777777777777778885444555666666666665555554444444
                    7777477777777777777777777777777777777777777777777777777777777777775666444455566666666665555554444444
                     777777777777777777777777777777777777777777777777777777777777777774445555564565566666655555554444444
                7777 777777777777777777777777777777777777777777777777777777777777777774445544564555566666655555555444444
               777777777777777       7777777777777777777      7777777777777777777777777444444555565466666655555555544444
              77777777777              777 7777777 7           777777777777777777777777777777455565688886665555555554444
