7774477777777777777777744444444444447777777777777                                        777777    455555555555554444444
77777777777777777777777444444444444477777777777777                                       777777    455555555555544444444
77777777777777777777777744444444444477777777777777                                      7777777    455555555555544444444
777777777777777777777774444444444444477777777777777                                     7777777    455555555555444444444
7777777777777777777777744444444444444777777777777777                                    7777777    455555555555444444444
7777777777777777777777744444444444444777777777777777                                   77777777    455555555555444444444
 77777777777777777777744444444444444477777777777777777                                  7777777    455555555554444444444
 777777777777777777777744444444444444477777777777777777           77                    7777777    455555555554444444444
  77777777777777777777744444444444444477777777777777777          777777777               77777     555555555544444444444
   77777777777777777777744444444444444777777777777777777        777777777777777          77777     555555555544444444444
   777777777777777777774444444444444447777777777777777777777   777777777777777777    777777777     555555555544444444444
    777777777777777777744444444444444477777774454777777777777  77777777777777777777777777777777  77555555555444444444444
    777777777777777777774444444444444477777774454547            777777777777               77777774555555555444444444444
     77777777777777777774444444444444477 77  755555657         777777777777777777777777777777777746555555555444444444444
      7777777777777777774444444444444477 7    565555665     7   77777754777777777745555545555444746555554555444444444444
      7777777777777777774444444444444477 7    75655556665555555774477747777745688888888888888888888886554555444444444444
       777777777777777777444444444444477 7     4565555555555555555444444456888888888888888888888888886544555444444444444
        77777777777777777444444444444477 7      456665544455554456886555888888888888854455566554456665555554444444444444
        77777777777777777744444444444777 7      756686655555554458888888888888888885444474777777756555555554444444444444
         7777777777777777744444444444777 7        7568888655554468888888888888888544444444777777756555555554444444444444
         7777777777777777774444444444777  7          5888666555588888888888888654744444474777777756555555554444444444444
          777777777777777777444444444777  7           7685  777745688888888888577777777774777777755555555544444444444444
           77777777777777777444444444777  7            7           58888888888885777777774777777755555555554444444444444
           777777777777777774444444447777 7                         588888888888864   7777 77777765555555554444444444444
            77777777777777774444444477777 7                          7688888888888857    7   777765555555554444444444444
            77777777777777774444444477777 7                               746888888867          755555555554444444444444
             7777777777777774444444477777                                    756888886           65555555555444444444444
              777777777777774444444477777777                                    7588887  777     45555555555444444444444
              77777777777777444444444777777777777777                              88887          75555555555444444444444
               777777777777744444444477777777777777777     77                    788885777777    75555555555544444444444
                7777777777774444444444447777777777777777777777                   768886777777    45555555555544444444444
                7777777777774444444444477777777777777777777777777777777777        58888477777    45555555555554444444444
                 7777777777444444444477777777777777777777777777777777777777777777746888577777777745555555555554444444444
                 7777777777444444477777777777777777777777777777777777777777777777774888644444777745555555555555444444444
                  777777774444447777777777777777777777777777777777777777777777777777588844444777745555555555555544444444
                   77777774447777777777777777777777777777777777777777777777777777777768864444444456666666555555554444444
                   77777744777777777777777777777777777777777777777777777777777777777745555444455666666666665555554444444
                    7777477777777777777777777777777777777777777777777777777777777777774445555555566666666665555554444444
                 7  7777777777777777777777777777777777777777777777777777777777777777774455544564465566666655555555444444
               77777 777777777777777777777777777777777777777777777777777777777777777777447444555555566666655555555444444
              7777777777777777777  7777777777777777777777777777777777777777777777777777777444555565466666655555555544444
             77777777777777          77777777777777777777777777777777777777777777777777777774455566688886665555555554444
