77744777777777777777777774444444444777777777777                                           77777    455555555555555554444
7777777777777777777777774444444444447777777777777                                        777777    455555555555555544444
7777777777777777777777777444444444447777777777777                                         77777    455555555555555444444
77777777777777777777777744444444444477777777777777                                       777777    455555555555555544444
777777777777777777777777444444444444477777777777777                                     7777777    455555555555554544444
777777777777777777777774444444444444477777777777777                                     7777777    455555555555555554444
 77777777777777777777774444444444444477777777777777                                     7777777    455555555555555445444
 777777777777777777777774444444444444777777777777777                                    7777777    555555555555555444444
  77777777777777777777774444444444444777777777777777               7777                 7777777    555555555555544444444
   7777777777777777777774444444444444777777777777777 7            77777777 77777       7777777     555555555555544444444
   77777777777777777777444444444444447777777777777777           777777777777777777777777777777     555555555555544444444
    777777777777777777774444444444444477777777774777777         7777777777777777777777777777777  77555555555555444444444
    7777777777777777777774444444444444777777   7445444            77777777                  7777774555555555554444444444
     77777777777777777777444444444444477       445456657         7777777777777777777777777777777746655555555554444444444
      7777777777777777774444444444444477 7     7555556665        77777547        774554444454444446666554555554444444444
      7777777777777777777444444444444477 7      465555666444455477777747777777456688888888888888888886554555555444444444
       777777777777777777444444444444777 7       46555555555555555444444444468888888888888888888888886544555555444444444
        77777777777777777774444444444777 7       75565554455555555665444456888888888885556666655566665555555554444444444
        77777777777777777774444444444777 7        4666655445555444688865688888888888544444777777756555555555544444444444
         7777777777777777774444444444777            45886655555445888888888888888864444444777777756555555555544444444444
         7777777777777777777444444447777              688866554446888888888888888544444444777777756555555555544444444444
          777777777777777777744444447777              456854444546888888888888857777447774777777756555555555544444444444
           77777777777777777744444447777  7             77        758888888888857777777774777777766555555555554444444444
           77777777777777777744444447777  7                         78888888888884 7777774777777765555555555554444444444
            7777777777777777744444447777                             48888888888885   7777777777765555555555554444444444
            77777777777777774444444477777                              4688888888886    77777777765555555555554444444444
             7777777777777777444444477777                                  7588888886     77   7765555555555554444444444
              77777777777777744444447777777                                   58888886  77777  7745555555555555444444444
              777777777777777444444477777777777                                 4688884  77      75555555555554444444444
               777777777777744444444777777777777777                              768884777777    75555555555555444444444
                777777777777444444444447777777777777777                           68885777777    45555555555555544444444
                777777777777444444444447777777777777777777777777777777777        768886777777    45555555555555544444444
                 7777777777744444444477777777777777777777777777777777777777777777768888477777777745555555555555544444444
                  777777777444444477777777777777777777777777777777777777777777777748888544444777745555555555555544444444
                  777777777444447777777777777777777777777777777777777777777777777776888574444777745555555555555544444444
                   77777774447777777777777777777777777777777777777777777777777777774888874444444456666666555555554444444
                   77777744777777777777777777777777777777777777777777777777777777777588854444555666666666665555554444444
                    7777477777777777777777777777777777777777777777777777777777777777768864444455566666666665555554444444
                     777777777777777777777777777777777777777777777777777777777777777745455555564565566666655555554444444
               77777 777777777777777777777777777777777777777777777777777777777777777774444555564565566666655555555444444
              77777777777777777      777777777777777777777   77777777777777777777777777455444555565466666655555555544444
              777777777777             777777777777777       77777777777777777777777777777774455565688886665555555554444
