77744777777777777777777774444444444777777777777                                          777777    455555555555555554444
7777777777777777777777777444444444447777777777777                                        777777    455555555555555444444
7777777777777777777777777444444444447777777777777                                        777777    455555555555554444444
77777777777777777777777774444444444477777777777777                                      7777777    455555555555554444444
77777777777777777777777744444444444447777777777777                                      7777777    455555555555544444444
777777777777777777777777444444444444477777777777777                                    77777777    455555555555544444444
 77777777777777777777777444444444444477777777777777                                  7777777777    455555555555544444444
 7777777777777777777777744444444444447777777777777                                  77777777777    455555555555544444444
  777777777777777777777744444444444447777777777777                     777777777  7777777777777    555555555555444444444
   77777777777777777777774444444444447777777777777                  777777777777777777777777777    555555555555444444444
   77777777777777777777774444444444447777777777777                 7777777777777777777777777777  77555555555554444444444
    7777777777777777777774444444444447777777777777     7447       777777777777777777777777777777777555555555554444444444
    7777777777777777777777444444444444777777           744547            7777777    744477777777774555555555544444444444
     77777777777777777777744444444444777               7454565       777777777777774688888886654746566555555554444444444
      7777777777777777777744444444444777 7             455555664     754777777777758888888888888868666554555544444444444
      7777777777777777777744444444444777 7             4565555667  77747777777774688888868888888888886554555544444444444
       777777777777777777774444444444777 7              4565555665555555444444446888888644455555568886544555554444444444
        77777777777777777774444444444777 7              7456555455555556544444468888888544444444756655555555544444444444
        77777777777777777777444444447777 7               455655544455555566444588888888544444444456655555555444444444444
         7777777777777777777744444447777                  75686654455554468866888888888544444444456655555555444444444444
         7777777777777777777744444447777                     58886555544488888888888888444444444466555555555444444444444
          777777777777777777744444447777                     48886665444688888888888885774744444466555555555444444444444
           77777777777777777744444447777                      764  77444688888888888884774777444466555555555444444444444
           77777777777777777744444447777                                 75688888888888865777777466555555555544444444444
            7777777777777777744444447777                                    68888888888888864777766655555555454444444444
            77777777777777777444444477777                                    5888888888888888857765555555555544444444444
             7777777777777777444444477777                                     756888888888888888565555555555554444444444
              77777777777777744444447777777                                           7568888888865555555555554444444444
              777777777777777444444477777777777                                           748888855555555555554444444444
               777777777777774444444777777777777777                                       768888575555555555555444444444
                777777777777744444444447777777777777777                               7777888885 45555555555555444444444
                77777777777744444444444777777777777777777777777777777777            777776888867 45555555555555444444444
                 7777777777744444444477777777777777777777777777777777777777777777777777748888677745555555555555444444444
                  777777777444444777777777777777777777777777777777777777777777777777777768886777745555555555555444444444
                  777777777444477777777777777777777777777777777777777777777777777777777488864777745565655555555544444444
                   77777774447777777777777777777777777777777777777777777777777777777777588844444456666666655555554444444
                   77777744777777777777777777777777777777777777777777777777777777777777446644555666666666665555544444444
                    7777477777777777777777777777777777777777777777777777777777777777774445554555566666666665555554444444
                     777777777777777777777777777777777777777777777777777777777777777774444445564465566666655555554444444
               77777 777777777777777777777777777777777777777777777777777777777777777777777744554555566666655555555444444
               7777777777777777       777777777777777777     77777777777777777777777777777774555565466666655555555544444
              777777777777             7   77 77777           7777777777777777777777777777777455565688886665555555554444
