7774477777777777777777774444444444477777777777777                                         77777    455555555555555554444
7777777777777777777777774444444444447777777777777                                        777777    455555555555555544444
77777777777777777777777744444444444477777777777777                                      7777777    455555555555555444444
77777777777777777777777744444444444477777777777777                                      7777777    455555555555554444444
777777777777777777777777444444444444477777777777777                                     7777777    455555555555554444444
7777777777777777777777744444444444444777777777777777                                    7777777    455555555555544444444
 777777777777777777777444444444444444777777777777777                                    7777777    455555555555554444444
 77777777777777777777774444444444444477777777777777777              7777                7777777    455555555555544444444
  77777777777777777777744444444444444477777777777777777           77777777    7777      7777777    555555555555544444444
   7777777777777777777774444444444444477777777777777777          77777777777777777777  7777777     555555555555544444444
   777777777777777777774444444444444447777777777777777777       777777777777777777777777777777     555555555555444444444
    77777777777777777777444444444444447777777777744777777777   77777777777777777777777 77777777   7555555555554444444444
    77777777777777777777444444444444447777777   74455447          777777777                    7777555555555554444444444
     77777777777777777774444444444444477 77     445456664        7777747777777777777777777777777746555555555554444444444
      7777777777777777774444444444444477 7      7555556665        77775477    7    7777777744477746555554555544444444444
      7777777777777777774444444444444477 7       75655566644445447777747777777774556888888888888888886554555544444444444
       777777777777777777444444444444477 7        4655555555555565444444444445688888888888888888888886544555544444444444
       777777777777777777444444444444477 7        4566555455555555654444444688888888886566688665566665555555444444444444
        77777777777777777774444444444777 7         466665544555544568665468888888888654444777777756555555555444444444444
         7777777777777777774444444444777 77          4688655555544688888888888888886444444777777756555555555444444444444
         7777777777777777774444444444777  7           488886555444888888888888888854444444777777756555555555444444444444
          777777777777777777444444444777  7            46885445555888888888888885777777774744777756555555555444444444444
           77777777777777777444444444777  7             74        758888888888864777777774777777765555555555444444444444
           777777777777777777444444477777 7                         7688888888888647777774777777765555555555444444444444
            77777777777777774444444477777 7                          7688888888888867  777777777765555555554444444444444
            77777777777777774444444477777 7                           7588888888888885     77777765555555555444444444444
             7777777777777774444444477777                                744568888888867   7  77765555555555544444444444
              777777777777777444444477777777                                   46888888877777 77745555555555444444444444
              777777777777774444444477777777777777                               74688884        75555555555544444444444
               777777777777744444444477777777777777777     7                       7888847777    75555555555544444444444
                7777777777774444444444447777777777777777  7777                     7888847777    45555555555555444444444
                7777777777744444444444477777777777777777777777777777777777        74888857777    45555555555554444444444
                 7777777777444444444477777777777777777777777777777777777777777777775888857777777745555555555555444444444
                 7777777777444444477777777777777777777777777777777777777777777777774888854444777745555555555555444444444
                  777777774444447777777777777777777777777777777777777777777777777777588854444777745555555555555444444444
                   77777774447777777777777777777777777777777777777777777777777777777488864444444456666666555555544444444
                   77777744777777777777777777777777777777777777777777777777777777777768884444555666666666665555544444444
                    7777477777777777777777777777777777777777777777777777777777777777748885444455566666666665555554444444
                 7  7777777777777777777777777777777777777777777777777777777777777777774455555564465566666655555554444444
               77777 777777777777777777777777777777777777777777777777777777777777777774445554564555566666655555554444444
              7777777777777777777   777777777777777777777777777777777777777777777777777454444555565466666655555555444444
             77777777777777           7777777777777777777777777777777777777777777777777777744455565688886655555555554444
