7774477777777777777777774444444444477777777777777                                        777777    455555555555555444444
7777777777777777777777744444444444447777777777777                                        777777    455555555555554444444
77777777777777777777777444444444444477777777777777                                      7777777    455555555555554444444
777777777777777777777774444444444444477777777777777                                     7777777    455555555555554444444
777777777777777777777774444444444444477777777777777                                    77777777    455555555555444444444
7777777777777777777777744444444444444777777777777777                                   77777777    455555555555544444444
 77777777777777777777744444444444444477777777777777777                                  7777777    455555555555544444444
 777777777777777777777744444444444444777777777777777777                                 7777777    455555555555444444444
  77777777777777777777744444444444444477777777777777777          777777777              7777777    555555555554444444444
   77777777777777777777444444444444444777777777777777777        777777777777777         777777     555555555554444444444
   777777777777777777774444444444444447777777777777777777777   777777777777777777      7777777     555555555554444444444
    777777777777777777774444444444444477777774447777777777777  7777777777777777777     77777777   7555555555544444444444
    777777777777777777774444444444444477777774445477            7777777777                     7777555555555544444444444
     77777777777777777774444444444444477 77  44555564          777777777777777777777777777777777746555555555544444444444
      7777777777777777774444444444444477 7   7555555664         7777775477        77777777777777746555554555544444444444
      7777777777777777774444444444444447 7    46655556654555554777777747777777445566886666888888668886554555444444444444
       777777777777777777444444444444477 7     5565555555555555554444444445668888888888888888888888886544555444444444444
        77777777777777777444444444444477 7      556655544555555556655444688888888888886688888866566665555555444444444444
        77777777777777777744444444444777 7      456666554555554468888888888888888888544774444777756555555555444444444444
         7777777777777777744444444444777 7       75688888555554488888888888888888854444474777777756555555555444444444444
         7777777777777777774444444444777  7         78888666555588888888888888865444477774777777756555555554444444444444
          777777777777777777444444444777  7          7488577744456888888888886777777777774777777755555555554444444444444
           77777777777777777444444444777  7            47         488888888888677777777774777777755555555554444444444444
           777777777777777774444444447777 7                        48888888888885   777774777777765555555554444444444444
            77777777777777774444444447777 7                         768888888888867    777 77777765555555554444444444444
            77777777777777774444444477777 7                           74456888888887          77765555555555444444444444
             7777777777777774444444477777                                  7588888887           765555555555444444444444
              777777777777774444444447777777                                  4688888    777    745555555555444444444444
              7777777777777744444444477777777777777                             488887           75555555555544444444444
               777777777777744444444477777777777777777     77                    688847777777    75555555555544444444444
                7777777777774444444444447777777777777777777777                   688867777777    45555555555554444444444
                777777777777444444444447777777777777777777777777777777777       7588884777777    45555555555554444444444
                 7777777777444444444477777777777777777777777777777777777777777777488886777777777745555555555555444444444
                 7777777777444444477777777777777777777777777777777777777777777777758888444444777745555555555555444444444
                  777777774444447777777777777777777777777777777777777777777777777775888574444777745555555555555544444444
                   77777774447777777777777777777777777777777777777777777777777777777688844444444456666666555555544444444
                   77777744777777777777777777777777777777777777777777777777777777777488864444555666666666665555544444444
                    7777477777777777777777777777777777777777777777777777777777777777745455544555566666666665555554444444
                 7  7777777777777777777777777777777777777777777777777777777777777777774444555564565566666655555555444444
               77777 777777777777777777777777777777777777777777777777777777777777777774455444554555566666655555555444444
              7777777777777777777  7777777777777777777777777777777777777777777777777777777444555565466666655555555544444
             77777777777777           7777777777777777777777777777777777777777777777777777774455566688886665555555554444
