77744777777777777777777774444444444777777777777                                           77777    455555555555555554444
777777777777777777777777774444444444777777777777                                         777777    455555555555555554444
7777777777777777777777777444444444447777777777777                                        777777    455555555555555554444
77777777777777777777777774444444444477777777777777                                       777777    455555555555555544444
77777777777777777777777744444444444477777777777777                                       777777    455555555555555544444
777777777777777777777777444444444444477777777777777                                     7777777    455555555555555554444
 77777777777777777777777444444444444477777777777777                                    77777777    455555555555555455444
 77777777777777777777777444444444444477777777777777                                  7777777777    555555555555555444444
  777777777777777777777744444444444447777777777777                          7777    77777777777    555555555555555444444
   77777777777777777777774444444444447777777777777                   77777777777777777777777777   7555555555555554444444
   77777777777777777777774444444444447777777777777                 77777777777777777777777777777 77555555555555555444444
    7777777777777777777774444444444447777777777777      77        777777777777777777777777777777777555555555555545444444
    7777777777777777777777444444444447777777            74577             777777    745444777777774565555555555554444444
     77777777777777777777744444444444777               7744565       777777777777774888888888654446566555555555554444444
      7777777777777777777744444444444777 7             745545654     754777777777758888888888888868666554555554444444444
      7777777777777777777744444444444777 7             455555566    7777777777774688888866888888888886554555555444444444
       777777777777777777774444444444777 7              5565556665555555444444448888888644445555568886544555555444444444
       777777777777777777777444444444777 7               565555555555556554444468888888644444444756655555555554444444444
        77777777777777777777444444447777 7               456655544555555566544588888888644444444456655555555554444444444
         7777777777777777777744444447777                  46666554455554458888888888888544444444456655555555554444444444
         7777777777777777777744444447777                    768865555554468888888888888444444444466655555555544444444444
          777777777777777777744444447777                     68886655544588888888888886744744444466555555555554444444444
           77777777777777777744444447777                      5857777444588888888888885474777444466655555555554444444444
           77777777777777777774444447777                                  4688888888888886777777466655555555554444444444
            7777777777777777744444447777                                    48888888888888864777766655555555554444444444
            77777777777777777444444477777                                    7688888888888888647765555555555554444444444
             7777777777777777444444477777                                      45688888888888886465555555555555444444444
              77777777777777744444447777777                                           7568888888855555555555555544444444
              777777777777777444444477777777777                                          7456888865555555555555544444444
               77777777777777444444477777777777777                                      7 758888645555555555555544444444
                77777777777774444444444777777777777777                                 777688886745555555555555544444444
                777777777777444444444447777777777777777777777777777777777            77775888887 45555555555555544444444
                 7777777777744444444477777777777777777777777777777777777777777777777777748888847745555555555555444444444
                  777777777444444477777777777777777777777777777777777777777777777777777758888477745555555555555444444444
                  777777777444477777777777777777777777777777777777777777777777777777777768884777745565555555555544444444
                   77777774447777777777777777777777777777777777777777777777777777777777588854444456666666555555554444444
                   77777744777777777777777777777777777777777777777777777777777777777777456844555666666666665555544444444
                    7777477777777777777777777777777777777777777777777777777777777777774445544555566666666665555554444444
                     777777777777777777777777777777777777777777777777777777777777777774444455554455566666655555554444444
               77777 777777777777777777777777777777777777777777777777777777777777777777744444564555566666655555554444444
               7777777777777777       777777777777777777       777777777777777777777777777777555555466666655555555444444
              777777777777                  7 7777777         7777777777777777777777777777777455565688866655555555544444
