77744777777777777777777774444444444777777777777                                           77777    455555555555544444444
777777777777777777777777444444444444777777777777                                         777777    455555555555544444444
7777777777777777777777777444444444447777777777777                                        777777    455555555555544444444
7777777777777777777777774444444444447777777777777                                        777777    455555555555444444444
77777777777777777777777744444444444477777777777777                                       777777    455555555555444444444
777777777777777777777777444444444444477777777777777                                      777777    455555555555444444444
 7777777777777777777777744444444444447777777777777                                     77777777    455555555554444444444
 7777777777777777777777744444444444447777777777777                    77          7777777777777    455555555554444444444
  77777777777777777777774444444444444777777777777                    777777     77777777777777     555555555544444444444
   7777777777777777777777444444444444777777777777                  7777777777777777777777777777    555555555554444444444
   7777777777777777777777444444444444777777777777                 77777777777777777777777777777   7555555555544444444444
    777777777777777777777444444444444477777777777 77447          7777777777777777777777777777777777555555555544444444444
    7777777777777777777777444444444444777777       74455             7777777                 777774555555555544444444444
     77777777777777777777444444444444777           4454454          7777777777777777566655554477746555555555544444444444
      7777777777777777777744444444444777 7         455555564         7547777   77468888888888886656666554555544444444444
      7777777777777777777744444444444777 7         556655566477744477747777777746888888888888888888886554555444444444444
       777777777777777777774444444444777 7         765654455555555565444444444688888886456668666668886544555444444444444
        77777777777777777777444444447777 7           4566555445555555654444446888888884444477777756655555555444444444444
        77777777777777777777444444447777 7           4566655444555555566547488888888854444444777756555555555444444444444
         7777777777777777777444444447777              756886665555544588886888888888644444444477756555555555444444444444
         7777777777777777777744444447777                 768886555444688888888888888444444444444456555555555444444444444
          777777777777777777744444447777                  46866655544888888888888884777744744444466555555555444444444444
           77777777777777777744444447777                   757    744568888888888885477774774444466555555555444444444444
           77777777777777777774444447777                               4688888888888885774777744466555555555444444444444
            7777777777777777744444447777                                 68888888888888854 77777766555555555444444444444
             777777777777777744444447777                                  588888888888888864 777765555555555544444444444
             7777777777777777444444477777                                   44555568888888885 77765555555555544444444444
              77777777777777744444447777777                                        7456888888477745555555555544444444444
              77777777777777744444447777777777                                          58886    75555555555554444444444
               7777777777777744444447777777777777                                      488885    75555555555555444444444
                77777777777774444444444777777777777777                               77888887    45555555555555444444444
                7777777777774444444444477777777777777777777777777777777             774888867    45555555555555444444444
                 7777777777744444444777777777777777777777777777777777777777777777777775888847777745555555555555444444444
                  777777777444444777777777777777777777777777777777777777777777777777775888644777745555555555555544444444
                  777777777444477777777777777777777777777777777777777777777777777777775888444777745566655555555544444444
                   77777774447777777777777777777777777777777777777777777777777777777775888444444456666666655555554444444
                   77777744777777777777777777777777777777777777777777777777777777777774666444455666666666665555555444444
                    7777477777777777777777777777777777777777777777777777777777777777774445554555566666666665555555444444
                     777777777777777777777777777777777777777777777777777777777777777774445555564565566666665555555544444
                 777 777777777777777777777777777777777777777777777777777777777777777777444444554555566666655555555444444
               777777777777777        7777777777777777        7777777777777777777777777777744555565466666655555555544444
               7777777777                       7            77777777777777777777777777777774455566688886665555555554444
