777447777777777777777777444444444447777777777777                                         777777    455555555555444444444
7777777777777777777777774444444444447777777777777                                        777777    455555555555444444444
77777777777777777777777744444444444477777777777777                                      7777777    455555555555544444444
777777777777777777777777444444444444777777777777777                                     7777777    455555555555444444444
7777777777777777777777774444444444444777777777777777                                    7777777    455555555554444444444
7777777777777777777777744444444444444777777777777777                                    7777777    455555555555444444444
 7777777777777777777777444444444444447777777777777777                                   7777777    455555555554444444444
 77777777777777777777777444444444444477777777777777777                                  7777777    455555555544444444444
  7777777777777777777777444444444444477777777777777777                        77777777777777777    555555555544444444444
   777777777777777777777444444444444477777777777777777                      7777777777777777777   7555555555544444444444
   77777777777777777777744444444444447777777777777777                 77777777777777777777777777 77555555555444444444444
    77777777777777777777444444444444447777777777777777             77777777777777777777777777777777555555555444444444444
    7777777777777777777744444444444444777777                747                     768886665477774555555555444444444444
     77777777777777777777444444444444477                    74554     7      7777777688888888886546566555555544444444444
      7777777777777777777444444444444477 7                  445555    57       77774888888888888888666554455444444444444
      7777777777777777777444444444444777 7                 755555554        77777776888888568888888888554455444444444444
       777777777777777777744444444444777 7                 5856555564777744477744448888888644444566665444455444444444444
        77777777777777777774444444444777 7                 7865654456665555555444448888888854444456655555554444444444444
        77777777777777777774444444444777 7                  764566555445555555554448888888884444456655555555444444444444
         7777777777777777774444444444777                     54466655444455555566568888888885444466655555555444444444444
         7777777777777777777444444447777  7                  74566666665555554468888888888885444466655555555444444444444
          777777777777777777444444447777  7                     44568888555544488888888888885444466655555555444444444444
           77777777777777777744444447777  7                        76886665544588888888888886444466665555555444444444444
           777777777777777777444444477777 7                         485  77774456888888888888886465565555555544444444444
            77777777777777774444444477777 7                                      468888888888888886566555555444444444444
            77777777777777774444444477777 7                                        4888888888888888866655555544444444444
             7777777777777777444444477777                                           756888888888888888665555554444444444
              777777777777777444444477777777                                             7777568888888886555554444444444
              77777777777777444444444777777777777777                                           7588888886555554444444444
               777777777777744444444477777777777777777                                        46888888865555555444444444
                7777777777774444444444447777777777777777777777                      777777777688888886655555555444444444
                77777777777744444444444777777777777777777777777777777777          77777777746888888655555555555544444444
                 7777777777444444444477777777777777777777777777777777777777777777777777777588888555555555555555444444444
                  777777777444444477777777777777777777777777777777777777777777777777777746888857745555555555555544444444
                  777777777444447777777777777777777777777777777777777777777777777777777444686477745566655555555554444444
                   77777774447777777777777777777777777777777777777777777777777777777774444554444556666666655555554444444
                   77777744777777777777777777777777777777777777777777777777777777777777444455555666666666665555555444444
                    7777477777777777777777777777777777777777777777777777777777777777777774445665566666666665555555444444
                 7  7777777777777777777777777777777777777777777777777777777777777777777777444555465566666665555555444444
               77777 777777777777777777777777777777777777777777777777777777777777777777777444555565566666665555555444444
              777777777777777777    777777777777777777777777777777777777777777777777777777744555565466666665555555544444
              7777777777777            777777777777777  7  7777777777777777777777777777777744455566688886665555555554444
