7774477777777777777777777444444444477777777777777                                        777777    755555555555555554444
7777777777777777777777774444444444447777777777777                                        777777    455555555555555544444
77777777777777777777777774444444444477777777777777                                       777777    455555555555555444444
777777777777777777777777444444444444777777777777777                                      777777    455555555555555444444
777777777777777777777777444444444444477777777777777                                      777777    455555555555554444444
7777777777777777777777744444444444444777777777777777                                     777777    455555555555554444444
 77777777777777777777774444444444444477777777777777777                                  7777777    455555555555554444444
 77777777777777777777777444444444444477777777777777777                                777777777    455555555555544444444
  77777777777777777777774444444444444777777777777777777                         777777777777777    555555555555544444444
   7777777777777777777777444444444444477777777777777777                      777777777777777777   7555555555555544444444
   7777777777777777777777444444444444477777777777777777              777777777777777777777777777 77555555555555544444444
    7777777777777777777744444444444444777777777777777777           77777777777777777777777777777777555555555554444444444
    77777777777777777777744444444444447777777                774                777 744444477777774555555555554444444444
     77777777777777777777444444444444477 7                   77454    7     77777777688888888665446566555555554444444444
      7777777777777777777444444444444477 7                   4454567  57       77774888888888888888666554555554444444444
      7777777777777777777444444444444477 7                  455555566     7777777776888886888888888888554555544444444444
       777777777777777777444444444444477 7                  465655556477744477444448888886445555568886544555554444444444
       777777777777777777774444444444777 7                   45655556665555555444458888888644444456665555555554444444444
        77777777777777777774444444444777 7                   74565555555555556554458888888854444456655555555544444444444
         7777777777777777777444444444777 7                    4566655444555555566568888888864444466655555555544444444444
         7777777777777777777444444444777  7                    755866544555544468888888888884444466655555555444444444444
          777777777777777777744444447777  7                       488865555544588888888888884444466655555555544444444444
           77777777777777777744444447777  7                       488866555444688888888888887744466655555555544444444444
           777777777777777777444444477777 7                        457   77447688888888888888654766665555555554444444444
            77777777777777777444444477777 7                                     4688888888888888665565555555554444444444
            77777777777777774444444477777 7                                       46888888888888888666655555554444444444
             7777777777777777444444477777                                          7688888888888888886665555554444444444
              777777777777777444444477777777                                         74454556888888888665555555444444444
              777777777777774444444477777777777777                                           756888888866555554444444444
               77777777777774444444447777777777777777                                          7588888865555555444444444
                7777777777774444444444477777777777777777   77                         777777 758888888665555555444444444
                777777777777444444444447777777777777777777777777777777777           777777774888888866655555555444444444
                 7777777777744444444477777777777777777777777777777777777777777777777777777758888886555555555555444444444
                  777777777444444477777777777777777777777777777777777777777777777777777774688886545555555555555444444444
                  777777777444447777777777777777777777777777777777777777777777777777777776888647745566655555555544444444
                   77777774447777777777777777777777777777777777777777777777777777777777444685444456666866655555544444444
                   77777744777777777777777777777777777777777777777777777777777777777774444554555666666666665555544444444
                    7777477777777777777777777777777777777777777777777777777777777777777444455555566666666665555544444444
                 7  7777777777777777777777777777777777777777777777777777777777777777777777445564455566666655555554444444
               77777 777777777777777777777777777777777777777777777777777777777777777777777744555555566666655555554444444
              7777777777777777777   777777777777777777777777777777777777777777777777777777774555555466666655555555444444
             777777777777777          77777777777777777777  777777777777777777777777777777777455565688886665555555544444
