7774477777777777777777774444444444477777777777777                                        777777    455555555555544444444
77777777777777777777777444444444444477777777777777                                       777777    455555555555444444444
777777777777777777777777444444444444777777777777777                                     7777777    455555555555544444444
777777777777777777777777444444444444477777777777777                                    77777777    455555555555444444444
7777777777777777777777744444444444444777777777777777                                    7777777    455555555554444444444
77777777777777777777777444444444444447777777777777777                                  77777777    455555555555444444444
 777777777777777777777444444444444444777777777777777777                                 7777777    455555555554444444444
 7777777777777777777777444444444444444777777777777777777           777                  7777777    455555555544444444444
  777777777777777777777444444444444444777777777777777777         77777777    777         77777     555555555544444444444
   777777777777777777777444444444444447777777777777777777        77777777777777777       77777     555555555444444444444
   777777777777777777774444444444444447777777777777777777777    7777777777777777777777777777777    555555555444444444444
    777777777777777777744444444444444477777777744777777777777  777777777777777777777777777777777777555555555444444444444
    77777777777777777777444444444444447777777 74454               77777777                  7777774555555555444444444444
     77777777777777777774444444444444477 77   7455557            7777777777777777777444777777777746555555555444444444444
      7777777777777777774444444444444477 7     55555554          77777547    7774568888888888665556665554455444444444444
      7777777777777777744444444444444477 7     5665555664444555477777747777774688888888888888888888886554454444444444444
       777777777777777777444444444444477 7     4656555555555555654444444444588888888886568888888888886544455444444444444
       777777777777777777444444444444477 7      455665554455555555655444458888888888647774444477756555555554444444444444
        77777777777777777444444444444777 7       44666655445555444688886688888888886444474777777756555555554444444444444
         7777777777777777744444444444777 77      75666866655555444888888888888888854444444777777756555555554444444444444
         77777777777777777444444444447777 7         45688886555445888888888888886444444444777777756555555554444444444444
          777777777777777774444444444777  7            56865555556888888888888867777777774744777756555555544444444444444
           777777777777777774444444447777 7             464       746888888888888547777774777777765555555554444444444444
           777777777777777774444444477777 7                          588888888888885777777777777765555555554444444444444
            77777777777777774444444447777 7                           58888888888888857  7 77777765555555554444444444444
            77777777777777774444444447777 7                             4455568888888867       7755555555554444444444444
             7777777777777774444444477777                                     74688888887        65555555555444444444444
              777777777777774444444477777777                                      75888877777   745555555555444444444444
              77777777777777444444444777777777777777                               788887        75555555555444444444444
               777777777777744444444477777777777777777  7 7777                     4888877777    75555555555544444444444
                7777777777774444444444447777777777777777777777                     5888847777    45555555555544444444444
                777777777777444444444444777777777777777777777777777777777    7    74888847777    45555555555554444444444
                 7777777777444444444477777777777777777777777777777777777777777777777688857777777745555555555554444444444
                 7777777777444444477777777777777777777777777777777777777777777777777588854444777745555555555555444444444
                  777777774444447777777777777777777777777777777777777777777777777777488864444777445555555555555544444444
                   77777774447777777777777777777777777777777777777777777777777777777758884444444456666666655555554444444
                   77777744777777777777777777777777777777777777777777777777777777777745565444455666666666665555554444444
                    7777477777777777777777777777777777777777777777777777777777777777774445555555566666666665555554444444
                 7  7777777777777777777777777777777777777777777777777777777777777777774455554564465566666655555555444444
               77777 777777777777777777777777777777777777777777777777777777777777777777444444555565566666655555555444444
             77777777777777777777777777777777777777777777777777777777777777777777777777777444555565466666655555555544444
             77777777777777           7777777777777777777777777777777777777777777777777777744455566688886665555555554444
