7774477777777777777777744444444444447777777777777                                        777777    455555555555554444444
77777777777777777777777444444444444477777777777777                                      7777777    455555555555554444444
777777777777777777777774444444444444777777777777777                                     7777777    455555555555544444444
777777777777777777777774444444444444477777777777777                                    77777777    455555555555444444444
7777777777777777777777744444444444444777777777777777                                   77777777    455555555555444444444
777777777777777777777774444444444444477777777777777777                                 77777777    455555555555444444444
 777777777777777777777444444444444444477777777777777777                7            77777777777    455555555554444444444
 7777777777777777777777444444444444444777777777777777777            777777       77777777777777    455555555554444444444
  777777777777777777777444444444444444777777777777777777           77777777    7777777777777777    555555555544444444444
   777777777777777777774444444444444447777777777777777777         77777777777777777777777777777    555555555544444444444
   777777777777777777774444444444444447777777777777777777777     777777777777777777777777777777   7555555555544444444444
    77777777777777777774444444444444444777777777777747777777    77777777777777777777777777777777777555555555444444444444
    77777777777777777777444444444444444777777     774557            777777777        7777  77777777555555555444444444444
     77777777777777777774444444444444477 77       74454554         77747777777777775888888866554746555555555444444444444
      7777777777777777774444444444444447 7         455555657        7754777777774588888888888888868666554555444444444444
      7777777777777777774444444444444477 7         466555566444445447744777777468888888668888888888886554555444444444444
       777777777777777777444444444444477 7         765655555555555565444444445888888886444555555568886444555444444444444
       777777777777777777444444444444477 7           5566555455555555565444458888888884444477777756555555554444444444444
        77777777777777777744444444444477 7           4566665544555544568886688888888854444444777756555555554444444444444
         7777777777777777744444444444777777           766886665555544588888888888888644444444477756555555554444444444444
         77777777777777777744444444447777 7              768886555444888888888888886444444744444456555555554444444444444
          7777777777777777774444444447777 7               46886555555888888888888884777774744444466555555544444444444444
           777777777777777774444444447777 7                754     7 746888888888888654774777744466555555554444444444444
           777777777777777774444444447777 7                             488888888888888647 77777765555555554444444444444
            77777777777777744444444447777 7                              468888888888888864  777765555555554444444444444
            77777777777777744444444447777 7                                466888888888888867 77765555555554444444444444
             7777777777777774444444477777                                         756888888887 7765555555555444444444444
              777777777777744444444447777777                                          74688887  745555555555444444444444
              777777777777744444444447777777777777777                                  788885    75555555555544444444444
               77777777777774444444447777777777777777777777777                        7688887    75555555555544444444444
                7777777777774444444444447777777777777777777777                    77774888867    45555555555554444444444
                7777777777744444444444447777777777777777777777777777777777    777777775888857    45555555555554444444444
                 7777777777444444444477777777777777777777777777777777777777777777777775888877777745555555555555444444444
                 7777777777444444477777777777777777777777777777777777777777777777777775888544777745555555555555444444444
                  777777774444447777777777777777777777777777777777777777777777777777775888444777745565555555555544444444
                   77777774444777777777777777777777777777777777777777777777777777777775888444444456666666655555554444444
                   77777744777777777777777777777777777777777777777777777777777777777774456544455666666666665555554444444
                    7777477777777777777777777777777777777777777777777777777777777777774445555555566666666665555554444444
                 7  7777777777777777777777777777777777777777777777777777777777777777774455444565465566666655555555444444
               77777 777777777777777777777777777777777777777777777777777777777777777777774444555565566666655555555444444
             77777777777777777777777777777777777777777777777777777777777777777777777777777444555565466666655555555544444
            7777777777777777         77777777777777777777777777777777777777777777777777777744455566688886665555555554444
