77744777777777777777777777444444444777777777777                                           77777    455555555555555554444
777777777777777777777777744444444447777777777777                                           7777    455555555555555554444
7777777777777777777777777744444444447777777777777                                         77777    455555555555555444444
7777777777777777777777777744444444447777777777777                                         77777    455555555555555544444
77777777777777777777777774444444444477777777777777                                       777777    455555555555555544444
777777777777777777777777444444444444477777777777777                                     7777777    455555555555555554444
 7777777777777777777777744444444444447777777777777                                     77777777    455555555555555445444
 7777777777777777777777774444444444447777777777777                                   7777777777    455555555555555444444
  777777777777777777777774444444444447777777777777                       7 77777    77777777777    555555555555554444444
   77777777777777777777774444444444447777777777777                   77777777777777777777777777   7555555555555554444444
   7777777777777777777777444444444444777777777777                  7777777777777777777777777777  77555555555555544444444
    777777777777777777777444444444444777777777777       777       777777777777777777777777777777777555555555555444444444
    777777777777777777777744444444444777777             74557             777777    745444477777774565555555555444444444
     77777777777777777777744444444444777                745455       777777777777774888888888665446666555555555444444444
      7777777777777777777744444444444777 7              55545654     754777777777758888888888888888666554555554444444444
      7777777777777777777744444444444777 7             7555555667   7777777777774688888856888888888886554555555444444444
       777777777777777777774444444444777 7              5565555665555555444444446888888644445555568886544555555444444444
        77777777777777777777444444444777 7               456555555555555554444468888888644444444456655555555554444444444
        77777777777777777777444444447777 7               455655544555555556655588888888645444444456655555555544444444444
         7777777777777777777444444447777                  46686554455554458888888888888645444444456655555555544444444444
         7777777777777777777744444447777                    768886555554468888888888888444444444466655555555544444444444
          777777777777777777744444447777                     68886655544488888888888886774744444466655555555544444444444
           77777777777777777744444447777                      4857777444588888888888886474777444466655555555554444444444
           77777777777777777744444447777                                  7588888888888886477777466655555555554444444444
            7777777777777777744444447777                                    76888888888888885777766655555555554444444444
            7777777777777777744444447777                                     7688888888888888857765555555555554444444444
             7777777777777777444444477777                                      75666668888888888565555555555555444444444
              77777777777777744444447777777                                            456888888865555555555555444444444
              777777777777777444444477777777777                                           746888865555555555554444444444
               777777777777774444444777777777777777                                      7768888675555555555555444444444
                777777777777444444444447777777777777777                               7777688886 45555555555555544444444
                777777777777444444444447777777777777777777777777777777777           777775888887 45555555555555544444444
                 7777777777744444444477777777777777777777777777777777777777777777777777778888847745555555555555444444444
                  777777777444444777777777777777777777777777777777777777777777777777777758888477745555555555555544444444
                  777777777444477777777777777777777777777777777777777777777777777777777768884777745566655555555544444444
                   77777774447777777777777777777777777777777777777777777777777777777777588854444456666666555555554444444
                   77777744777777777777777777777777777777777777777777777777777777777777446644555666666666665555544444444
                    7777477777777777777777777777777777777777777777777777777777777777774445554555566666666665555554444444
                     777777777777777777777777777777777777777777777777777777777777777774455455564465566666655555554444444
               77777 777777777777777777777777777777777777777777777777777777777777777777777444564555566666655555554444444
               7777777777777777       7777777777777777777    77777777777777777777777777777777555555466666655555555444444
              777777777777                 777 77777          7777777777777777777777777777777455565688886655555555544444
