77744777777777777777777444444444444477777777777777                                      7777777    455555555555554444444
77777777777777777777777444444444444477777777777777                                      7777777    455555555555554444444
777777777777777777777774444444444444477777777777777                                    77777777    455555555555554444444
7777777777777777777777744444444444444777777777777777                                   77777777    455555555555544444444
77777777777777777777777444444444444447777777777777777                                  77777777    455555555555444444444
7777777777777777777777744444444444444777777777777777777                              7777777777    455555555555444444444
 7777777777777777777774444444444444444777777777777777777               7            77777777777    455555555554444444444
 7777777777777777777774444444444444444777777777777777777             77777777      777777777777    455555555554444444444
  777777777777777777777444444444444444777777777777777777             777777777    7777777777777    555555555544444444444
   777777777777777777774444444444444447777777777777777777         77777777777777777777777777777    555555555554444444444
   777777777777777777774444444444444444777777777777777777777     777777777777777777777777777777  77555555555544444444444
    77777777777777777774444444444444444777777777777777777777     7777777777777777777777777777777777555555555544444444444
    777777777777777777774444444444444447777777       74454             7777777      755554477777774555555555544444444444
     77777777777777777774444444444444447 77          7455554         777777777777775888888888865446555555555444444444444
      7777777777777777774444444444444447 7           755555654       754777777777468888888888888888666554555444444444444
      7777777777777777744444444444444477 7           7665555664777744447777777775888888656888888888886554555444444444444
       777777777777777774444444444444447 7            656555566655555554444444468888888544444555566685444555444444444444
       777777777777777777444444444444477 7             45655554555555555654444688888888444444477756555555554444444444444
        77777777777777777444444444444477 7             44566555445555545588655888888888444444447756555555554444444444444
         7777777777777777444444444444477777             7666866555555544688888888888885444444444456555555554444444444444
         77777777777777777444444444447777 7               74688865555445888888888888884444444444466555555554444444444444
          7777777777777777744444444447777 7                 788866655546888888888888857774744444466555555554444444444444
           777777777777777744444444447777 7                   657  77774568888888888886544777744466555555554444444444444
           777777777777777744444444447777 7                               4888888888888888577777765555555555444444444444
            77777777777777744444444447777 7                                768888888888888886477765555555554444444444444
            77777777777777744444444447777 7                                  5688888888888888867765555555555544444444444
             7777777777777744444444447777                                      77777746888888888765555555555544444444444
              777777777777744444444447777777                                            74588888745555555555444444444444
              7777777777777444444444477777777777777777     77                             588884 75555555555544444444444
               77777777777744444444447777777777777777777777777                       7777688885  75555555555554444444444
                77777777777444444444444477777777777777777777777                  77777775888887  45555555555555444444444
                77777777777444444444444477777777777777777777777777777777777 777777777777688884   45555555555554444444444
                 7777777777444444444477777777777777777777777777777777777777777777777777488885777745555555555555444444444
                 7777777774444444447777777777777777777777777777777777777777777777777777588864777745555555555555444444444
                  777777774444447777777777777777777777777777777777777777777777777777777688844777745565655555555544444444
                   77777744444777777777777777777777777777777777777777777777777777777777568644444456666666655555554444444
                   77777444777777777777777777777777777777777777777777777777777777777774445544455666666666665555554444444
                    7777477777777777777777777777777777777777777777777777777777777777774444555555566666666665555554444444
               777  7777777777777777777777777777777777777777777777777777777777777777777444444565465566666655555555444444
              7777777777777777777777777777777777777777777777777777777777777777777777777774444555565566666655555555444444
            777777777777777777777777777777777777777777777777777777777777777777777777777777444555565466666655555555544444
            77777777777777777       777777777777777777777777777777777777777777777777777777744455566688886665555555554444
