77744777777777777777777774444444444777777777777                                          777777    455555555555555544444
777777777777777777777777444444444444777777777777                                          77777    455555555555555444444
7777777777777777777777777444444444447777777777777                                        777777    455555555555554444444
7777777777777777777777774444444444447777777777777                                       7777777    455555555555554444444
77777777777777777777777744444444444447777777777777                                      7777777    455555555555544444444
777777777777777777777777444444444444477777777777777                                     7777777    455555555555544444444
 77777777777777777777774444444444444477777777777777                                    77777777    455555555555544444444
 7777777777777777777777744444444444447777777777777                    777          777777777777    455555555555544444444
  77777777777777777777774444444444444777777777777                    77777     7777777777777777    555555555555444444444
   7777777777777777777777444444444444777777777777                  7777777777777777777777777777    555555555555444444444
   7777777777777777777777444444444444777777777777                777777777777777777777777777777   7555555555554444444444
    777777777777777777774444444444444477777777777774447          7777777777777777777777777777777777555555555554444444444
    7777777777777777777774444444444444777777      7444544            7777777                7777774555555555544444444444
     77777777777777777777444444444444477          745445657        77747777777777777555444444777746565555555554444444444
      7777777777777777777444444444444477 7         555555664        77547777 7777458888888888886556666554555544444444444
      7777777777777777777744444444444777 7         456555566444444477747777777756888888888888888888886554555544444444444
       777777777777777777774444444444777 7          46555555555555554444444445888888886556888888888886544555554444444444
        77777777777777777774444444444777 7          74565554455555556544444468888888864444474477756655555555544444444444
        77777777777777777774444444447777 7           4666655445555545686544888888888844444447777756555555555544444444444
         7777777777777777777444444447777               45888655555445888888888888888544444444777756555555555444444444444
         7777777777777777777744444447777                 688865554446888888888888885444444444444456555555555444444444444
          777777777777777777744444447777                 758854555558888888888888847777474744444466555555555444444444444
           77777777777777777744444447777                   4      777588888888888647777774774444466555555555544444444444
           77777777777777777744444447777                              76888888888888547774777774466555555555554444444444
            7777777777777777744444447777                                688888888888886777 77777766555555555554444444444
            77777777777777777444444477777                                58888888888888857   777765555555555544444444444
             7777777777777777444444477777                                  7455568888888885   77765555555555554444444444
              77777777777777744444447777777                                       46888888867777745555555555554444444444
              777777777777777444444477777777777                                      7588886     75555555555554444444444
               777777777777744444444777777777777777                                   7888857    75555555555555444444444
                777777777777444444444447777777777777777                              76888877    45555555555555444444444
                77777777777744444444444777777777777777777777777777777777            778888877    45555555555555544444444
                 7777777777744444444477777777777777777777777777777777777777777777777748888677777745555555555555444444444
                  777777777444444477777777777777777777777777777777777777777777777777748888444777745555555555555544444444
                  777777777444477777777777777777777777777777777777777777777777777777778888444777745565655555555544444444
                   77777774447777777777777777777777777777777777777777777777777777777778886444444456666666655555554444444
                   77777744777777777777777777777777777777777777777777777777777777777776886444555666666666665555555444444
                    7777477777777777777777777777777777777777777777777777777777777777775566444555566666666665555555444444
                     777777777777777777777777777777777777777777777777777777777777777774445555564565566666655555555444444
                7777 777777777777777777777777777777777777777777777777777777777777777774445544564565566666655555555544444
               777777777777777       7777777777777777777      7777777777777777777777777447444555565466666655555555544444
              77777777777               77777 777777          7777777777777777777777777777774455565688886665555555554444
