77744777777777777777777774444444444777777777777                                           77777    455555555555554444444
7777777777777777777777777444444444447777777777777                                        777777    455555555555554444444
7777777777777777777777777444444444447777777777777                                        777777    455555555555554444444
7777777777777777777777777444444444447777777777777                                        777777    455555555555544444444
77777777777777777777777744444444444447777777777777                                      7777777    455555555555444444444
777777777777777777777777444444444444477777777777777                                     7777777    455555555555444444444
 77777777777777777777777444444444444477777777777777                                   777777777    455555555555544444444
 7777777777777777777777744444444444447777777777777                                 777777777777    455555555555444444444
  77777777777777777777774444444444444777777777777                     77777      77777777777777    555555555554444444444
   7777777777777777777777444444444444777777777777                   777777777777777777777777777    555555555554444444444
   7777777777777777777777444444444444777777777777                 77777777777777777777777777777   7555555555554444444444
    777777777777777777777444444444444777777777777   7447          777777777777777777777777777777777555555555544444444444
    7777777777777777777777444444444444777777        774547            777777                7777774555555555544444444444
     77777777777777777777444444444444477            7454455          777777777777777566665555477746555555555544444444444
      7777777777777777777444444444444777 7           55555565        75477777 777758888888888888666666554555544444444444
      7777777777777777777744444444444777 7           665555664  77777747777777775888888888888888888886554555544444444444
       777777777777777777774444444444777 7           5565445665555555444444444468888888555666666668886544555544444444444
        77777777777777777774444444444777 7            456555545555555555444445888888885444444777756655555555544444444444
        77777777777777777777444444447777 7            446665544455555556864458888888884444444477756555555555444444444444
         7777777777777777777444444447777                5686665455554458888888888888864444444444756555555555444444444444
         7777777777777777777744444447777                  76888655544468888888888888844444444444456555555555444444444444
          777777777777777777744444447777                   6886665544488888888888888477444744444466555555555444444444444
           77777777777777777744444447777                    464   744468888888888888547774774444466555555555444444444444
           77777777777777777744444447777  7                             588888888888888544777774466555555555544444444444
            7777777777777777744444447777                                 76888888888888886777777766555555555444444444444
            77777777777777774444444477777                                  688888888888888864 77765555555555544444444444
             7777777777777777444444477777                                   75666668888888888677765555555555544444444444
              77777777777777744444447777777                                         746888888867745555555555544444444444
              777777777777774444444477777777777                                         7588885  75555555555554444444444
               7777777777777444444447777777777777777                                    488886   75555555555555444444444
                777777777777444444444447777777777777777                              777688884   45555555555555444444444
                77777777777744444444444777777777777777777777777777777777           7777588886    45555555555554444444444
                 7777777777744444444477777777777777777777777777777777777777777777777777588884777745555555555555444444444
                  777777777444444477777777777777777777777777777777777777777777777777777688854777745555555555555444444444
                  777777777444477777777777777777777777777777777777777777777777777777777888644777745565655555555544444444
                   77777774447777777777777777777777777777777777777777777777777777777774888544444456666666655555554444444
                   77777744777777777777777777777777777777777777777777777777777777777774568444455666666666665555554444444
                    7777477777777777777777777777777777777777777777777777777777777777774445554555566666666665555554444444
                     777777777777777777777777777777777777777777777777777777777777777774445445564465566666655555555444444
                7777 777777777777777777777777777777777777777777777777777777777777777777444444554555566666655555555444444
               777777777777777       7777777777777777777     77777777777777777777777777777744555555466666655555555544444
              77777777777                  777 77777         77777777777777777777777777777774455565688866665555555554444
