777447777777777777777777444444444447777777777777                                         777777    455555555555555554445
7777777777777777777777774444444444447777777777777                                        777777    455555555555555554444
77777777777777777777777774444444444477777777777777                                      7777777    455555555555555544444
77777777777777777777777744444444444477777777777777                                      7777777    455555555555555544444
777777777777777777777777444444444444477777777777777                                     7777777    455555555555555544444
7777777777777777777777744444444444444777777777777777                                    7777777    455555555555555555444
 777777777777777777777744444444444444777777777777777                                    7777777    455555555555555455444
 7777777777777777777777444444444444447777777777777777                                   7777777    555555555555555444444
  777777777777777777777444444444444447777777777777777            77777777777           77777777    555555555555554444444
   7777777777777777777774444444444444777777777777777777        7777777777777777         7777777    555555555555554444444
   77777777777777777777444444444444444777777777777777777   7   7777777777777777777777777777777     555555555555555444444
    777777777777777777774444444444444477777777455777777777777 77777777777777777777777777777777    7555555555555544444444
    7777777777777777777744444444444444777777744545664          7777777777777                   7777555555555555544444444
     77777777777777777774444444444444477     4555556657        777777777777777777777777777777777746555555555555444444444
      7777777777777777774444444444444477 7    555555665777777  777777754777 77777777777777777777746665554555554444444444
      7777777777777777774444444444444477 7    75655566655555554444477747777777777777777777444555558686554555555444444444
       777777777777777777444444444444477 7     4565555555555555565544444455668888888888888888888888888554555555444444444
       777777777777777777444444444444477 7     7566665444555544588886556888888888888888888888888888666555555554444444444
        77777777777777777744444444444777 7       45886555555544688888888888888888888886666666654456555555555544444444444
         7777777777777777744444444444777           588886555544888888888888888888865444444777777756555555555544444444444
         7777777777777777774444444444777  7        486886555555888888888888888865444474474777777756555555555444444444444
          777777777777777777444444447777  7          464       746888888888884777777777774777777755555555555544444444444
           77777777777777777444444447777  7                       5888888888867 7777777774777777755555555555544444444444
           77777777777777777744444447777  7                        6888888888887    777777777777755555555555544444444444
            77777777777777774444444477777 7                         4688888888887     7777 77777765555555555554444444444
            77777777777777774444444477777                               4688888887            77765555555555544444444444
             7777777777777774444444477777                                 76888886              765555555555554444444444
              77777777777777744444447777777                                 7688885      777   7745555555555554444444444
              7777777777777744444444777777777777                              58888              75555555555554444444444
               77777777777774444444447777777777777777                          68884777777777    75555555555555444444444
                7777777777774444444444447777777777777777   77                  58888777777777    45555555555555444444444
                777777777777444444444447777777777777777777777777777777777      78888877777777    45555555555554544444444
                 7777777777744444444477777777777777777777777777777777777777777775888867777777777745555555555555444444444
                  777777777444444477777777777777777777777777777777777777777777777488884444444777745555555555555444444444
                  777777774444447777777777777777777777777777777777777777777777777748888774444777745555555555555544444444
                   77777774447777777777777777777777777777777777777777777777777777774888647444444456666666555555554444444
                   77777744777777777777777777777777777777777777777777777777777777777488654444555666666666665555544444444
                    7777477777777777777777777777777777777777777777777777777777777777744455544555566666666665555554444444
                    7777777777777777777777777777777777777777777777777777777777777777774444555554565566666655555554444444
               77777 777777777777777777777777777777777777777777777777777777777777777774444444564555566666655555554444444
              777777777777777777    777777777777777777777777777777777777777777777777777777777555555466666655555555444444
              7777777777777           7777777777777777777   777777777777777777777777777777777455565688886655555555544444
