77744777777777777777777774444444444777777777777                                           77777    455555555555555544444
777777777777777777777777444444444444777777777777                                         777777    455555555555555444444
7777777777777777777777777444444444447777777777777                                        777777    455555555555554444444
77777777777777777777777744444444444477777777777777                                      7777777    455555555555554444444
77777777777777777777777744444444444477777777777777                                      7777777    455555555555544444444
77777777777777777777777744444444444447777777777777                                     77777777    455555555555544444444
 77777777777777777777777444444444444477777777777777                                777777777777    455555555555544444444
 7777777777777777777777744444444444447777777777777                    777         7777777777777    455555555555544444444
  77777777777777777777774444444444444777777777777                    7777777     77777777777777    555555555555444444444
   7777777777777777777777444444444444777777777777                  7777777777777777777777777777    555555555555444444444
   7777777777777777777777444444444444777777777777                 77777777777777777777777777777   7555555555554444444444
    777777777777777777777444444444444477777777777   7447         7777777777777777777777777777777777555555555554444444444
    7777777777777777777774444444444444777777        7445447           77777777             77777774555555555544444444444
     77777777777777777777444444444444777            74544564         777777777777774688666655447746565555555554444444444
      7777777777777777777444444444444777 7          755555566        754777777777468888888888888668666554555544444444444
      7777777777777777777744444444444777 7           5565556657777447747777777746888888888888888888886554555544444444444
       777777777777777777774444444444777 7            565445555555556544444444588888888445666666668886544555554444444444
        77777777777777777774444444444777 7            456655544555555555444445888888885444444777756655555555544444444444
        77777777777777777777444444447777 7            746666544455555556654468888888884444444477756555555555544444444444
         7777777777777777777744444447777                7568665555554458888888888888854444444444756555555555444444444444
         7777777777777777777744444447777                   6888655544488888888888888644444444444456555555555444444444444
          777777777777777777744444447777                   5686555554588888888888888777774744444466555555555444444444444
           77777777777777777744444447777                    74     77756888888888886477774774444466555555555444444444444
           77777777777777777744444447777                                488888888888885474777774466555555555544444444444
            7777777777777777744444447777                                 76888888888888864 77777766555555555444444444444
            7777777777777777744444447777                                  7688888888888888647 77765555555555544444444444
             7777777777777777444444477777                                   745666688888888867 7765555555555554444444444
              77777777777777744444447777777                                         458888888877745555555555554444444444
              777777777777777444444477777777777                                        74688887  75555555555554444444444
               777777777777774444444777777777777777                                     488885   75555555555555444444444
                777777777777744444444447777777777777777                               77888887   45555555555555444444444
                77777777777744444444444777777777777777777777777777777777            777588886    45555555555555444444444
                 7777777777744444444477777777777777777777777777777777777777777777777777688884777745555555555555444444444
                  777777777444444477777777777777777777777777777777777777777777777777777888854777745555555555555444444444
                  777777777444477777777777777777777777777777777777777777777777777777777888644777745565655555555544444444
                   77777774447777777777777777777777777777777777777777777777777777777774888544444456666666655555554444444
                   77777744777777777777777777777777777777777777777777777777777777777775688444555666666666665555544444444
                    7777477777777777777777777777777777777777777777777777777777777777774455544555566666666665555554444444
                     777777777777777777777777777777777777777777777777777777777777777774445555564565566666655555555444444
                7777 777777777777777777777777777777777777777777777777777777777777777774444444554555566666655555555444444
               7777777777777777      777777777777777777      77777777777777777777777777777777555555466666655555555544444
              77777777777               7  777 777 7          7777777777777777777777777777777455565688886665555555554444
