777447777777777777777777744444444447777777777777                                          77777    455555555555555554444
7777777777777777777777774444444444447777777777777                                        777777    455555555555555544444
7777777777777777777777777444444444447777777777777                                        777777    455555555555555444444
77777777777777777777777744444444444477777777777777                                       777777    455555555555555544444
77777777777777777777777744444444444477777777777777                                      7777777    455555555555554444444
777777777777777777777777444444444444477777777777777                                     7777777    455555555555554544444
 77777777777777777777777444444444444477777777777777                                    77777777    455555555555554444444
 77777777777777777777777444444444444477777777777777                                 77777777777    455555555555555444444
  7777777777777777777777444444444444477777777777777                   77777       7777777777777    555555555555544444444
   77777777777777777777774444444444447777777777777   7              7777777777 7777777777777777    555555555555544444444
   77777777777777777777774444444444447777777777777                 7777777777777777777777777777  77555555555555544444444
    7777777777777777777774444444444447777777777777  777           777777777777777777777777777777777555555555555444444444
    7777777777777777777777444444444444777777        77447              77777               77777774555555555554444444444
     77777777777777777777444444444444777            74445657         777777777777774688666665547746566555555554444444444
      7777777777777777777744444444444777 7          745545665        754777777777758888888888888668666554555554444444444
      7777777777777777777744444444444777 7           555555665   7777747777777775888888888888888888886554555555444444444
       777777777777777777774444444444777 7           7565555665555555444444444468888888445566666668886544555555444444444
        77777777777777777774444444444777 7            455555555555555555444445888888886444444777756655555555554444444444
        77777777777777777777444444447777 7            746665544455555556654448888888885444444477756555555555544444444444
         7777777777777777777444444447777                4586654455554446888888888888864444444444756555555555544444444444
         7777777777777777777744444447777                  76886555554458888888888888844444444444456555555555444444444444
          777777777777777777744444447777                   8888665544488888888888888577444744444466555555555544444444444
           77777777777777777744444447777                    4857 7744458888888888888547774774444466555555555544444444444
           77777777777777777744444447777                                468888888888886574777774466555555555554444444444
            7777777777777777744444447777                                  5888888888888885777777766555555555554444444444
            77777777777777777444444477777                                  488888888888888857 77765555555555544444444444
             7777777777777777444444477777                                    45566688888888884 7765555555555554444444444
              77777777777777744444447777777                                         756888888847745555555555555444444444
              777777777777777444444477777777777                                        74688885  75555555555554444444444
               777777777777774444444777777777777777                                     768886   75555555555555444444444
                77777777777744444444444777777777777777                                77688884   45555555555555544444444
                77777777777744444444444777777777777777777777777777777777             77488888    45555555555555544444444
                 7777777777744444444477777777777777777777777777777777777777777777777777688885777745555555555555444444444
                  777777777444444477777777777777777777777777777777777777777777777777777688864777745555555555555444444444
                  777777777444477777777777777777777777777777777777777777777777777777777888844777745565555555555544444444
                   77777774447777777777777777777777777777777777777777777777777777777774888544444456666666555555554444444
                   77777744777777777777777777777777777777777777777777777777777777777775888444555666666666665555544444444
                    7777477777777777777777777777777777777777777777777777777777777777777456544455566666666665555554444444
                     777777777777777777777777777777777777777777777777777777777777777774444555564555566666655555554444444
               77777 777777777777777777777777777777777777777777777777777777777777777774454444564555566666655555554444444
               7777777777777777      7777777777777777777 7    7777777777777777777777777777774555555466666655555555444444
              777777777777              7  7777777777         7777777777777777777777777777777455565688886655555555554444
