77744777777777777777777777444444444777777777777                                          777777    455555555555555555444
7777777777777777777777777744444444477777777777777                                        777777    455555555555555554444
7777777777777777777777777444444444447777777777777                                        777777    455555555555555554444
77777777777777777777777774444444444477777777777777                                       777777    455555555555555544444
77777777777777777777777774444444444477777777777777                                       777777    455555555555555544444
777777777777777777777777444444444444477777777777777                                     7777777    455555555555555554444
 77777777777777777777777444444444444477777777777777                                    77777777    455555555555555455444
 77777777777777777777777444444444444477777777777777                                   777777777    555555555555555444444
  7777777777777777777777744444444444477777777777777                         77777    7777777777    555555555555555444444
   777777777777777777777774444444444477777777777777  7               77777777777777777777777777   7555555555555554444444
   77777777777777777777774444444444447777777777777                 77777777777777777777777777777 77555555555555555444444
    7777777777777777777774444444444447777777777777  7    7        777777777777777777777777777777777555555555555545444444
    7777777777777777777774444444444444777777            74447              77777    755544477777774565555555555554444444
     77777777777777777777444444444444777                7744557       77777777777774888888888665446566555555555554444444
      7777777777777777777744444444444777 7              44554564     754777777777758888888888888888666554555554444444444
      7777777777777777777744444444444777 7              665555665    777777777777688888856888888888886554555555444444444
       777777777777777777774444444444777 7              4565555665555555444444446888888644445555568886544555555444444444
       777777777777777777774444444444777 7               456555555555555654444458888888844444444456655555555554444444444
        77777777777777777777444444447777 7               446655544555555556644488888888844444444456655555555554444444444
         7777777777777777777744444447777                  76586554445555446888888888888845444444456655555555544444444444
         7777777777777777777744444447777                    758866555554458888888888888644444444466655555555544444444444
          777777777777777777744444447777                     78888665544468888888888888474744444466655555555554444444444
           77777777777777777744444447777                      4865774444468888888888888474777444466655555555554444444444
           77777777777777777774444447777                                  7568888888888886477777466655555555554444444444
            7777777777777777744444447777                                     6888888888888885777766655555555554444444444
            77777777777777777444444477777                                     588888888888888857765565555555554444444444
             7777777777777777444444477777                                      74668888888888888565555555555555444444444
              77777777777777744444447777777                                            458888888885555555555555544444444
              777777777777777444444477777777777                                           746888886555555555555544444444
               77777777777777444444477777777777777                                      7 776888865555555555555544444444
                77777777777774444444444777777777777777                                7777488888545555555555555544444444
                777777777777444444444447777777777777777777777777777777777            77774888885 45555555555555544444444
                 7777777777744444444477777777777777777777777777777777777777777777777777776888867745555555555555444444444
                  777777777444444777777777777777777777777777777777777777777777777777777748888577745555555555555544444444
                  777777777444477777777777777777777777777777777777777777777777777777777768885777745556555555555544444444
                   77777774447777777777777777777777777777777777777777777777777777777777488864444456666666555555554444444
                   77777744777777777777777777777777777777777777777777777777777777777777456844555666666666665555544444444
                    7777477777777777777777777777777777777777777777777777777777777777774445554555566666666665555554444444
                     777777777777777777777777777777777777777777777777777777777777777774444455554455566666655555554444444
               77777 777777777777777777777777777777777777777777777777777777777777777777774444564555566666655555554444444
               7777777777777777       777777777777777777      7777777777777777777777777777777555555466666655555554444444
              777777777777                 77 777777          7777777777777777777777777777777455565688886655555555544444
