777447777777777777777777744444444447777777777777                                           7777    455555555555555554444
7777777777777777777777777444444444447777777777777                                         77777    455555555555555444444
7777777777777777777777777444444444447777777777777                                        777777    455555555555555444444
77777777777777777777777774444444444477777777777777                                       777777    455555555555554444444
77777777777777777777777744444444444477777777777777                                       777777    455555555555554444444
7777777777777777777777774444444444444777777777777777                                     777777    455555555555544444444
 777777777777777777777774444444444444777777777777777                                    7777777    455555555555554444444
 777777777777777777777774444444444444777777777777777                                  777777777    455555555555544444444
  77777777777777777777774444444444444777777777777777                          77777777777777777    555555555555444444444
   7777777777777777777777444444444444777777777777777 7                 777777777777777777777777   7555555555555544444444
   7777777777777777777777444444444444777777777777777                 777777777777777777777777777 77555555555555444444444
    77777777777777777777744444444444477777777777777777     777     77777777777777777777777777777777555555555554444444444
    7777777777777777777777444444444444777777               77454             7777777756555544777774555555555554444444444
     77777777777777777777744444444444477                   7754554    7  77777777774688888888865446566555555554444444444
      7777777777777777777744444444444777 7                 45554565   54    77777776888888888888888666554555544444444444
      7777777777777777777744444444444777 7                 655555565  77777777777758888886688888888888554555544444444444
       777777777777777777774444444444777 7                 4556555666555555444444488888885445555568686544555554444444444
        77777777777777777774444444444777 7                  456555555555555654444588888888444444456655555555554444444444
        77777777777777777777444444444777 7                  445665544555555556544688888888544444456655555555544444444444
         7777777777777777777444444447777                     76586554445555445888888888888544444466655555555444444444444
         7777777777777777777744444447777                        56886555554446888888888888544444466655555555444444444444
          777777777777777777744444447777  7                      6888655444458888888888888444444466655555555444444444444
           77777777777777777744444447777  7                      4864744454468888888888888477744466655555555544444444444
           77777777777777777744444447777  7                                  4688888888888886477766655555555544444444444
            7777777777777777744444447777                                       76888888888888885765565555555554444444444
            77777777777777777444444477777                                        588888888888888886566555555544444444444
             7777777777777777444444477777                                         75888888888888888666655555554444444444
              77777777777777744444447777777                                           7777468888888886655555554444444444
              7777777777777774444444777777777777                                            7456888888655555554444444444
               7777777777777744444447777777777777777                                          58888886655555555444444444
                777777777777444444444447777777777777777                               7777 74888888656555555555444444444
                77777777777744444444444777777777777777777777777777777777            777777758888886555555555555444444444
                 7777777777744444444477777777777777777777777777777777777777777777777777777588888545555555555555444444444
                  777777777444444477777777777777777777777777777777777777777777777777777775888854745555555555555444444444
                  777777777444477777777777777777777777777777777777777777777777777777777758888477745566655555555544444444
                   77777774447777777777777777777777777777777777777777777777777777777777445864444456666666655555544444444
                   77777744777777777777777777777777777777777777777777777777777777777774444554555666666666665555544444444
                    7777477777777777777777777777777777777777777777777777777777777777777444455555566666666665555554444444
                 7  7777777777777777777777777777777777777777777777777777777777777777777774444564465566666655555554444444
               77777 777777777777777777777777777777777777777777777777777777777777777777777774554555566666655555554444444
              777777777777777777     7777777777777777777     77777777777777777777777777777777555555466666655555555444444
              777777777777             77777777777777        77777777777777777777777777777777455565688886665555555554444
