777447777777777777777777774444444447777777777                                            777777    455555555555444444444
777777777777777777777777744444444444777777777777                                         777777    455555555555444444444
7777777777777777777777777744444444447777777777777                                        777777    455555555555544444444
77777777777777777777777774444444444477777777777777                                      7777777    455555555555444444444
77777777777777777777777744444444444477777777777777                                      7777777    455555555554444444444
777777777777777777777777444444444444777777777777777                                     7777777    455555555554444444444
 77777777777777777777777444444444444477777777777777                                    77777777    455555555554444444444
 77777777777777777777777444444444444477777777777777                               7777777777777    455555555544444444444
  7777777777777777777777444444444444477777777777777                  77777       77777777777777    555555555544444444444
   77777777777777777777774444444444447777777777777                  7777777777 7777777777777777    555555555544444444444
   77777777777777777777774444444444447777777777777                77777777777777777777777777777   7555555555544444444444
    777777777777777777777444444444444777777777777  7447          7777777777777777777777777777777777555555555444444444444
    7777777777777777777777444444444447777777       77454              7777          74477    777774555555555444444444444
     77777777777777777777444444444444777           7455454           777777777777775888888866554746566555555544444444444
      7777777777777777777444444444444777 7          55555554         7547777  777588888888888888868666554555544444444444
      7777777777777777777744444444444777 7          556555565    7777747777777746888888888888888888886554455544444444444
       777777777777777777774444444444777 7          55564445555555555474444444588888886444555555568886544455444444444444
        77777777777777777774444444444777 7           4556555545555556554444445888888885444447777756555555555444444444444
        77777777777777777774444444447777 7           7446665544455555556544458888888864444444777756555555555444444444444
         7777777777777777777444444447777              756666666555554458888688888888854444444447756555555555444444444444
         7777777777777777777744444447777                7456888655544468888888888888644444444444456555555555444444444444
          777777777777777777744444447777                   7888665554488888888888886777774744444466555555555444444444444
           77777777777777777744444447777  7                 7867 7744456888888888886547774777444466555555555444444444444
           77777777777777777744444447777  7                             468888888888888577 77774466555555555444444444444
            7777777777777777744444447777                                 768888888888888867 7777765555555555444444444444
            77777777777777777444444477777                                  588888888888888864 77765555555555544444444444
             7777777777777777444444477777                                    7455556888888888577765555555555544444444444
              77777777777777744444447777777                                          45688888847745555555555544444444444
              777777777777777444444477777777777                                          588887 775555555555554444444444
               777777777777774444444777777777777777                                    7588884   75555555555555444444444
                777777777777444444444447777777777777777                              774888887   45555555555555444444444
                7777777777774444444444477777777777777777777777777777777             777688885    45555555555555544444444
                 7777777777744444444477777777777777777777777777777777777777777777777777688867777745555555555555544444444
                  777777777444444477777777777777777777777777777777777777777777777777777888844777745555555555555544444444
                  777777777444477777777777777777777777777777777777777777777777777777777888644777745565555555555554444444
                   77777774447777777777777777777777777777777777777777777777777777777775888444444456666666655555554444444
                   77777744777777777777777777777777777777777777777777777777777777777774566444555666666666665555555444444
                    7777477777777777777777777777777777777777777777777777777777777777774445555555566666666665555555444444
                     777777777777777777777777777777777777777777777777777777777777777774555544564565566666665555555544444
                 777 777777777777777777777777777777777777777777777777777777777777777777777444554555566666665555555544444
               77777777777777         7777777777777777      777777777777777777777777777777744555565466666665555555544444
              77777777777                                    77777777777777777777777777777774455566688886665555555554444
