777447777777777777777777744444444447777777777777                                         777777    455555555555444444444
7777777777777777777777774444444444447777777777777                                        777777    455555555555444444444
77777777777777777777777774444444444477777777777777                                       777777    455555555555544444444
77777777777777777777777744444444444477777777777777                                       777777    455555555555444444444
777777777777777777777777444444444444777777777777777                                     7777777    455555555554444444444
7777777777777777777777774444444444444777777777777777                                    7777777    455555555555444444444
 777777777777777777777774444444444444777777777777777                                    7777777    455555555554444444444
 777777777777777777777774444444444444777777777777777                                   77777777    455555555544444444444
  777777777777777777777744444444444447777777777777777                        777777  7777777777    555555555544444444444
   7777777777777777777777444444444444777777777777777 7                     77777777777777777777   7555555555544444444444
   77777777777777777777774444444444447777777777777777               777777777777777777777777777  77555555555544444444444
    77777777777777777777444444444444477777777777777777             77777777777777777777777777777777555555555444444444444
    7777777777777777777774444444444444777777               4457                     768886655477774555555555544444444444
     77777777777777777777444444444444777                   74555      7  7 777777777888888888886546566555555544444444444
      7777777777777777777444444444444777 7                 445555     57     7777776888888888888888666554555544444444444
      7777777777777777777444444444444777 7                565555557   7   7777777748888885668888888888554555444444444444
       777777777777777777744444444444777 7                88565555654444444774444468888886444444566665444455444444444444
        77777777777777777774444444444777 7                58656544555655555644444488888888544444456655555555444444444444
        77777777777777777777444444444777 7                 4545665554455555556444488888888644444456655555555444444444444
         7777777777777777777444444447777                    545666554445555555665588888888844444466655555555444444444444
         7777777777777777777744444447777                     46868666655555445888888888888844444466655555555444444444444
          777777777777777777744444447777  7                    775688865554446888888888888844444466655555555444444444444
           77777777777777777744444447777  7                       488666555448888888888888854444466655555555444444444444
           77777777777777777744444447777  7                        657   77775688888888888888864765665555555544444444444
            77777777777777774444444477777 7                                    75688888888888888865566555555444444444444
            77777777777777774444444477777                                         58888888888888888666655555544444444444
             7777777777777777444444477777                                          7568888888888888886665555554444444444
              77777777777777744444447777777                                               775688888888665555554444444444
              7777777777777744444444777777777777                                              75888888665555554444444444
               77777777777774444444447777777777777777                                        468888886655555555444444444
                777777777777444444444447777777777777777    7                         77777775888888656555555555444444444
                7777777777774444444444477777777777777777777777777777777            7777777758888886555555555555444444444
                 7777777777744444444477777777777777777777777777777777777777777777777777777688886445555555555555444444444
                  777777777444444477777777777777777777777777777777777777777777777777777746888647745555555555555544444444
                  777777777444447777777777777777777777777777777777777777777777777777777745885777745566655555555544444444
                   77777774447777777777777777777777777777777777777777777777777777777774444554444456666666655555554444444
                   77777744777777777777777777777777777777777777777777777777777777777774444454455666666666665555555444444
                    7777477777777777777777777777777777777777777777777777777777777777777774445565566666666665555555444444
                    7777777777777777777777777777777777777777777777777777777777777777777777444555465566666665555555444444
               77777 777777777777777777777777777777777777777777777777777777777777777777777744555555566666655555555444444
              777777777777777777     7777777777777777777   7777777777777777777777777777777744555565466666655555555544444
              777777777777             77777777777777      7777777777777777777777777777777774455566688886665555555554444
