777447777777777777777777444444444447777777777777                                         777777    455555555555544444444
7777777777777777777777744444444444447777777777777                                        777777    455555555555544444444
77777777777777777777777744444444444477777777777777                                      7777777    455555555555544444444
77777777777777777777777744444444444447777777777777                                      7777777    455555555555444444444
777777777777777777777777444444444444477777777777777                                     7777777    455555555555444444444
7777777777777777777777744444444444444777777777777777                                   77777777    455555555555444444444
 777777777777777777777444444444444444777777777777777                                    7777777    455555555554444444444
 777777777777777777777744444444444444777777777777777                                    7777777    455555555554444444444
  777777777777777777777444444444444447777777777777777            7  777777               77777     555555555544444444444
   777777777777777777777444444444444477777777777777777          7777777777777 7          77777     555555555544444444444
   7777777777777777777744444444444444477777777777777777    7   777777777777777777        77777     555555555544444444444
    777777777777777777774444444444444477777744447777777   777 777777777777777777777    7777777    7555555555544444444444
    7777777777777777777744444444444444777777744554             777777777777                    7777555555555544444444444
     77777777777777777774444444444444477    455555647          777777777777777777777777777777777746555555555544444444444
      7777777777777777774444444444444477 7  7565555664    77   77777 75477      7777777777777777746555554555544444444444
      7777777777777777774444444444444477 7   556555566555555557777777747777774455555665555666666668886554555544444444444
       777777777777777777444444444444477 7   755655554455555555554444444456888888888888888888888888886544555544444444444
        77777777777777777444444444444777 7     4566555444555544588866556888888888888888888888886668666555555444444444444
        77777777777777777744444444444777 7     4586866655555544588888888888888888888654445544477756555555555444444444444
         7777777777777777774444444444777         45668886555444688888888888888888654444444777777756555555555444444444444
         7777777777777777777444444447777            58886665555688888888888888654444777744777777756555555555444444444444
          777777777777777777744444447777  7           684      746888888888884777777777774777777755555555555444444444444
           77777777777777777444444447777  7                       5888888888884 7777777774777777755555555555444444444444
           77777777777777777744444447777  7                        6888888888885    777777777777755555555555444444444444
            7777777777777777444444447777  7                         7568888888885     7777  7777755555555555444444444444
            77777777777777774444444477777                                468888885            77765555555555544444444444
             7777777777777777444444477777                                  46888884            7765555555555544444444444
              77777777777777744444447777777                                  468888      777   7745555555555444444444444
              7777777777777744444444777777777777                               68884             75555555555544444444444
               77777777777774444444477777777777777777                          48886777777777    75555555555555444444444
                777777777777444444444444777777777777777    77                  78888577777777    45555555555555444444444
                777777777777444444444444777777777777777777777777777777777       5888847777777    45555555555555444444444
                 7777777777444444444477777777777777777777777777777777777777777777688887777777777745555555555555444444444
                  777777777444444477777777777777777777777777777777777777777777777768885444444777745555555555555544444444
                  777777774444447777777777777777777777777777777777777777777777777776888474444777445655555555555554444444
                   77777774447777777777777777777777777777777777777777777777777777777688844444444456666666655555554444444
                   77777744777777777777777777777777777777777777777777777777777777777766554444455666666666665555555444444
                    7777477777777777777777777777777777777777777777777777777777777777774444555555566666666665555555444444
                     777777777777777777777777777777777777777777777777777777777777777774455544564565566666665555555544444
                 777 777777777777777777777777777777777777777777777777777777777777777777444444555565566666655555555544444
               7777777777777777      777777777777777777777 7777777777777777777777777777777444555565466666655555555544444
              777777777777             777777777777777     7777777777777777777777777777777744455566688886665555555554444
