777447777777777777777777444444444447777777777777                                         777777    755555555555554444444
7777777777777777777777774444444444447777777777777                                        777777    455555555555554444444
77777777777777777777777744444444444477777777777777                                       777777    455555555555554444444
777777777777777777777777444444444444477777777777777                                     7777777    455555555555544444444
777777777777777777777777444444444444477777777777777                                     7777777    455555555555444444444
7777777777777777777777744444444444444777777777777777                                    7777777    455555555555444444444
 7777777777777777777777444444444444447777777777777777                                   7777777    455555555555544444444
 77777777777777777777777444444444444477777777777777777                                  7777777    455555555555444444444
  7777777777777777777777444444444444447777777777777777                         7777777777777777    555555555554444444444
   777777777777777777777444444444444447777777777777777                       777777777777777777   7555555555554444444444
   7777777777777777777774444444444444477777777777777777             7777777777777777777777777777 77555555555544444444444
    777777777777777777774444444444444477777777777777777            77777777777777777777777777777777555555555544444444444
    77777777777777777777744444444444447777777               7447                    755555544777774555555555544444444444
     77777777777777777777444444444444477                    77455     7     77777777688888888865446566555555544444444444
      7777777777777777777444444444444477 7                  7455457   57      777775888888888888888666554555544444444444
      7777777777777777777444444444444477 7                 7655555567     7777777776888886688888888888554555544444444444
       777777777777777777744444444444777 7                 7856555565444444447444458888888444555568686444555544444444444
       777777777777777777744444444444777 7                  465655556665555555444458888888644444456655555555544444444444
        77777777777777777774444444444777 7                   44566555455555555654458888888854444456655555555444444444444
         7777777777777777774444444444777                     44566655444555554568668888888864444466655555555444444444444
         7777777777777777777444444447777  7                    466866654555544588888888888864444466655555555444444444444
          777777777777777777444444447777  7                       468885555444688888888888864444466655555555444444444444
           77777777777777777744444447777                           68865555444888888888888864774466655555555444444444444
           77777777777777777744444447777  7                        754     777468888888888888865465565555555544444444444
            77777777777777774444444477777 7                                     7588888888888888885566555555444444444444
            77777777777777774444444477777 7                                       76888888888888888666655555544444444444
             7777777777777777444444477777                                           568888888888888886665555554444444444
              777777777777777444444477777777                                          7777745688888888865555554444444444
              7777777777777744444444477777777777777                                           75688888886555554444444444
               77777777777774444444447777777777777777                                         75688888865555555444444444
                77777777777744444444444477777777777777777  777                       77777777588888886655555555444444444
                777777777777444444444444777777777777777777777777777777777          7777777776888888655555555555444444444
                 7777777777444444444477777777777777777777777777777777777777777777777777777468888865555555555555444444444
                  777777777444444477777777777777777777777777777777777777777777777777777775888864745555555555555444444444
                  777777774444447777777777777777777777777777777777777777777777777777777745888477745566655555555544444444
                   77777774447777777777777777777777777777777777777777777777777777777774444564444456666866655555554444444
                   77777744777777777777777777777777777777777777777777777777777777777774444454455666666666665555544444444
                    7777477777777777777777777777777777777777777777777777777777777777777744445565566666666665555554444444
                 7  7777777777777777777777777777777777777777777777777777777777777777777777744565465566666655555554444444
               77777 777777777777777777777777777777777777777777777777777777777777777777777744555555566666655555555444444
              7777777777777777777   777777777777777777777777777777777777777777777777777777744555565466666655555555544444
             77777777777777           7777777777777777     7777777777777777777777777777777774455565688886665555555554444
