7774477777777777777777744444444444477777777777777                                        777777    455555555555554444444
77777777777777777777777444444444444477777777777777                                      7777777    455555555555554444444
777777777777777777777774444444444444477777777777777                                     7777777    455555555555544444444
777777777777777777777774444444444444477777777777777                                    77777777    455555555555444444444
7777777777777777777777744444444444444777777777777777                                   77777777    455555555555444444444
777777777777777777777774444444444444477777777777777777                                 77777777    455555555555444444444
 777777777777777777777444444444444444477777777777777777               77             7 77777777    455555555554444444444
 7777777777777777777774444444444444444777777777777777777            777777       77777 77777777    455555555554444444444
  777777777777777777777444444444444444777777777777777777           77777777   7777777777777777     555555555544444444444
   777777777777777777777444444444444447777777777777777777        777777777777777777777777777777    555555555544444444444
   777777777777777777774444444444444447777777777777777777777    7777777777777777777777777777777   7555555555544444444444
    77777777777777777774444444444444447777777777777477777777   777777777777777777777777777777777777555555555444444444444
    77777777777777777777444444444444444777777    774557             777777777        77    77777777555555555444444444444
     77777777777777777774444444444444477 77       4454554          77747777777777775688866665547746555555555444444444444
      7777777777777777774444444444444477 7        455555665        77754777777774688888888888888666666554555444444444444
      7777777777777777774444444444444477 7        7666555665444455477747777777468888888888888888888886554555444444444444
       777777777777777777444444444444477 7         556555555555555555444444446888888885445556665668886444555444444444444
       777777777777777777444444444444477 7          45665554455555555665444588888888864444477777756555555554444444444444
        77777777777777777744444444444477 7          44666655445555444688866888888888644444477777756555555554444444444444
         7777777777777777744444444444777 77          7566886655555445888888888888888444444444777756555555554444444444444
         7777777777777777774444444444777  7             7588866554446888888888888864744444744444456555555554444444444444
          777777777777777777444444444777  7              758864555556888888888888847777774744444466555555544444444444444
           777777777777777774444444447777 7                54        758888888888888547774777744466555555554444444444444
           777777777777777774444444447777 7                            7688888888888886477 77777765555555554444444444444
            77777777777777744444444447777 7                              68888888888888864   777765555555554444444444444
            77777777777777744444444477777 7                               756666688888888867  77765555555554444444444444
             7777777777777774444444477777                                        746888888887   765555555555444444444444
              777777777777744444444447777777                                         74688887   745555555555444444444444
              777777777777774444444447777777777777777                                  68885     75555555555544444444444
               777777777777744444444477777777777777777777  777                        5888847    75555555555544444444444
                7777777777774444444444447777777777777777777777                     7776888877    45555555555544444444444
                7777777777744444444444447777777777777777777777777777777777    777777778888677    45555555555554444444444
                 7777777777444444444477777777777777777777777777777777777777777777777776888577777745555555555554444444444
                 7777777777444444477777777777777777777777777777777777777777777777777776888444777745555555555555444444444
                  777777774444447777777777777777777777777777777777777777777777777777776888444777745555555555555544444444
                   77777774447777777777777777777777777777777777777777777777777777777776888444444456666666655555554444444
                   77777744777777777777777777777777777777777777777777777777777777777774556444455666666666665555554444444
                    7777477777777777777777777777777777777777777777777777777777777777774445555555566666666665555554444444
                 7  7777777777777777777777777777777777777777777777777777777777777777774555544564465566666655555555444444
               77777 777777777777777777777777777777777777777777777777777777777777777777774444555565566666655555555444444
              7777777777777777777777777777777777777777777777777777777777777777777777777777444555565466666655555555544444
            7777777777777777         77777777777777777777777777777777777777777777777777777744455565688886665555555554444
