77744777777777777777777744444444444777777777777                                           77777    455555555555555555545
7777777777777777777777774444444444447777777777777                                         77777    455555555555555555444
7777777777777777777777777444444444447777777777777                                         77777    455555555555555554444
7777777777777777777777774444444444447777777777777                                        777777    455555555555555554444
77777777777777777777777744444444444447777777777777                                       777777    455555555555555554444
777777777777777777777774444444444444477777777777777                                     7777777    455555555555555555444
 77777777777777777777774444444444444477777777777777                                     7777777    455555555555555555444
 7777777777777777777777744444444444447777777777777                                      7777777    555555555555555555444
  77777777777777777777774444444444444777777777777                 7777777              77777777    555555555555555444444
   7777777777777777777774444444444444777777777777    7          7777777777777777       77777777    555555555555554444444
   77777777777777777777444444444444447777777777777             7777777777777777777777777777777     555555555555555444444
    777777777777777777774444444444444477777777744577777        77777777777777777777777777777777  77555555555555545444444
    7777777777777777777744444444444444777777  74545665          777777777777                7777777555555555555554444444
     77777777777777777777444444444444477      7555456664        77777747777777777777777777777777446655555555555554444444
      7777777777777777774444444444444477 7     455555666   777  77777754777777777777777777777777746665554555554444444444
      7777777777777777777444444444444477 7      565555665555555477477747777774455556666666688888668886554555555444444444
       777777777777777777444444444444777 7      456555555555555555444444445688888888888888888888888886544555555444444444
        77777777777777777774444444444777 7      746666544455555456886545688888888888888888888866666666555555554444444444
        77777777777777777774444444444777 7        7588665555554458888888888888888888644444444777756655555555554444444444
         7777777777777777777444444444777            48888655544488888888888888888854444444777777756555555555554444444444
         7777777777777777777444444447777            76688555555588888888888888865444444444777777756555555555544444444444
          777777777777777777744444447777              457       75888888888885777777777774777777756555555555554444444444
           77777777777777777744444447777                          768888888888577777777774777777755555555555554444444444
           77777777777777777744444447777  7                        48888888888867  7777774777777765555555555554444444444
            7777777777777777744444447777                            76888888888867   77777777777765555555555555444444444
            77777777777777774444444477777                              745888888884          777765555555555555444444444
             7777777777777777444444477777                                  588888887           7765555555555555444444444
              77777777777777744444447777777                                  4688888    77777  7745555555555555544444444
              777777777777774444444477777777777                                488884   777     775555555555555544444444
               777777777777744444444777777777777777                             5888577777777    75555555555555544444444
                777777777777444444444447777777777777777                         4888877777777    45555555555555544444444
                7777777777774444444444477777777777777777777777777777777777      4888857777777    45555555555555544444444
                 7777777777744444444477777777777777777777777777777777777777777777688884777777777745555555555555544444444
                  777777777444444477777777777777777777777777777777777777777777777468885444444777745555555555555544444444
                  777777774444447777777777777777777777777777777777777777777777777748888474444777745555555555555544444444
                   77777774447777777777777777777777777777777777777777777777777777774888674444444456666666555555554444444
                   77777744777777777777777777777777777777777777777777777777777777777588857444555666666666665555544444444
                    7777477777777777777777777777777777777777777777777777777777777777755555444555566666666665555554444444
                     777777777777777777777777777777777777777777777777777777777777777774444555554565566666655555554444444
               77777 777777777777777777777777777777777777777777777777777777777777777774455544564555566666655555555444444
              77777777777777777      7777777777777777777777  77777777777777777777777777447744555565466666655555555544444
              777777777777             777777777777777        7777777777777777777777777777777455565688886655555555554444
