777447777777777777777777444444444447777777777777                                         777777    455555555555555554444
7777777777777777777777774444444444447777777777777                                        777777    455555555555555554444
77777777777777777777777744444444444477777777777777                                       777777    455555555555555544444
77777777777777777777777744444444444477777777777777                                      7777777    455555555555555544444
777777777777777777777777444444444444477777777777777                                     7777777    455555555555555544444
7777777777777777777777744444444444444777777777777777                                    7777777    455555555555555554444
 7777777777777777777777444444444444447777777777777777                 7                 7777777    455555555555555444444
 777777777777777777777744444444444444777777777777777777             77777               7777777    455555555555555444444
  77777777777777777777774444444444444777777777777777777           77777777    777777  7 7777777    555555555555554444444
   77777777777777777777744444444444444777777777777777777         777777777777777777777777777777    555555555555554444444
   777777777777777777774444444444444447777777777777777777777    7777777777777777777777777777777   7555555555555544444444
    77777777777777777777444444444444447777777777744477777777   777777777777777777777777777777777777555555555555444444444
    77777777777777777777444444444444447777777   74445557          7777777777               77777774555555555554444444444
     77777777777777777774444444444444477 77     745545667        7777747777777777777747777777777746555555555554444444444
      7777777777777777774444444444444477 7       555555665       7777454777777777456888866666655456665554555554444444444
      7777777777777777774444444444444477 7       75655566644445447777747777777568888888888888888888886554555544444444444
       777777777777777777444444444444477 7        5655555555555565444444444468888888888688888888888886544555554444444444
       777777777777777777444444444444477 7        4566555455555555566544456888888888854444445444456655555555544444444444
        77777777777777777744444444444477 7         466665544555544588888688888888886444474777777756555555555444444444444
         7777777777777777744444444444777 7           4688655555544688888888888888864444444777777756555555555444444444444
         7777777777777777774444444444777  7           588886655545888888888888888544444444747777756555555555444444444444
          777777777777777777444444447777  7            46864774454688888888888867777777774744777756555555555444444444444
           777777777777777774444444477777 7             77         75888888888888577777774777777765555555555444444444444
           777777777777777777444444477777 7                          488888888888885777774777777765555555555444444444444
            77777777777777774444444477777 7                           4888888888888864  77 77777765555555555444444444444
            77777777777777774444444477777 7                             4566888888888857     777765555555555544444444444
             7777777777777777444444477777                                     46888888867       765555555555544444444444
              77777777777777444444447777777                                      456888857777   745555555555444444444444
              7777777777777744444444777777777777777                                 68884        75555555555544444444444
               777777777777744444444477777777777777777      7                      7888847777    75555555555544444444444
                77777777777744444444444777777777777777777 7777                     4888857777    75555555555545444444444
                7777777777774444444444477777777777777777777777777777777777        74888857777    45555555555554444444444
                 7777777777444444444477777777777777777777777777777777777777777777777888867777777745555555555555444444444
                  777777777444444477777777777777777777777777777777777777777777777777588864444777745555555555555444444444
                  777777777444447777777777777777777777777777777777777777777777777777488864444777745555555555555544444444
                   77777774447777777777777777777777777777777777777777777777777777777768884444444456666666555555544444444
                   77777744777777777777777777777777777777777777777777777777777777777748885444555666666666665555544444444
                    7777477777777777777777777777777777777777777777777777777777777777774455444455566666666665555544444444
                 7  7777777777777777777777777777777777777777777777777777777777777777774444555554455566666655555554444444
               77777 777777777777777777777777777777777777777777777777777777777777777774455444564555566666655555554444444
             77777777777777777777   777777777777777777777777777777777777777777777777777777444555555466666655555554444444
             77777777777777          777777777777777777777 7777777777777777777777777777777777455565688886655555555544444
