77744777777777777777777774444444444777777777                                               7777    455555555555544444444
7777777777777777777777774444444444477777777777                                            77777    455555555555444444444
777777777777777777777777744444444444777777777777                                         777777    455555555555544444444
7777777777777777777777774444444444447777777777777                                        777777    455555555555444444444
7777777777777777777777774444444444447777777777777                                        777777    455555555555444444444
77777777777777777777777744444444444477777777777777                                      7777777    455555555555444444444
 7777777777777777777777744444444444477777777777777                                      7777777    455555555554444444444
 7777777777777777777777744444444444447777777777777                                       777777    455555555544444444444
  77777777777777777777774444444444444777777777777                                        77777     555555555544444444444
   77777777777777777777744444444444447777777777777               77777777777             77777     555555555544444444444
   7777777777777777777774444444444444777777777777               77777777777777          777777     555555555544444444444
    7777777777777777777744444444444447777777744477         7   77777777777777777       77777777  77555555555444444444444
    777777777777777777774444444444444777777 774454              777777777                   7777774555555555544444444444
     77777777777777777774444444444444777     4554554           777777777777777   777777777777777746555555555544444444444
      7777777777777777774444444444444777 7   755555555          7777 75477      7774554444444444746665554555544444444444
      7777777777777777777444444444444477 7    55655556555555554777777747777745668888888888888888888886554555544444444444
       777777777777777777444444444444777 7    56565555445555555554444444456888888888888888888888888886544555544444444444
        77777777777777777744444444444777 7     4456655544455554456665545688888888888865556666655566665555555544444444444
        77777777777777777774444444444777 7      456666665555554458888888888888888885444444777777756555555555444444444444
         7777777777777777774444444444777         46868888655544468888888888888888644444444777777756555555555444444444444
         7777777777777777777444444447777  7         74888666555568888888888888854444444444777777756555555555444444444444
          777777777777777777444444447777  7            48847777446888888888886777777777774777777756555555555444444444444
           77777777777777777444444447777  7             4         768888888888857777777774777777755555555555444444444444
           77777777777777777744444447777  7                         68888888888867 7777774777777765555555555544444444444
            77777777777777774444444477777 7                          46888888888887   7777 77777765555555555444444444444
            77777777777777774444444477777 7                             745688888884          77765555555555544444444444
             7777777777777774444444477777                                   468888884           765555555555554444444444
              77777777777777444444447777777                                   75888887   7777  7745555555555554444444444
              7777777777777744444444777777777777                                788887          745555555555554444444444
               77777777777774444444477777777777777777                            688847777777    45555555555555444444444
                7777777777774444444444477777777777777777   77                    588867777777   745555555555555544444444
                777777777777444444444447777777777777777777777777777777777        588884777777   745555555555555544444444
                 7777777777444444444477777777777777777777777777777777777777777777488886777777777745555555555555544444444
                  777777777444444477777777777777777777777777777777777777777777777748888444444777745555555555555544444444
                  777777774444447777777777777777777777777777777777777777777777777775888574444477445655655555555554444444
                   77777774447777777777777777777777777777777777777777777777777777777688844444444456666666655555555444444
                   77777744777777777777777777777777777777777777777777777777777777777488864444455666666666665555555444444
                    7777477777777777777777777777777777777777777777777777777777777777744455554555566666666665555555444444
                    7777777777777777777777777777777777777777777777777777777777777777774444555564565566666665555555544444
               77777 777777777777777777777777777777777777777777777777777777777777777774455444555565566666665555555554444
               7777777777777777      77777777777777777777777777777777777777777777777777777444555565466666665555555554444
              777777777777             777777777777777 77  7777777777777777777777777777777744455566688886665555555555444
