777447777777777777777777444444444447777777777777                                          77777    455555555555544444444
7777777777777777777777774444444444447777777777777                                        777777    455555555555544444444
77777777777777777777777744444444444477777777777777                                       777777    455555555555544444444
77777777777777777777777744444444444447777777777777                                       777777    455555555555444444444
777777777777777777777777444444444444477777777777777                                     7777777    455555555555444444444
7777777777777777777777744444444444444777777777777777                                    7777777    455555555555444444444
 777777777777777777777444444444444444777777777777777                                    7777777    455555555554444444444
 777777777777777777777744444444444444777777777777777                                     777777    455555555554444444444
  77777777777777777777774444444444444777777777777777              7777777                77777     555555555544444444444
   7777777777777777777774444444444444777777777777777 7          777777777777777          77777     555555555544444444444
   77777777777777777777444444444444444777777777777777          777777777777777777     7 777777     555555555544444444444
    777777777777777777774444444444444477777774454777777   777  777777777777777777777 7777777777   7555555555544444444444
    77777777777777777777444444444444447777777744554             77777777777                   77777555555555544444444444
     77777777777777777774444444444444477     455555647         777777777777777777777777777777777746555555555544444444444
      7777777777777777774444444444444477 7   7655555667         7777775477      7777777777777777746665554555544444444444
      7777777777777777774444444444444477 7    65655556655555554777777747777774555668888668888886668886554555544444444444
       777777777777777777444444444444777 7    45565555455555555554444444455688888888888888888888888886544555544444444444
        77777777777777777744444444444777 7     7456655444555554558655445688888888888886688888866566665555555544444444444
        77777777777777777774444444444777 7      466686655555547468888888888888888886544444444777756555555555444444444444
         7777777777777777774444444447777          4568888555544488888888888888888654444444777777756555555555444444444444
         7777777777777777777444444447777            78886665555588888888888888864444444444777777756555555555444444444444
          777777777777777777744444447777              485   777756888888888886777777777774777777756555555555444444444444
           77777777777777777744444447777                          488888888888847777777774777777755555555555444444444444
           77777777777777777744444447777                           48888888888885   777774777777765555555555544444444444
            7777777777777777744444447777                            768888888888867   7777 77777765555555555444444444444
            77777777777777777444444477777                              7745888888887          77765555555555544444444444
             7777777777777777444444477777                                   568888887           765555555555544444444444
              77777777777777744444447777777                                   7588886    777   7745555555555544444444444
              777777777777777444444477777777777                                 48886            75555555555554444444444
               777777777777774444444777777777777777                             7888877777777    45555555555555444444444
                777777777777444444444447777777777777777                          688867777777    45555555555555444444444
                77777777777744444444444777777777777777777777777777777777         588884777777    45555555555555444444444
                 7777777777744444444477777777777777777777777777777777777777777777488886777777777745555555555555444444444
                  777777777444444477777777777777777777777777777777777777777777777748888444444777745555555555555544444444
                  777777777444477777777777777777777777777777777777777777777777777775888574444777445555655555555554444444
                   77777774447777777777777777777777777777777777777777777777777777777588844444444456666666655555554444444
                   77777744777777777777777777777777777777777777777777777777777777777768664444455666666666665555555444444
                    7777477777777777777777777777777777777777777777777777777777777777744455554555566666666665555555444444
                     777777777777777777777777777777777777777777777777777777777777777774445555564565566666655555555544444
                 777 777777777777777777777777777777777777777777777777777777777777777777444444555565566666655555555544444
               7777777777777777      7777777777777777777    777777777777777777777777777777444555565466666655555555544444
              77777777777               7777777777777       777777777777777777777777777777774455566688886665555555554444
