7774477777777777777777774444444444477777777777777                                        777777    455555555555555554444
7777777777777777777777774444444444447777777777777                                        777777    455555555555555544444
77777777777777777777777744444444444477777777777777                                      7777777    455555555555555444444
77777777777777777777777744444444444477777777777777                                      7777777    455555555555554444444
7777777777777777777777774444444444444777777777777777                                    7777777    455555555555554444444
7777777777777777777777744444444444444777777777777777                                    7777777    455555555555544444444
 7777777777777777777774444444444444447777777777777777                                   7777777    455555555555554444444
 77777777777777777777774444444444444477777777777777777              77777               7777777    455555555555544444444
  77777777777777777777774444444444444477777777777777777            7777777    77777777 77777777    555555555555544444444
   7777777777777777777774444444444444477777777777777777          77777777777777777777777777777     555555555555544444444
   777777777777777777774444444444444447777777777777777777       777777777777777777777777777777     555555555554444444444
    77777777777777777777444444444444447777777777774477777777   77777777777777777777777777777777  77555555555554444444444
    77777777777777777777444444444444447777777    74455447          777777777                  77777555555555544444444444
     77777777777777777774444444444444477 77      445456667        777747777777777777777777777777746555555555544444444444
      7777777777777777774444444444444477 7       7555556665       777754777   777777454444444444746555554555544444444444
      7777777777777777774444444444444477 7        7665556664444444777747777777774568888888888888888886554555544444444444
       777777777777777777444444444444477 7         565555555555556544444444444688888888888888888888886544555544444444444
       777777777777777777444444444444477 7         456655445555555565444444568888888886556666655456665555555444444444444
        77777777777777777744444444444777 7          46666544455554458865446888888888844444777777756555555555444444444444
         7777777777777777744444444444777 77           468665555554468888888888888886444444777777756555555555444444444444
         7777777777777777774444444444777  7            48888655544588888888888888864444444747777756555555555444444444444
          777777777777777777444444444777  7             5686445555688888888888888577777774744477756555555555444444444444
           77777777777777777444444444777  7              77       746888888888886477777774774444466555555555444444444444
           777777777777777777444444477777 7                          488888888888865777774777777765555555555444444444444
            77777777777777774444444477777 7                           48888888888888847777 77777765555555554444444444444
            77777777777777774444444477777 7                            76888888888888864    7777765555555555444444444444
             7777777777777774444444477777                                 4455588888888857    77765555555555544444444444
              777777777777777444444477777777                                    7568888886777777745555555555444444444444
              7777777777777744444444777777777777777                                7468886       75555555555544444444444
               77777777777774444444447777777777777777      77                        68885777    75555555555544444444444
                7777777777774444444444447777777777777777777777                      788885777    45555555555555444444444
                7777777777774444444444477777777777777777777777777777777777       777488885777    45555555555554444444444
                 7777777777444444444477777777777777777777777777777777777777777777777588885777777745555555555554444444444
                 7777777777444444477777777777777777777777777777777777777777777777777488884444777745555555555555444444444
                  777777774444447777777777777777777777777777777777777777777777777777768884444777745555555555555444444444
                   77777774447777777777777777777777777777777777777777777777777777777758884444444456666666555555544444444
                   77777744777777777777777777777777777777777777777777777777777777777748885444555666666666665555544444444
                    7777477777777777777777777777777777777777777777777777777777777777776665444455566666666665555554444444
                 7  7777777777777777777777777777777777777777777777777777777777777777774445555564465566666655555554444444
               77777 777777777777777777777777777777777777777777777777777777777777777774445544564555566666655555554444444
              7777777777777777777   777777777777777777777777777777777777777777777777777444444555565466666655555555444444
             77777777777777           7777777777777777777777777777777777777777777777777777774455565688886665555555554444
