77744777777777777777777444444444444477777777777777                                      7777777    455555555555555444444
777777777777777777777774444444444444777777777777777                                     7777777    455555555555555444444
777777777777777777777774444444444444477777777777777                                    77777777    455555555555554444444
7777777777777777777777444444444444444777777777777777                                   77777777    455555555555554444444
77777777777777777777777444444444444447777777777777777                                  77777777    455555555555444444444
7777777777777777777777444444444444444477777777777777777                               777777777    455555555555544444444
 7777777777777777777774444444444444444777777777777777777                             7777777777    455555555555544444444
 7777777777777777777774444444444444444777777777777777777               777          77777777777    455555555555444444444
  777777777777777777777444444444444444777777777777777777             77777777777   777777777777    555555555554444444444
   777777777777777777774444444444444447777777777777777777         77777777777777777777777777777    555555555554444444444
   7777777777777777777744444444444444447777777777777777777        77777777777777777777777777777  77555555555554444444444
    77777777777777777774444444444444444777777777777777777777     7777777777777777777777777777777777555555555544444444444
    777777777777777777774444444444444447777777         74557              77777     755555447777774555555555544444444444
     77777777777777777744444444444444447 77            7454557       777777777777774888888888865446555555555544444444444
      7777777777777777774444444444444447 7              45555647     754777777777758888888888888888666554555544444444444
      7777777777777777744444444444444447 7             756555566    7747777777777588888856688888888888554555444444444444
       777777777777777777444444444444477 7             76565555666555555444444446888888844444555568686444555444444444444
       777777777777777774444444444444477 7              7556555555555555555444458888888844444444756555555555444444444444
        77777777777777777444444444444477 7               445665544455555556654468888888844444444456555555555444444444444
         7777777777777777444444444444477777              746666655455555446888888888888844444444456555555555444444444444
         77777777777777777444444444447777 7                7456888655554458888888888888644444444466555555555444444444444
          7777777777777777744444444447777 7                   5888665544468888888888888474744444466555555555444444444444
           777777777777777744444444447777 7                    586477444458888888888888655777744466555555555444444444444
           777777777777777444444444447777 7                     7          468888888888888854777765555555555444444444444
            77777777777777744444444447777 7                                  5888888888888888647765555555555444444444444
            77777777777777744444444447777 7                                   468888888888888888565555555555544444444444
             7777777777777744444444447777                                       7455555688888888885555555555544444444444
              777777777777744444444447777777                                            74568888886555555555544444444444
              7777777777777444444444477777777777777777                                      5888865555555555554444444444
               777777777777444444444477777777777777777777777777                      77777768888645555555555555444444444
                77777777777444444444444477777777777777777777777                  777777777688886745555555555555444444444
                77777777777444444444444477777777777777777777777777777777777777777777777775888867 45555555555555444444444
                 7777777777444444444477777777777777777777777777777777777777777777777777748888677745555555555555444444444
                 7777777774444444447777777777777777777777777777777777777777777777777777758886777745555555555555444444444
                  777777774444447777777777777777777777777777777777777777777777777777777488864777745566655555555544444444
                   77777744444777777777777777777777777777777777777777777777777777777777456844444456666666655555544444444
                   77777444777777777777777777777777777777777777777777777777777777777774445544555666666666665555544444444
                    7777477777777777777777777777777777777777777777777777777777777777774444555555566666666665555554444444
               777  7774777777777777777777777777777777777777777777777777777777777777777444444565465566666665555555444444
             77777777777777777777777777777777777777777777777777777777777777777777777777777444555565566666655555555444444
          7 777777777777777777777777777777777777777777777777777777777777777777777777777777444555565466666655555555544444
          7777777777777777777       777777777777777777777777777777777777777777777777777777774455566688886665555555554444
