77744777777777777777777744444444444777777777777                                           77777    455555555555554444444
777777777777777777777777444444444444777777777777                                         777777    455555555555554444444
7777777777777777777777774444444444447777777777777                                        777777    455555555555554444444
7777777777777777777777774444444444447777777777777                                        777777    455555555555554444444
77777777777777777777777744444444444447777777777777                                      7777777    455555555555444444444
77777777777777777777777444444444444447777777777777                                      7777777    455555555555444444444
 7777777777777777777777444444444444447777777777777                                      7777777    455555555555544444444
 7777777777777777777777744444444444447777777777777                                      7777777    455555555555444444444
  77777777777777777777774444444444444777777777777                   77777      77777     77777     555555555554444444444
   7777777777777777777777444444444444777777777777                  777777777777777777   777777     555555555554444444444
   7777777777777777777777444444444444477777777777                777777777777777777777777777777   7555555555554444444444
    7777777777777777777744444444444444777777777777447           77777777777777777777777777777777777555555555554444444444
    7777777777777777777774444444444444777777     744547            77777777                 7777774555555555544444444444
     77777777777777777777444444444444477         44544564         777747777777777777444777777777746555555555544444444444
      7777777777777777777444444444444477 7       755555566         7775477   7777756888888888665556666554555544444444444
      7777777777777777777744444444444777 7        5565556654444444777747777777456888888888888888888886554555544444444444
       777777777777777777774444444444777 7        7565555555555555544444444446888888888668888888888886544555544444444444
        77777777777777777774444444444777 7         445655544455555556544444588888888864444444447756655555555544444444444
        77777777777777777777444444444777 7          46666554455554456886656888888888644444477777756555555555444444444444
         7777777777777777777444444447777             7568886555554458888888888888886444444444777756555555555444444444444
         7777777777777777777744444447777                5888665544468888888888888864444444444447756555555555444444444444
          777777777777777777744444447777                 588544455588888888888888577777474744444466555555555444444444444
           77777777777777777744444447777                  47       74688888888888657777774744444466555555555444444444444
           77777777777777777744444447777  7                           48888888888888577774777774466555555555544444444444
            7777777777777777444444447777                               4888888888888884777 77777765555555555454444444444
            77777777777777774444444477777                               75888888888888864    777765555555555544444444444
             7777777777777777444444477777                                  777456888888885    77765555555555554444444444
              77777777777777744444447777777                                      746888888577777745555555555554444444444
              777777777777774444444477777777777                                      488884      75555555555554444444444
               777777777777744444444777777777777777                                  48888777    75555555555555444444444
                777777777777444444444447777777777777777                             768888777    45555555555555444444444
                77777777777744444444444777777777777777777777777777777777           7788888777    45555555555555544444444
                 7777777777444444444477777777777777777777777777777777777777777777777788886777777745555555555555444444444
                  777777777444444477777777777777777777777777777777777777777777777777768885444777745555555555555544444444
                  777777777444477777777777777777777777777777777777777777777777777777758885444777445565655555555544444444
                   77777774447777777777777777777777777777777777777777777777777777777748885444444456666666655555554444444
                   77777744777777777777777777777777777777777777777777777777777777777748885444555666666666665555555444444
                    7777477777777777777777777777777777777777777777777777777777777777775565544555566666666665555555444444
                     777777777777777777777777777777777777777777777777777777777777777774445555564565566666655555555544444
                 777 777777777777777777777777777777777777777777777777777777777777777774455444554555566666655555555544444
               777777777777777        7777777777777777777    77777777777777777777777777477444555565466666655555555544444
              77777777777                777777777777        77777777777777777777777777777744455566688886665555555554444
