77744777777777777777777444444444444477777777777777                                       777777    455555555555554444444
777777777777777777777774444444444444777777777777777                                     7777777    455555555555554444444
777777777777777777777774444444444444477777777777777                                     7777777    455555555555554444444
7777777777777777777777444444444444444777777777777777                                   77777777    455555555555544444444
77777777777777777777777444444444444447777777777777777                                  77777777    455555555555444444444
7777777777777777777777444444444444444477777777777777777                               777777777    455555555555444444444
 7777777777777777777774444444444444444777777777777777777                              777777777    455555555554444444444
 7777777777777777777774444444444444444777777777777777777                     7777    7777777777    455555555554444444444
  777777777777777777777444444444444444777777777777777777             7777777777777  77777777777    555555555554444444444
   777777777777777777774444444444444447777777777777777777           777777777777777777777777777    555555555544444444444
   7777777777777777777744444444444444447777777777777777777        77777777777777777777777777777  77555555555544444444444
    77777777777777777774444444444444444777777777777777777777      777777777777777777777777777777777555555555544444444444
    777777777777777777744444444444444447777777           7454               7777    755555447777774555555555544444444444
     77777777777777777744444444444444447 77              445557       77777777777774688888888865446555555555444444444444
      7777777777777777774444444444444447 7               45555547     54 77777777748888888888888888666554555544444444444
      7777777777777777774444444444444447 7               665555567   777777777777468888865688888888886554555444444444444
       777777777777777774444444444444477 7               656555566655555544444444688888854444555566686444455444444444444
       777777777777777777444444444444477 7                55655555555555565544445888888884444444456555555554444444444444
        7777777777777777744444444444447777                44566555445555555665446888888885444444456555555554444444444444
         7777777777777777444444444444477777               74666665544555544588888888888885444444456555555555444444444444
         7777777777777777744444444444777777                  45688865555474688888888888864444444466555555554444444444444
          7777777777777777744444444447777 7                    488866554445888888888888854744444466555555555444444444444
           777777777777777744444444447777 7                     58644444446888888888888865477744466555555555444444444444
           777777777777777744444444447777 7                      7         756888888888888886477765555555555444444444444
            77777777777777744444444447777 7                                   588888888888888885765555555555444444444444
            77777777777777744444444447777 7                                    46888888888888888886556555555544444444444
             7777777777777744444444447777                                        456666668888888888656555555554444444444
              777777777777744444444447777777                                             7456888888855555555554444444444
              77777777777774444444444777777777777777777    777                               488888655555555554444444444
               777777777777444444444477777777777777777777777777                      77777746888886555555555555444444444
                77777777777444444444444477777777777777777777777                  777777777788888855555555555555444444444
                77777777777444444444444477777777777777777777777777777777777777777777777777688886745555555555555444444444
                 7777777777444444444477777777777777777777777777777777777777777777777777775888857745555555555555444444444
                 7777777774444444447777777777777777777777777777777777777777777777777777758888477745555555555555444444444
                  777777774444447777777777777777777777777777777777777777777777777777777768884777745566655555555544444444
                   77777744444777777777777777777777777777777777777777777777777777777774445654444456666666655555554444444
                   77777444777777777777777777777777777777777777777777777777777777777774444554555666666666665555554444444
                    7777477777777777777777777777777777777777777777777777777777777777774444455565566666666665555554444444
               777  7774777777777777777777777777777777777777777777777777777777777777777774444565465566666665555555444444
              7777777777777777777777777777777777777777777777777777777777777777777777777777444555565566666655555555444444
            777777777777777777777777777777777777777777777777777777777777777777777777777777444555565466666655555555544444
          7 77777777777777777       777777777777777777777777777777777777777777777777777777744455566688886665555555554444
