77744777777777777777777744444444444777777777777                                           77777    755555555555444444444
7777777777777777777777774444444444447777777777777                                        777777    455555555555444444444
77777777777777777777777774444444444477777777777777                                       777777    455555555555444444444
77777777777777777777777744444444444477777777777777                                        77777    455555555555444444444
777777777777777777777777444444444444477777777777777                                     7777777    455555555554444444444
7777777777777777777777744444444444444777777777777777                                    7777777    455555555544444444444
 7777777777777777777774444444444444447777777777777777                                    777777    455555555544444444444
 77777777777777777777774444444444444477777777777777777                                   77777     455555555544444444444
  77777777777777777777744444444444444777777777777777777        77777777777                7777     555555555444444444444
   77777777777777777777744444444444447777777777777777777        7777777777777              777     555555555444444444444
   777777777777777777774444444444444447777777777777777777 77   777777777777777           77777     555555555444444444444
    777777777777777777774444444444444477777744447777777777777  77777777777777777        7777777   7555555555444444444444
    7777777777777777777744444444444444777777745554              7777777777                    77777555555555444444444444
     77777777777777777774444444444444477 7  74555557           7777777777777777    7777777777777746555555554444444444444
      7777777777777777774444444444444477 7   465555554          7777775477       774554444444477746555554454444444444444
      7777777777777777774444444444444477 7    56655556554555557777777747777744566888888888888888888886554454444444444444
       777777777777777777444444444444477 7    55665555555555555554444444455888888888888888888888888886544454444444444444
        77777777777777777444444444444477 7     4556655444555554556665545688888888888865556666655566665555554444444444444
        77777777777777777744444444444477 7     7456666555555554468888888888888888885444774777777756555555544444444444444
         7777777777777777744444444444777 77     758688888555544488888888888888888644444474777777756555555544444444444444
         77777777777777777444444444447777 7       7446888665555588888888888888654444447774777777756555555554444444444444
          7777777777777777744444444447777 7           788644444458888888888886777777777774777777755555555544444444444444
           777777777777777774444444447777 7            65         468888888888857777777774777777755555555554444444444444
           777777777777777774444444447777 7                        488888888888884  777777777777755555555554444444444444
            77777777777777774444444477777 7                         7588888888888867    77 77777765555555554444444444444
            77777777777777744444444477777 7                            77446888888867           755555555554444444444444
             7777777777777744444444477777                                   7588888887           65555555555444444444444
              777777777777774444444447777777                                   7588885   777    745555555555444444444444
              77777777777777444444444777777777777777                             58885           75555555555444444444444
               777777777777744444444477777777777777777     77                    588867777777    75555555555544444444444
                7777777777744444444444447777777777777777777777                   588884777777    45555555555544444444444
                7777777777774444444444447777777777777777777777777777777777       788885777777    45555555555554444444444
                 7777777777444444444477777777777777777777777777777777777777777777758888777777777745555555555555444444444
                 7777777777444444477777777777777777777777777777777777777777777777776888544444777745555555555555444444444
                  777777774444447777777777777777777777777777777777777777777777777774888674444777445555555555555554444444
                   77777774447777777777777777777777777777777777777777777777777777777488854444444456666666655555554444444
                   77777744777777777777777777777777777777777777777777777777777777777756664444455666666666665555555444444
                    7777477777777777777777777777777777777777777777777777777777777777774455555555566666666665555555444444
                 7  7777777777777777777777777777777777777777777777777777777777777777774455554564565566666665555555544444
               77777 777777777777777777777777777777777777777777777777777777777777777777444444555565566666655555555444444
              777777777777777777777 777777777777777777777777777777777777777777777777777777444555565466666655555555544444
             77777777777777           7777777777777777777777777777777777777777777777777777744455566688886665555555554444
