777447777777777777777777744444444447777777777777                                          77777    455555555555555554444
7777777777777777777777777444444444447777777777777                                        777777    455555555555555554444
7777777777777777777777777444444444447777777777777                                        777777    455555555555555544444
77777777777777777777777774444444444477777777777777                                       777777    455555555555555544444
777777777777777777777777444444444444777777777777777                                      777777    455555555555555544444
777777777777777777777777444444444444477777777777777                                      777777    455555555555555554444
 77777777777777777777777444444444444477777777777777                                     7777777    455555555555555455444
 777777777777777777777774444444444444777777777777777                                   77777777    555555555555555444444
  77777777777777777777777444444444444777777777777777                         77777   7777777777    555555555555555444444
   7777777777777777777777444444444444777777777777777 7                7777777777777777777777777   7555555555555554444444
   7777777777777777777777444444444444777777777777777               77777777777777777777777777777 77555555555555555444444
    7777777777777777777774444444444444777777777777777              77777777777777777777777777777777555555555555545444444
    7777777777777777777777444444444444777777             7444               77777   755555447777774565555555555554444444
     77777777777777777777744444444444777                 7744557      77777777777774888888888865446566555555555554444444
      7777777777777777777744444444444777 7               44554564     54   777777748888888888888888666554555554444444444
      7777777777777777777744444444444777 7               655555664    77777777777488888856688888888886554555555444444444
       777777777777777777774444444444777 7               556555566555555547444444888888854445555568686544555555444444444
       777777777777777777774444444444777 7                45655556655555564444446888888864444444456655555555554444444444
        77777777777777777774444444447777 7                44565554455555555654448888888884444444456655555555554444444444
         7777777777777777777444444447777                   4658655444555544688888888888865444444456655555555544444444444
         7777777777777777777744444447777                     45886655555544888888888888864444444466655555555544444444444
          777777777777777777744444447777                       688865545445888888888888854744444466655555555554444444444
           77777777777777777744444447777                       588544445546888888888888854777444466655555555554444444444
           77777777777777777744444447777  7                     7          758888888888888657777466655555555554444444444
            7777777777777777744444447777                                      588888888888888577766665555555554444444444
            77777777777777777444444477777                                      48888888888888886465565555555554444444444
             7777777777777777444444477777                                        568888888888888885556555555555444444444
              77777777777777744444447777777                                            745888888888556555555555544444444
              777777777777777444444477777777777                                            45688888655555555555544444444
               777777777777774444444777777777777777                                       7 4688888555555555555544444444
                77777777777774444444444777777777777777                                7777758888865555555555555544444444
                777777777777444444444447777777777777777777777777777777777            77777588888645555555555555544444444
                 7777777777744444444777777777777777777777777777777777777777777777777777774888885745555555555555444444444
                  777777777444444477777777777777777777777777777777777777777777777777777776888847745555555555555444444444
                  777777777444477777777777777777777777777777777777777777777777777777777758886477745556555555555544444444
                   77777774447777777777777777777777777777777777777777777777777777777777468884444456666666555555544444444
                   77777744777777777777777777777777777777777777777777777777777777777777445654555666666666665555544444444
                    7777477777777777777777777777777777777777777777777777777777777777774444554555566666666665555554444444
                    7777777777777777777777777777777777777777777777777777777777777777777444455554455566666655555554444444
               77777 777777777777777777777777777777777777777777777777777777777777777777777444564555566666655555554444444
               7777777777777777       777777777777777777      7777777777777777777777777777777555555466666655555554444444
              777777777777                 777 77777          7777777777777777777777777777777455565688886655555555544444
