77744777777777777777777744444444444777777777                                               7777    455555555555544444444
7777777777777777777777774444444444477777777777                                            77777    455555555555444444444
777777777777777777777777744444444444777777777777                                         777777    455555555555544444444
7777777777777777777777774444444444447777777777777                                        777777    455555555555444444444
7777777777777777777777774444444444447777777777777                                        777777    455555555555444444444
77777777777777777777777744444444444477777777777777                                      7777777    455555555555444444444
 7777777777777777777777444444444444477777777777777                                      7777777    455555555554444444444
 7777777777777777777777744444444444477777777777777                                       777777    455555555544444444444
  77777777777777777777774444444444444777777777777                                        77777     555555555544444444444
   77777777777777777777744444444444447777777777777              77 77777777              77777     555555555544444444444
   7777777777777777777744444444444444777777777777              77777777777777            77777     555555555544444444444
    7777777777777777777744444444444447777777444777777     777  7777777777777777       777777777  77555555555444444444444
    7777777777777777777744444444444447777777745557              777777777                    777777555555555544444444444
     77777777777777777774444444444444777    44555547           777777777777777777777777777777777746555555555544444444444
      7777777777777777774444444444444777 7   565555564         77777 75477      7777777777777777746565554555544444444444
      7777777777777777774444444444444477 7   456655555555555554777777747777745666888888888888888888886554555544444444444
       777777777777777777444444444444777 7    65665555445555555554444444466888888888888888888888888886544555544444444444
        77777777777777777744444444444777 7    74556655444555544468866556888888888888886666888665566665555555544444444444
        77777777777777777774444444444777 7     7556666665555547488888888888888888886444474777777756555555555444444444444
         7777777777777777774444444444777        746688888655544588888888888888888544444444777777756555555555444444444444
         7777777777777777777444444447777  7        775888666555688888888888888654444777744777777756555555555444444444444
          777777777777777777444444447777  7            685   77745888888888884777777777774777777755555555555444444444444
           77777777777777777444444447777  7            77         788888888888577777777774777777755555555555444444444444
           77777777777777777744444447777  7                        48888888888867  7777774777777765555555555544444444444
            77777777777777774444444477777 7                         75688888888867   77777 77777765555555555444444444444
            77777777777777774444444477777 7                             74688888867           77765555555555544444444444
             7777777777777777444444477777                                  46888886            7765555555555554444444444
              77777777777777744444447777777                                  4688884     7777 77745555555555554444444444
              7777777777777744444444777777777777                               58886            745555555555554444444444
               77777777777774444444477777777777777777                          78888777777777   745555555555555444444444
                7777777777774444444444447777777777777777   77                   6888677777777   745555555555555544444444
                777777777777444444444444777777777777777777777777777777777      758888477777777  745555555555555544444444
                 7777777777444444444477777777777777777777777777777777777777777774688887777777777745555555555555544444444
                  777777777444444477777777777777777777777777777777777777777777777468885444444777745555555555555544444444
                  777777774444447777777777777777777777777777777777777777777777777748888774444477445655655555555554444444
                   77777774447777777777777777777777777777777777777777777777777777774888674444444456666666655555554444444
                   77777744777777777777777777777777777777777777777777777777777777777488654444455666666666665555555444444
                    7777477777777777777777777777777777777777777777777777777777777777744455554555566666666665555555444444
                    7777777777777777777777777777777777777777777777777777777777777777774445555564565566666665555555544444
                7777 777777777777777777777777777777777777777777777777777777777777777774454444555565566666665555555554444
               7777777777777777     777777777777777777777777777777777777777777777777777777444555565466666665555555554444
              777777777777             777777777777777 77  7777777777777777777777777777777744455566688886665555555555444
