77744777777777777777777744444444444777777777777777                                       777777    455555555555555554444
777777777777777777777774444444444444777777777777777                                      777777    455555555555555544444
777777777777777777777774444444444444777777777777777                                     7777777    455555555555555444444
7777777777777777777777774444444444444777777777777777                                    7777777    455555555555555444444
7777777777777777777777744444444444444777777777777777                                    7777777    455555555555554444444
777777777777777777777774444444444444477777777777777777                                 77777777    455555555555544444444
 777777777777777777777444444444444444477777777777777777                                77777777    455555555555554444444
 7777777777777777777777444444444444444777777777777777777                         77777777777777    455555555555544444444
  777777777777777777777444444444444444777777777777777777                       7777777777777777    555555555555544444444
   77777777777777777777744444444444444777777777777777777                   77777777777777777777  77555555555555544444444
   777777777777777777774444444444444447777777777777777777          77777777777777777777777777777777555555555554444444444
    777777777777777777774444444444444477777777777777777777        777777777777777777777777777777774555555555554444444444
    777777777777777777774444444444444447777777                7447              7777756666554777774555555555554444444444
     77777777777777777774444444444444477 77                   744557  7    777777777688888888886546566555555554444444444
      7777777777777777774444444444444447 7                   74455564757       77774888888888888888666554555544444444444
      7777777777777777774444444444444477 7                   5565555667   7777777775888888688888888888554555544444444444
       777777777777777777444444444444477 7                   46565555654444444444446888888644555568686544555544444444444
       777777777777777777444444444444477 7                    4565555666555555544446888888864444456665555555544444444444
        77777777777777777744444444444777 7                    4456655545555555556446888888885444456665555555444444444444
         7777777777777777744444444444777 77                    756665544455555455868888888886444466655555555444444444444
         77777777777777777444444444447777 7                      4588665445555446888888888888444466655555555444444444444
          7777777777777777774444444447777 7                        48888555554458888888888888444466655555555444444444444
           777777777777777774444444447777 7                        48885555554468888888888888474466665555555544444444444
           777777777777777774444444477777 7                         74      77746888888888888865465565555555544444444444
            77777777777777774444444447777 7                                       56888888888888886566555555554444444444
            77777777777777774444444447777 7                                        7688888888888888866655555544444444444
             7777777777777774444444447777                                            46888888888888888665555554444444444
              777777777777774444444447777777                                           777444688888888866555555444444444
              777777777777774444444447777777777777777                                         75688888886555554444444444
               7777777777777444444444777777777777777777    777                         7        468888886555555444444444
                7777777777774444444444447777777777777777777777                       77777777 58888888865555555444444444
                7777777777774444444444447777777777777777777777777777777777     77777777777777688888866655555555444444444
                 7777777777444444444477777777777777777777777777777777777777777777777777777748888886655555555555444444444
                 7777777777444444477777777777777777777777777777777777777777777777777777774688886545555555555555444444444
                  777777774444447777777777777777777777777777777777777777777777777777777775888647745566655555555544444444
                   77777774444777777777777777777777777777777777777777777777777777777777444565444456666866655555544444444
                   77777744777777777777777777777777777777777777777777777777777777777777444454555666666666665555544444444
                    7777477777777777777777777777777777777777777777777777777777777777777744446555566666666665555554444444
               777  7777777777777777777777777777777777777777777777777777777777777777777777444665465566666665555554444444
              7777777777777777777777777777777777777777777777777777777777777777777777777777744555565566666655555554444444
            777777777777777777777777777777777777777777777777777777777777777777777777777777744555565466666655555555444444
          7 77777777777777777        77777777777777777777777777777777777777777777777777777777455565688886665555555554444
