77744777777777777777777774444444444777777777777                                          777777    455555555555555554444
7777777777777777777777774444444444447777777777777                                        777777    455555555555555444444
7777777777777777777777777444444444447777777777777                                        777777    455555555555554444444
77777777777777777777777744444444444477777777777777                                      7777777    455555555555554444444
77777777777777777777777744444444444477777777777777                                      7777777    455555555555544444444
777777777777777777777774444444444444477777777777777                                     7777777    455555555555544444444
 77777777777777777777777444444444444477777777777777                                     7777777    455555555555544444444
 7777777777777777777777744444444444447777777777777                   777               77777777    455555555555544444444
  77777777777777777777774444444444444777777777777                   77777     77777777 77777777    555555555555444444444
   7777777777777777777774444444444444777777777777    7            7777777777777777777777777777     555555555555544444444
   7777777777777777777774444444444444477777777777                777777777777777777777777777777   7555555555554444444444
    77777777777777777777444444444444447777777777774447          77777777777777777777777777777777777555555555554444444444
    7777777777777777777774444444444444777777     7445554            77777777                7777774555555555544444444444
     77777777777777777777444444444444477         445445657        777747777777777777744777777777746565555555554444444444
      7777777777777777777444444444444477 7        555555664        77754777  7777756888888888665556666554555544444444444
      7777777777777777777444444444444777 7        4565555665445554777747777777456888888888888888888886554555544444444444
       777777777777777777774444444444777 7         465555555555555544444444446888888888668888888888886544555554444444444
        77777777777777777774444444444777 7         445655544455555566444444688888888864444444447756655555555554444444444
        77777777777777777774444444444777 7          76666554455554456865558888888888644444477777756555555555544444444444
         7777777777777777777444444447777              758886555554458888888888888886444444447777756555555555444444444444
         7777777777777777777744444447777                6888665544488888888888888854444444444477756555555555444444444444
          777777777777777777744444447777                 588474455588888888888888477777474744444466555555555444444444444
           77777777777777777744444447777                  7        74688888888886477777774774444466555555555554444444444
           77777777777777777744444447777                              58888888888885777774777774466555555555554444444444
            7777777777777777744444447777                               6888888888888857 77 77777766555555555454444444444
            77777777777777777444444477777                               4688888888888864    7777765555555555544444444444
             7777777777777777444444477777                                 7744568888888867    77765555555555554444444444
              77777777777777744444447777777                                     7468888886777777745555555555554444444444
              777777777777777444444477777777777                                    74688887      75555555555554444444444
               777777777777744444444777777777777777                                  48888777    75555555555555444444444
                777777777777444444444447777777777777777                             768886777    45555555555555444444444
                77777777777744444444444777777777777777777777777777777777            788886777    45555555555555544444444
                 7777777777744444444477777777777777777777777777777777777777777777777488886777777745555555555555444444444
                  777777777444444477777777777777777777777777777777777777777777777777488885444777745555555555555544444444
                  777777777444477777777777777777777777777777777777777777777777777777768885444777745566655555555544444444
                   77777774447777777777777777777777777777777777777777777777777777777758884444444456666666655555554444444
                   77777744777777777777777777777777777777777777777777777777777777777748885444555666666666665555554444444
                    7777477777777777777777777777777777777777777777777777777777777777776665444555566666666665555554444444
                     777777777777777777777777777777777777777777777777777777777777777774455555564565566666655555555544444
                7777 777777777777777777777777777777777777777777777777777777777777777774445554564555566666655555555544444
               777777777777777       7777777777777777777      7777777777777777777777777444444555565466666655555555544444
              77777777777                7 777777777          7777777777777777777777777777774455565688886665555555554444
