777447777777777777777777744444444447777777777777                                           7777    455555555555555554444
7777777777777777777777774444444444447777777777777                                        777777    455555555555555544444
7777777777777777777777777444444444447777777777777                                        777777    455555555555555444444
77777777777777777777777744444444444477777777777777                                       777777    455555555555555544444
777777777777777777777777444444444444777777777777777                                      777777    455555555555554444444
7777777777777777777777744444444444444777777777777777                                     777777    455555555555554444444
 777777777777777777777744444444444444777777777777777                                    7777777    455555555555554444444
 7777777777777777777777444444444444447777777777777777                                   7777777    455555555555555444444
  77777777777777777777774444444444444777777777777777777           7777777               7777777    555555555555544444444
   7777777777777777777774444444444444777777777777777777         7777777777777777        777777     555555555555544444444
   777777777777777777774444444444444447777777777777777777 7     777777777777777777777777777777     555555555555544444444
    777777777777777777774444444444444477777777744777777777777  77777777777777777777777777777777  77555555555555444444444
    7777777777777777777744444444444444777777 774454557           7777777777                77777774555555555554444444444
     77777777777777777774444444444444477 7    4454566647        77777777777777777777777777777777746555555555554444444444
      7777777777777777774444444444444477 7    7555556666        77777754777777777774555444454444746565554555544444444444
      7777777777777777774444444444444477 7     7565556665445555777777747777774566888888888888888888886554555544444444444
       777777777777777777444444444444477 7      465555555555555555444444445688888888888888888888888886544555544444444444
       777777777777777777444444444444477 7      745665544555555555886654688888888888865556666655556665555555544444444444
        77777777777777777744444444444777 7       75666655455555448888888888888888886444474777777756555555555444444444444
         7777777777777777744444444444777 7         756888655554458888888888888888654444444777777756555555555444444444444
         7777777777777777774444444444777  7          5888666555568888888888888865444447774777777756555555555444444444444
          777777777777777777444444447777  7           4885   77775688888888888477777777774777777755555555555444444444444
           77777777777777777444444447777  7            7           58888888888857777777774777777755555555555444444444444
           777777777777777774444444477777 7                         68888888888867   77774777777765555555555444444444444
            77777777777777774444444477777 7                          58888888888884    777 77777765555555554444444444444
            77777777777777774444444477777 7                            7455888888885          77765555555555544444444444
             7777777777777777444444477777                                   588888884           765555555555544444444444
              777777777777774444444477777777                                  46888887   777    745555555555444444444444
              77777777777777444444447777777777777                               788884           75555555555544444444444
               777777777777744444444477777777777777777                           588857777777    75555555555544444444444
                7777777777774444444444447777777777777777   777                   588867777777    45555555555545444444444
                7777777777774444444444477777777777777777777777777777777777       588884777777    45555555555554444444444
                 7777777777444444444477777777777777777777777777777777777777777777488886777777777745555555555555444444444
                  777777777444444477777777777777777777777777777777777777777777777758888444444777745555555555555444444444
                  777777774444447777777777777777777777777777777777777777777777777775888574444777745555555555555544444444
                   77777774447777777777777777777777777777777777777777777777777777777688877444444456666666555555544444444
                   77777744777777777777777777777777777777777777777777777777777777777488867444555666666666665555544444444
                    7777477777777777777777777777777777777777777777777777777777777777755555444455566666666665555554444444
                 7  7777777777777777777777777777777777777777777777777777777777777777774445555554455566666655555554444444
               77777 777777777777777777777777777777777777777777777777777777777777777774455544564555566666655555554444444
              7777777777777777777   777777777777777777777777777777777777777777777777777447444555565466666655555554444444
             777777777777777          77777777777777777777 7777777777777777777777777777777777455565688886655555555544444
