7774477777777777777777774444444444477777777777777                                        777777    455555555555555554444
77777777777777777777777444444444444477777777777777                                      7777777    455555555555555444444
777777777777777777777774444444444444777777777777777                                     7777777    455555555555554444444
777777777777777777777744444444444444477777777777777                                    77777777    455555555555554444444
7777777777777777777777744444444444444777777777777777                                   77777777    455555555555544444444
777777777777777777777774444444444444477777777777777777                                777777777    455555555555544444444
 777777777777777777777444444444444444477777777777777777                 7            7777777777    455555555555544444444
 777777777777777777777744444444444444477777777777777777                77777777    777777777777    455555555555544444444
  777777777777777777777444444444444444777777777777777777             777777777777 7777777777777    555555555555444444444
   77777777777777777777444444444444444777777777777777777           7777777777777777777777777777    555555555555444444444
   777777777777777777774444444444444447777777777777777777         77777777777777777777777777777   7555555555554444444444
    77777777777777777777444444444444444777777777777777774447     7777777777777777777777777777777777555555555554444444444
    777777777777777777774444444444444447777777         7445547          777777777    77777777777774555555555544444444444
     77777777777777777774444444444444447 77            74554664      777777777777774688888866554746555555555544444444444
      7777777777777777774444444444444447 7             755555665     754777777777758888888888888668666554555544444444444
      7777777777777777774444444444444477 7             75655556647774447777777774688888868888888888886554555544444444444
       777777777777777777444444444444447 7              4565555665555555444444446888888544555655568886444555444444444444
       777777777777777777444444444444477 7              7456555455555555554444468888888544444444756555555555444444444444
        77777777777777777444444444444477 7               466665544555555556544688888888544444444456555555554444444444444
         7777777777777777744444444444777777               75686654555554468888888888888444444444456555555555444444444444
         77777777777777777444444444447777 7                  68886555544588888888888886444444444466555555555444444444444
          7777777777777777774444444447777 7                  58886655544888888888888884774744444466555555555444444444444
           777777777777777774444444447777 7                   557  77744688888888888864474777744466555555555444444444444
           777777777777777744444444447777 7                              75888888888888886777777466555555555444444444444
            77777777777777744444444447777 7                                768888888888888864777765555555555444444444444
            77777777777777744444444447777 7                                 76888888888888888857765555555555544444444444
             7777777777777774444444447777                                     756888888888888888465555555555554444444444
              777777777777744444444447777777                                          7568888888855555555555544444444444
              777777777777774444444447777777777777777                                      48888675555555555554444444444
               777777777777744444444477777777777777777777  7777                       7777588886775555555555555444444444
                77777777777444444444444477777777777777777777777                   77777775888887 45555555555555444444444
                77777777777444444444444477777777777777777777777777777777777 7777777777777888884  45555555555555444444444
                 7777777777444444444477777777777777777777777777777777777777777777777777758888477745555555555555444444444
                 7777777777444444477777777777777777777777777777777777777777777777777777468885777745555555555555444444444
                  777777774444447777777777777777777777777777777777777777777777777777777488864777745566655555555544444444
                   77777744444777777777777777777777777777777777777777777777777777777777688844444456666666655555544444444
                   77777744777777777777777777777777777777777777777777777777777777777774446644555666666666665555544444444
                    7777477777777777777777777777777777777777777777777777777777777777774445555555566666666665555554444444
               777  7777777777777777777777777777777777777777777777777777777777777777774454445564465566666655555554444444
              777777 777777777777777777777777777777777777777777777777777777777777777777777444555565566666655555555444444
            777777777777777777777777777777777777777777777777777777777777777777777777777777744555565466666655555555544444
            7777777777777777         77777777777777777777777777777777777777777777777777777774455565688886665555555554444
