777447777777777777777777444444444447777777777                                             77777    455555555555544444444
77777777777777777777777744444444444777777777777                                          777777    455555555555444444444
7777777777777777777777777444444444447777777777777                                        777777    455555555555544444444
77777777777777777777777744444444444477777777777777                                       777777    455555555555444444444
77777777777777777777777744444444444477777777777777                                      7777777    455555555554444444444
7777777777777777777777744444444444444777777777777777                                    7777777    455555555555444444444
 777777777777777777777744444444444444777777777777777                                    7777777    455555555554444444444
 777777777777777777777774444444444444777777777777777                                    7777777    455555555544444444444
  77777777777777777777774444444444444777777777777777           7    777777               77777     555555555544444444444
   777777777777777777777444444444444477777777777777777         7777777777777              7777     555555555544444444444
   777777777777777777774444444444444477777777777777777     7   77777777777777             7777     555555555444444444444
    777777777777777777774444444444444477777445547777777777777777777777777777777          77777    7555555555444444444444
    7777777777777777777744444444444444777777455557            777777777777                     7777555555555444444444444
     77777777777777777774444444444444477   755555557          7777777777777777777777777777777777746555555555444444444444
      7777777777777777774444444444444477 7  75655556677 77447 7777777754777    77777777777777777746555554555444444444444
      7777777777777777774444444444444477 7   556555555555555554477777747777745555555555556666666668886554555444444444444
       777777777777777777444444444444477 7   455665554445555555555544444568888888888888888888888888886544455444444444444
        77777777777777777744444444444477 7    74568655544555544588888668888888888888888888888886666665555554444444444444
        77777777777777777744444444444777 7     5586886865555574688888888888888888886654445444477756555555554444444444444
         7777777777777777774444444444777 7      756688886655544888888888888888888544444474777777756555555554444444444444
         7777777777777777774444444444777  7        775886655555888888888888886547777777774777777756555555554444444444444
          777777777777777777444444447777  7           586       76888888888857777777777774777777755555555554444444444444
           77777777777777777444444447777  7            7          5888888888867 7777777774777777755555555554444444444444
           777777777777777774444444477777 7                        5888888888867    777777 77777755555555554444444444444
            77777777777777744444444477777 7                         7456888888887        7   777 55555555554444444444444
            77777777777777774444444477777 7                              58888886                55555555555444444444444
             7777777777777777444444477777                                 75888885               65555555555444444444444
              77777777777777444444447777777                                 7588887      777   7745555555555444444444444
              7777777777777744444444777777777777                              58885              75555555555544444444444
               77777777777774444444447777777777777777                         788884777777777    45555555555544444444444
                777777777777444444444444777777777777777777 77                  68888777777777    45555555555555444444444
                777777777777444444444444777777777777777777777777777777777      48888677777777    45555555555554444444444
                 7777777777444444444477777777777777777777777777777777777777777775888857777777777745555555555555444444444
                  777777777444444477777777777777777777777777777777777777777777777468884444444777745555555555555544444444
                  777777774444447777777777777777777777777777777777777777777777777746888474444777445555555555555554444444
                   77777774447777777777777777777777777777777777777777777777777777774688844444444456666666655555554444444
                   77777744777777777777777777777777777777777777777777777777777777777765555444455666666666665555555444444
                    7777477777777777777777777777777777777777777777777777777777777777774444555555566666666665555555444444
                     777777777777777777777777777777777777777777777777777777777777777774455544564565566666665555555544444
               77777 777777777777777777777777777777777777777777777777777777777777777777777444554565566666655555555544444
              777777777777777777     77777777777777777777777777777777777777777777777777777444555565466666655555555544444
              777777777777            7777777777777777  7  7777777777777777777777777777777774455566688886665555555554444
