7774477777777777777777774444444444477777777777777                                        777777    455555555555555444444
77777777777777777777777444444444444477777777777777                                       777777    455555555555554444444
77777777777777777777777444444444444477777777777777                                      7777777    455555555555554444444
777777777777777777777777444444444444477777777777777                                     7777777    455555555555544444444
7777777777777777777777744444444444444777777777777777                                    7777777    455555555555444444444
77777777777777777777777444444444444447777777777777777                                   7777777    455555555555444444444
 77777777777777777777744444444444444477777777777777777                                  7777777    455555555555544444444
 777777777777777777777744444444444444777777777777777777            7777                 7777777    455555555555444444444
  777777777777777777777444444444444444777777777777777777          7777777    777        777777     555555555554444444444
   777777777777777777774444444444444447777777777777777777        77777777777777777      777777     555555555554444444444
   777777777777777777774444444444444447777777777777777777777    7777777777777777777777777777777    555555555544444444444
    77777777777777777777444444444444447777777777447777777777   777777777777777777777777777777777 77555555555544444444444
    77777777777777777777444444444444447777777  74454              777777777                 7777774555555555544444444444
     77777777777777777774444444444444477 77    74555554          7777777777777777777777777777777746555555555444444444444
      7777777777777777774444444444444477 7     7555555657         77775477   77 7456888866666655456555554555444444444444
      7777777777777777774444444444444447 7      466555566444445477777747777774568888888888888888888886554555444444444444
       777777777777777777444444444444477 7      756655555555555565444444444568888888888688888888888886544555444444444444
       777777777777777777444444444444477 7       75566554455555555655444456888888888854774444444456655555554444444444444
        77777777777777777744444444444477 7        4566665544555544588886688888888886444474777777756555555554444444444444
         7777777777777777774444444444777 77        766886665555544888888888888888864444444777777756555555554444444444444
         7777777777777777774444444444777  7          7488886655445888888888888886444444444777777756555555554444444444444
          777777777777777777444444444777  7            46885455555888888888888867777777774744777756555555554444444444444
           777777777777777774444444447777 7             757        46888888888886577777774777777765555555554444444444444
           777777777777777744444444447777 7                          5888888888888847 7774777777765555555554444444444444
            77777777777777744444444447777 7                           4888888888888864   7 77777765555555554444444444444
            77777777777777774444444477777 7                             4566688888888857      77765555555554444444444444
             7777777777777774444444477777                                     46888888867        65555555555544444444444
              777777777777774444444477777777                                     456888857777   745555555555444444444444
              77777777777777444444444777777777777777                                68884        75555555555544444444444
               777777777777744444444477777777777777777     777                     7888847777    75555555555544444444444
                7777777777774444444444447777777777777777777777                     4888857777    45555555555544444444444
                7777777777774444444444477777777777777777777777777777777777    7   74888857777    45555555555554444444444
                 7777777777444444444477777777777777777777777777777777777777777777774888857777777745555555555554444444444
                 7777777777444444477777777777777777777777777777777777777777777777777588854444777745555555555555444444444
                  777777774444447777777777777777777777777777777777777777777777777777488864444777745555555555555544444444
                   77777774447777777777777777777777777777777777777777777777777777777768884444444456666666555555544444444
                   77777744777777777777777777777777777777777777777777777777777777777758885444455666666666665555544444444
                    7777477777777777777777777777777777777777777777777777777777777777774455544555566666666665555554444444
                 7  7777777777777777777777777777777777777777777777777777777777777777774444555564465566666655555555444444
               77777 777777777777777777777777777777777777777777777777777777777777777774454444555565566666655555555444444
             77777777777777777777  7777777777777777777777777777777777777777777777777777777444555565466666655555555544444
             77777777777777           7777777777777777777777777777777777777777777777777777744455566688886665555555554444
