7774477777777777777777774444444444447777777777777                                        777777    455555555555554444444
7777777777777777777777744444444444447777777777777                                        777777    455555555555544444444
77777777777777777777777444444444444477777777777777                                      7777777    455555555555544444444
777777777777777777777774444444444444477777777777777                                     7777777    455555555555444444444
7777777777777777777777744444444444444777777777777777                                    7777777    455555555555444444444
7777777777777777777777744444444444444777777777777777                                   77777777    455555555555444444444
 77777777777777777777744444444444444477777777777777777                                  7777777    455555555554444444444
 777777777777777777777744444444444444477777777777777777                                 7777777    455555555554444444444
  77777777777777777777744444444444444477777777777777777         77777777777              77777     555555555554444444444
   77777777777777777777744444444444444777777777777777777        777777777777777          77777     555555555554444444444
   777777777777777777774444444444444447777777777777777777777   777777777777777777     77777777     555555555544444444444
    777777777777777777744444444444444477777744547777777777777 777777777777777777777777777777777  77555555555544444444444
    77777777777777777777444444444444447777777454547            777777777777                  777777555555555444444444444
     77777777777777777774444444444444477 7  7555555647         777777777777777777777777777777777746555555555544444444444
      7777777777777777774444444444444447 7   4655556667   777  777777754777  7 77777777777777777746555554555444444444444
      7777777777777777774444444444444477 7    56655566655555554744777747777745666688888888888888888886554555444444444444
       777777777777777777444444444444477 7    75665555555555555555444444466888888888888888888888888886544555444444444444
        77777777777777777444444444444477 7     4556655444555544468886666888888888888886668888665566665555554444444444444
        77777777777777777744444444444777 7     7466666655555544588888888888888888886444474777777756555555554444444444444
         7777777777777777774444444444777 7       75668886555544688888888888888888544444474777777756555555554444444444444
         7777777777777777774444444444777  7         48886665555688888888888888547744777774777777756555555554444444444444
          777777777777777777444444444777  7           585    7 745888888888886777777777774777777755555555554444444444444
           77777777777777777444444444777  7                       768888888888857 77777774777777755555555554444444444444
           777777777777777774444444447777 7                        768888888888867   77777 77777755555555554444444444444
            77777777777777744444444477777 7                          46688888888884      7    77755555555554444444444444
            77777777777777774444444477777 7                               7688888884            755555555554444444444444
             7777777777777774444444477777                                   758888884            65555555555444444444444
              777777777777774444444477777777                                   768885    777    745555555555444444444444
              77777777777777444444444777777777777777                            48886            75555555555444444444444
               777777777777744444444477777777777777777     77                   7888847777777    75555555555544444444444
                7777777777774444444444447777777777777777777777                  7888867777777    45555555555544444444444
                7777777777774444444444477777777777777777777777777777777777       588884777777    45555555555554444444444
                 7777777777444444444477777777777777777777777777777777777777777777768886777777777745555555555554444444444
                 7777777777444444477777777777777777777777777777777777777777777777776888444444777745555555555555444444444
                  777777774444447777777777777777777777777777777777777777777777777774688674444777745555555555555544444444
                   77777774447777777777777777777777777777777777777777777777777777777488854444444456666666555555554444444
                   77777744777777777777777777777777777777777777777777777777777777777755555444455666666666665555554444444
                    7777477777777777777777777777777777777777777777777777777777777777774444555555566666666665555554444444
                    7777777777777777777777777777777777777777777777777777777777777777774555544564465566666655555555444444
               77777 777777777777777777777777777777777777777777777777777777777777777777777444554555566666655555555444444
              7777777777777777777  7777777777777777777777777777777777777777777777777777777444555565466666655555555544444
             77777777777777          77777777777777777777777777777777777777777777777777777774455566688886665555555554444
