7774477777777777777777774444444444477777777777777                                        777777    455555555555544444444
77777777777777777777777444444444444477777777777777                                       777777    455555555555544444444
77777777777777777777777444444444444477777777777777                                      7777777    455555555555544444444
777777777777777777777774444444444444477777777777777                                     7777777    455555555555444444444
7777777777777777777777744444444444444777777777777777                                    7777777    455555555555444444444
77777777777777777777777444444444444444777777777777777                                   7777777    455555555555444444444
 77777777777777777777744444444444444447777777777777777                                  7777777    455555555554444444444
 7777777777777777777777444444444444444777777777777777777          77777                 7777777    455555555554444444444
  777777777777777777777444444444444444777777777777777777         777777777  7777         77777     555555555544444444444
   777777777777777777777444444444444447777777777777777777       777777777777777777       77777     555555555544444444444
   777777777777777777774444444444444447777777777777777777777    7777777777777777777777777777777    555555555544444444444
    777777777777777777774444444444444477777777744477777777777  777777777777777777777777777777777777555555555444444444444
    77777777777777777777444444444444444777777 74445577           777777777777               7777774555555555444444444444
     77777777777777777774444444444444477 77    44555564          7777747777777777777444777777777746555555555444444444444
      7777777777777777774444444444444447 7     7555555667        7777754777777774568888888888665556665554555444444444444
      7777777777777777774444444444444477 7      456555566555555547777747777775688888888888888888888886554555444444444444
       777777777777777777444444444444477 7      756655555555555555544444444688888888886568888888888886544555444444444444
        77777777777777777444444444444477 7       75566554445555545566554468888888888644474444477756555555554444444444444
        77777777777777777744444444444777 7        4666665545555544688888888888888886444444777777756555555554444444444444
         7777777777777777744444444444777 77        756888865555444888888888888888854444444777777756555555554444444444444
         7777777777777777774444444444777  7           788886655545888888888888885474444444744777756555555554444444444444
          777777777777777777444444444777  7            75864774444688888888888864777777774744477756555555544444444444444
           77777777777777777444444447777  7             74         75888888888888647777774777777765555555554444444444444
           777777777777777774444444447777 7                          4888888888888864  777 77777765555555554444444444444
            77777777777777744444444477777 7                           76888888888888867  7  7777765555555554444444444444
            77777777777777774444444477777 7                              744456888888884        755555555554444444444444
             7777777777777774444444477777                                      7568888884        55555555554444444444444
              777777777777774444444477777777                                       468885777     45555555555444444444444
              77777777777777444444447777777777777777                                68884        75555555555444444444444
               777777777777744444444477777777777777777     777                     7888847777    75555555555544444444444
                7777777777774444444444447777777777777777777777                     4888857777    45555555555544444444444
                7777777777774444444444447777777777777777777777777777777777         7888857777    45555555555554444444444
                 7777777777444444444477777777777777777777777777777777777777777777777688867777777745555555555554444444444
                 7777777777444444477777777777777777777777777777777777777777777777777488864444777745555555555555444444444
                  777777774444447777777777777777777777777777777777777777777777777777768864444777745555555555555544444444
                   77777774447777777777777777777777777777777777777777777777777777777758884444444456666666555555554444444
                   77777744777777777777777777777777777777777777777777777777777777777745565444455666666666665555554444444
                    7777477777777777777777777777777777777777777777777777777777777777774445555555566666666665555554444444
                 7  7777777777777777777777777777777777777777777777777777777777777777774455545564465566666655555555444444
               77777 777777777777777777777777777777777777777777777777777777777777777777444444555555566666655555555444444
             77777777777777777777   777777777777777777777777777777777777777777777777777777444555565466666655555555544444
             777777777777777          7777777777777777777777777777777777777777777777777777744455566688886665555555554444
