777447777777777777777774444444444444777777777777777                                     7777777    455555555555544444444
777777777777777777777774444444444444477777777777777                                     7777777    455555555555444444444
777777777777777777777774444444444444477777777777777                                     7777777    455555555555544444444
7777777777777777777777744444444444444777777777777777                                   77777777    455555555555444444444
77777777777777777777777444444444444447777777777777777                                  77777777    455555555555444444444
7777777777777777777777744444444444444477777777777777777                                77777777    455555555555444444444
 7777777777777777777774444444444444444777777777777777777                             7777777777    455555555554444444444
 7777777777777777777777444444444444444777777777777777777                        77 777777777777    455555555544444444444
  777777777777777777777444444444444444777777777777777777                     777777777777777777    555555555544444444444
   777777777777777777774444444444444447777777777777777777            7777  77777777777777777777   7555555555544444444444
   777777777777777777774444444444444447777777777777777777          77777777777777777777777777777 77555555555544444444444
    7777777777777777777744444444444444477777777777777777777       777777777777777777777777777777777555555555444444444444
    777777777777777777774444444444444447777777             74447                    768888665477774555555555444444444444
     77777777777777777774444444444444477 77                774554     7  7  77777777688888888886546566555555444444444444
      7777777777777777774444444444444477 7                  445554    57      777775888888888888888666554555544444444444
      7777777777777777774444444444444447 7                765655554   7   7777777748888886568888888888554555444444444444
       777777777777777777444444444444477 7                68656555554444444477444458888888444444456685444455444444444444
       777777777777777777444444444444477 7                78856545555655555554444468888888644444456555555554444444444444
        77777777777777777744444444444477 7                 7645665554455555556544468888888854444456555555554444444444444
         7777777777777777744444444444777777                 544666555445555545666568888888854444466555555555444444444444
         77777777777777777744444444447777 7                  46866866655555444688888888888854444466655555555444444444444
          7777777777777777774444444447777 7                    774688865555445888888888888844444466655555555444444444444
           777777777777777774444444447777 7                       768666655546888888888888865474466655555555444444444444
           777777777777777774444444447777 7                        567   77744568888888888888865465555555555444444444444
            77777777777777744444444447777 7                                     4688888888888888886566555555444444444444
            77777777777777774444444447777 7                                       58888888888888888866655555544444444444
             7777777777777774444444447777                                          7568886688888888888665555554444444444
              777777777777774444444447777777                                              774588888888865555554444444444
              7777777777777744444444477777777777777777                                         5888888665555554444444444
               777777777777744444444477777777777777777777 7777                       7777 777488888886655555555444444444
                7777777777744444444444447777777777777777777777                     7777777775888888656555555555444444444
                7777777777744444444444447777777777777777777777777777777777  77777777777777758888866555555555555444444444
                 7777777777444444444477777777777777777777777777777777777777777777777777777688886445555555555555444444444
                 7777777777444444477777777777777777777777777777777777777777777777777777746888647745555555555555544444444
                  777777774444447777777777777777777777777777777777777777777777777777777445685777745566655555555544444444
                   77777744444777777777777777777777777777777777777777777777777777777774444554444556666866655555554444444
                   77777744777777777777777777777777777777777777777777777777777777777777444455555666666666665555554444444
                    7777477777777777777777777777777777777777777777777777777777777777777774445665566666666665555554444444
               7 7  7777777777777777777777777777777777777777777777777777777777777777777777444555465566666665555555444444
              7777777777777777777777777777777777777777777777777777777777777777777777777777444555565566666655555555444444
            777777777777777777777777777777777777777777777777777777777777777777777777777777444555565466666655555555544444
            77777777777777777       777777777777777777777777777777777777777777777777777777744455566688886665555555554444
