777447777777777777777777444444444447777777777777                                         777777    455555555555555554445
7777777777777777777777774444444444447777777777777                                        777777    455555555555555554444
77777777777777777777777774444444444477777777777777                                      7 77777    455555555555555544444
77777777777777777777777744444444444477777777777777                                      7777777    455555555555555544444
777777777777777777777777444444444444477777777777777                                     7777777    455555555555555544444
7777777777777777777777744444444444444777777777777777                                    7777777    455555555555555555444
 7777777777777777777777444444444444447777777777777777                                   7777777    455555555555555455444
 77777777777777777777774444444444444477777777777777777                                  7777777    555555555555555444444
  77777777777777777777744444444444444777777777777777777          777777777   7          7777777    555555555555554444444
   7777777777777777777774444444444444477777777777777777        7777777777777777         777777     555555555555554444444
   777777777777777777774444444444444447777777777777777777 77   7777777777777777777    77777777     555555555555545444444
    777777777777777777774444444444444477777777454777777777777  777777777777777777777 777777777    7555555555555544444444
    7777777777777777777744444444444444777777744445654          7777777777777                   7777555555555555444444444
     77777777777777777774444444444444477 7   4555556647        777777777777777777777777777777777746555555555554444444444
      7777777777777777774444444444444477 7    555556665  7777  777777754777 77777777777777777777746555554555554444444444
      7777777777777777774444444444444477 7    75655566655555554444477747777777777777774774445555568686554555554444444444
       777777777777777777444444444444477 7     4555555555555555555544444455668888888888888888888888888544555554444444444
       777777777777777777444444444444477 7     4566655444555544468886556888888888888888888888888888666555555554444444444
        77777777777777777744444444444777 7      756866555555544588888888888888888888866566666554756555555555544444444444
         7777777777777777744444444444777 7         588886555544888888888888888888865444474777777756555555555544444444444
         7777777777777777774444444444777  7        486886555555888888888888888865444474474777777756555555555444444444444
          777777777777777777444444447777  7          465       746888888888884777777777774777777755555555555444444444444
           77777777777777777444444447777  7                       5888888888867 7777777774777777755555555555444444444444
           77777777777777777744444447777  7                        6888888888884    777774777777755555555555544444444444
            77777777777777774444444477777 7                         4688888888884     7777 77777765555555555454444444444
            77777777777777774444444477777                              74688888884            77765555555555544444444444
             7777777777777774444444477777                                 46888888              765555555555554444444444
              77777777777777744444447777777                                 4688886      777   7745555555555544444444444
              7777777777777744444444777777777777                              488887             75555555555554444444444
               77777777777774444444447777777777777777                          68885777777777    75555555555555444444444
                7777777777774444444444447777777777777777   77                  58888477777777    45555555555555444444444
                7777777777774444444444477777777777777777777777777777777777     78888877777777    45555555555554444444444
                 7777777777444444444477777777777777777777777777777777777777777775888867777777777745555555555555444444444
                  777777777444444477777777777777777777777777777777777777777777777588884444444777745555555555555444444444
                  777777774444447777777777777777777777777777777777777777777777777748886774444777745555555555555544444444
                   77777774447777777777777777777777777777777777777777777777777777774888677444444456666666555555544444444
                   77777744777777777777777777777777777777777777777777777777777777777488854444555666666666665555544444444
                    7777477777777777777777777777777777777777777777777777777777777777744455544455566666666665555554444444
                 7  7777777777777777777777777777777777777777777777777777777777777777774444555554555566666655555554444444
               77777 777777777777777777777777777777777777777777777777777777777777777774444444564555566666655555554444444
              777777777777777777  77 777777777777777777777 7777777777777777777777777777777774555555466666655555555444444
              7777777777777           7777777777777777777   777777777777777777777777777777777455565688886655555555544444
