777447777777777777777777444444444447777777777777                                         777777    455555555555555554444
7777777777777777777777774444444444447777777777777                                        777777    455555555555555544444
77777777777777777777777774444444444477777777777777                                       777777    455555555555555444444
77777777777777777777777744444444444477777777777777                                      7777777    455555555555555444444
777777777777777777777777444444444444477777777777777                                     7777777    455555555555554444444
7777777777777777777777744444444444444777777777777777                                    7777777    455555555555554444444
 777777777777777777777444444444444444777777777777777                                    7777777    455555555555554444444
 7777777777777777777777444444444444447777777777777777                                   7777777    455555555555554444444
  777777777777777777777744444444444447777777777777777             777777                7777777    555555555555544444444
   7777777777777777777774444444444444477777777777777777         777777777777777         777777     555555555555544444444
   77777777777777777777444444444444444777777777777777777       777777777777777777       777777     555555555555444444444
    777777777777777777774444444444444477777777444777777777777  777777777777777777          777    7555555555554444444444
    7777777777777777777744444444444444777777 74455444           7777777777                      777555555555554444444444
     77777777777777777774444444444444477     745545664          777777777777777     777777777777746555555555554444444444
      7777777777777777774444444444444477 7    555555666         777777577           777777777777746555554555544444444444
      7777777777777777774444444444444477 7     5655566654455547777777777777777777777444744455555568686554555544444444444
       777777777777777777444444444444477 7     7565555555555555444444444444456668888888888888888888888544555554444444444
        77777777777777777444444444444477 7     7456655445555555556554444568888888888888888888888888666555555544444444444
        77777777777777777744444444444777 7      756666544555554468888668888888888888865556665544756555555555444444444444
         7777777777777777744444444444777 7        4588865555544588888888888888888885444474777777756555555555444444444444
         7777777777777777774444444444777  7         68886665554688888888888888886544444474777777756555555555444444444444
          777777777777777777444444444777  7         74886774444588888888888886547777777774777777756555555555444444444444
           77777777777777777444444447777  7           47         4688888888885777777777774777777755555555555444444444444
           777777777777777774444444477777 7                        6888888888867  77777774777777765555555555544444444444
            77777777777777774444444477777 7                        76888888888887    77777777777765555555555444444444444
            77777777777777774444444477777 7                          4568888888884           777765555555555544444444444
             7777777777777774444444477777                                7588888884            7765555555555544444444444
              777777777777774444444477777777                               758888887     777   7745555555555444444444444
              7777777777777744444444777777777777                             7588885            775555555555544444444444
               77777777777774444444447777777777777777                          48886777777777    75555555555545444444444
                7777777777774444444444447777777777777777   777                 78888477777777    45555555555555444444444
                777777777777444444444447777777777777777777777777777777777       6888677777777    45555555555554444444444
                 7777777777444444444477777777777777777777777777777777777777777775888857777777777745555555555555444444444
                  777777777444444477777777777777777777777777777777777777777777777688884444444777745555555555555444444444
                  777777774444447777777777777777777777777777777777777777777777777468885774444777745555555555555544444444
                   77777774447777777777777777777777777777777777777777777777777777746888474444444456666666555555544444444
                   77777744777777777777777777777777777777777777777777777777777777774688647444555666666666665555544444444
                    7777477777777777777777777777777777777777777777777777777777777777488654444455566666666665555554444444
                    7777777777777777777777777777777777777777777777777777777777777777744455555564565566666655555554444444
               77777 777777777777777777777777777777777777777777777777777777777777777774445554564555566666655555555444444
              7777777777777777777 77777777777777777777777777777777777777777777777777777444444555555466666655555555544444
              7777777777777           77777777777777777777  777777777777777777777777777777777455565688886665555555554444
