777447777777777777777777744444444447777777777777                                          77777    455555555555555544444
7777777777777777777777777744444444447777777777777                                        777777    455555555555555444444
7777777777777777777777777444444444447777777777777                                        777777    455555555555554444444
77777777777777777777777774444444444477777777777777                                      7777777    455555555555554444444
777777777777777777777777444444444444777777777777777                                     7777777    455555555555544444444
7777777777777777777777774444444444444777777777777777                                    7777777    455555555555544444444
 77777777777777777777777444444444444477777777777777                                    77777777    455555555555544444444
 777777777777777777777774444444444444777777777777777                            77   7777777777    455555555555544444444
  77777777777777777777774444444444444777777777777777                        7777777777777777777    555555555555444444444
   7777777777777777777777444444444444777777777777777 7                7777777777777777777777777   7555555555554444444444
   77777777777777777777774444444444447777777777777777               777777777777777777777777777  77555555555554444444444
    7777777777777777777774444444444444777777777777777     777      77777777777777777777777777777777555555555554444444444
    7777777777777777777774444444444444777777              77454              777777 755555447777774555555555544444444444
     77777777777777777777444444444444477                  7754554     77777777777774688888888865446566555555554444444444
      7777777777777777777744444444444777 7                455545657   54   777777776888888888888888666554555544444444444
      7777777777777777777744444444444777 7                556555566   77777777777768888866888888888888554555544444444444
       777777777777777777774444444444777 7                75565555665555554444444588888864445555568686544555544444444444
        77777777777777777774444444444777 7                 4465555555555556544444888888885444444456655555555544444444444
        77777777777777777777444444447777 7                 7456655544555555565444888888886444444456655555555444444444444
         7777777777777777777444444447777                     56666554455554458656888888886444444466655555555444444444444
         7777777777777777777744444447777                       468886555554468888888888886444444466655555555444444444444
          777777777777777777744444447777                        58886654444588888888888885744444466655555555444444444444
           77777777777777777744444447777  7                      6857744454688888888888885777744466655555555444444444444
           77777777777777777744444447777                                    46888888888888865477766655555555544444444444
            7777777777777777744444447777                                      768888888888888864765665555555554444444444
            77777777777777777444444477777                                       5888888888888888665566555555544444444444
             7777777777777777444444477777                                        758888888888888888656655555554444444444
              77777777777777744444447777777                                         777774588888888866655555554444444444
              777777777777777444444477777777777                                             7458888886655555554444444444
               7777777777777744444447777777777777777                                        7488888866655555555444444444
                777777777777744444444447777777777777777                               7777776888886555555555555444444444
                77777777777744444444444777777777777777777777777777777777            777777768888865555555555555444444444
                 7777777777744444444477777777777777777777777777777777777777777777777777777688886445555555555555444444444
                  777777777444444777777777777777777777777777777777777777777777777777777776888647745555555555555444444444
                  777777777444477777777777777777777777777777777777777777777777777777777768886777745566655555555544444444
                   77777774447777777777777777777777777777777777777777777777777777777777445864444456666666655555544444444
                   77777744777777777777777777777777777777777777777777777777777777777774444554555666666666665555544444444
                    7777477777777777777777777777777777777777777777777777777777777777774444455555566666666665555554444444
                     777777777777777777777777777777777777777777777777777777777777777777774444564465566666655555554444444
               77777 777777777777777777777777777777777777777777777777777777777777777777777774555555566666655555555444444
              77777777777777777      7777777777777777777     77777777777777777777777777777777555565466666655555555544444
              777777777777              77 77777777          77777777777777777777777777777777455565688886665555555554444
