77744777777777777777777444444444444477777777777777                                      7777777    455555555555555554444
777777777777777777777774444444444444777777777777777                                     7777777    455555555555555544444
777777777777777777777774444444444444477777777777777                                     7777777    455555555555555444444
7777777777777777777777444444444444444777777777777777                                    7777777    455555555555555444444
7777777777777777777777744444444444444777777777777777                                   77777777    455555555555554444444
7777777777777777777777444444444444444477777777777777777                                77777777    455555555555554444444
 7777777777777777777774444444444444444777777777777777777                              777777777    455555555555554444444
 7777777777777777777774444444444444444777777777777777777                777 7 777    7777777777    455555555555544444444
  777777777777777777777444444444444444777777777777777777              777777777777 777777777777    555555555555544444444
   777777777777777777774444444444444447777777777777777777          7777777777777777777777777777    555555555555544444444
   777777777777777777774444444444444444777777777777777777         77777777777777777777777777777  77555555555554444444444
    777777777777777777744444444444444447777777777777777777747     777777777777777777777777777777777555555555554444444444
    777777777777777777774444444444444447777777           774547            7777777  744477777777774555555555544444444444
     77777777777777777774444444444444447 77              74545657     77777777777777688888886654746555555555554444444444
      7777777777777777774444444444444447 7               755545664   754777777777776888888888888868666554555544444444444
      7777777777777777744444444444444447 7               456555566   747777777777468888868888888888888554555544444444444
       777777777777777774444444444444447 7                45655566655555544444444688888844455555568886544555544444444444
       77777777777777777744444444444444777                45655555555555565444446888888854444444456555555555444444444444
        7777777777777777744444444444447777                74666554455555555654448888888864444444456555555555444444444444
         7777777777777777444444444444477777                 458665445555544688668888888854444444456555555555444444444444
         77777777777777777444444444447777 7                   4888655555445888888888888854444444466555555555444444444444
          7777777777777777444444444447777 7                   4888666554446888888888888844744444466555555555444444444444
           777777777777777744444444447777 7                    765477444558888888888888644777744466555555555444444444444
           777777777777777744444444447777 7                               7468888888888888657777466555555555544444444444
            77777777777777444444444447777 7                                  5888888888888888647765555555555444444444444
            77777777777777444444444447777 7                                   468888888888888886565555555555544444444444
             7777777777777744444444447777                                       5688888888888888886556555555554444444444
              777777777777744444444447777777                                       7777745888888888655555555554444444444
              7777777777777444444444477777777777777777      77                             74688888555555555554444444444
               777777777777444444444477777777777777777777777777                      77777776888886555555555555444444444
                77777777777444444444444477777777777777777777777                    7777777488888845555555555555444444444
                77777777777444444444444477777777777777777777777777777777777777777777777777688886745555555555555444444444
                 7777777777444444444447777777777777777777777777777777777777777777777777775888867745555555555555444444444
                 7777777774444444447777777777777777777777777777777777777777777777777777748888577745555555555555444444444
                  777777774444447777777777777777777777777777777777777777777777777777777768885777745566655555555544444444
                   77777744444777777777777777777777777777777777777777777777777777777777456854444456666666655555544444444
                   77777444777777777777777777777777777777777777777777777777777777777774445544555666666666665555544444444
                    7777477777777777777777777777777777777777777777777777777777777777774444555555566666666665555554444444
               777  7774777777777777777777777777777777777777777777777777777777777777777444445564465566666655555554444444
             77777777777777777777777777777777777777777777777777777777777777777777777777777444555555566666655555554444444
          7 777777777777777777777777777777777777777777777777777777777777777777777777777777744555565466666655555555544444
          7777777777777777777       777777777777777777777777777777777777777777777777777777774455565688886665555555554444
