777447777777777777777777774444444447777777777                                             77777    455555555555544444444
777777777777777777777777774444444447777777777777                                         777777    455555555555444444444
7777777777777777777777777444444444447777777777777                                        777777    455555555555544444444
7777777777777777777777777444444444447777777777777                                       7777777    455555555555444444444
77777777777777777777777774444444444477777777777777                                      7777777    455555555555444444444
777777777777777777777777444444444444777777777777777                                     7777777    455555555555444444444
 77777777777777777777777444444444444777777777777777                                     7777777    455555555554444444444
 7777777777777777777777744444444444477777777777777                                       777777    455555555544444444444
  77777777777777777777774444444444444777777777777                   77777       7777777  77777     555555555544444444444
   7777777777777777777777444444444444777777777777                  77777777   77777777777777777    555555555544444444444
   7777777777777777777777444444444444777777777777                 77777777777777777777777777777   7555555555544444444444
    777777777777777777777444444444444777777777777 7447           7777777777777777777777777777777777555555555544444444444
    777777777777777777777444444444444777777       774557             7777                   7777774555555555544444444444
     77777777777777777777444444444444777          7455457           7777777777777774688666665547746555555555544444444444
      7777777777777777777444444444444777 7         45555547          75477    777568888888888888668666554555544444444444
      7777777777777777777744444444444777 7         656555564777777777747777777758888888888888888888886554555544444444444
       777777777777777777774444444444777 7         665644455555555554444444444688888886445566666668886544555544444444444
        77777777777777777774444444444777 7         764566554445555555544444458888888884444477777756655555555444444444444
        77777777777777777774444444444777 7           4466655444555555566544588888888854444447777756555555555444444444444
         7777777777777777777444444447777             4686866665555544588888888888888644444444477756555555555444444444444
         7777777777777777777744444447777               75568886555474688888888888886444444444444456555555555444444444444
          777777777777777777744444447777                  46866665544888888888888884777774744444466555555555444444444444
           77777777777777777744444447777  7                 667 77444568888888888886547774774444466555555555444444444444
           77777777777777777744444447777  7                            4688888888888886474 77774466555555555544444444444
            7777777777777777744444447777                                 588888888888888657 7777765555555555444444444444
            77777777777777777444444477777                                 4688888888888888857 77765555555555544444444444
             7777777777777777444444477777                                    74444568888888867 7765555555555554444444444
              77777777777777744444447777777                                         745688888477745555555555544444444444
              777777777777777444444477777777777                                         588887   75555555555554444444444
               77777777777777444444477777777777777777                                  488885    75555555555555444444444
                777777777777444444444447777777777777777                              77888884    45555555555555444444444
                7777777777774444444444477777777777777777777777777777777            7774888867    45555555555555544444444
                 7777777777744444444477777777777777777777777777777777777777777777777774888847777745555555555555544444444
                  777777777444444477777777777777777777777777777777777777777777777777774888644777745555555555555544444444
                  777777777444477777777777777777777777777777777777777777777777777777774888544777445565655555555554444444
                   77777774447777777777777777777777777777777777777777777777777777777775888444444456666666655555554444444
                   77777744777777777777777777777777777777777777777777777777777777777774566444455666666666665555555444444
                    7777477777777777777777777777777777777777777777777777777777777777774445555555566666666665555555444444
                     777777777777777777777777777777777777777777777777777777777777777774555544564565566666665555555544444
                7777 777777777777777777777777777777777777777777777777777777777777777777777444555565566666655555555544444
               777777777777777        777777777777777777     77777777777777777777777777777744555565466666665555555544444
              77777777777                 777 777777        777777777777777777777777777777774455566688886665555555554444
