7774477777777777777777774444444444477777777777                                           777777    455555555555444444444
7777777777777777777777774444444444447777777777777                                        777777    455555555555444444444
77777777777777777777777774444444444477777777777777                                      7777777    455555555555444444444
77777777777777777777777744444444444477777777777777                                       777777    455555555555444444444
777777777777777777777777444444444444777777777777777                                     7777777    455555555554444444444
7777777777777777777777744444444444444777777777777777                                    7777777    455555555555444444444
 777777777777777777777744444444444444777777777777777                                   77777777    455555555554444444444
 777777777777777777777774444444444444777777777777777                                   77777777    455555555544444444444
  777777777777777777777744444444444447777777777777777                        77777    777777777    555555555544444444444
   7777777777777777777777444444444444777777777777777 7                    777777777777777777777   7555555555544444444444
   77777777777777777777774444444444447777777777777777               777777777777777777777777777  77555555555544444444444
    7777777777777777777744444444444447777777777777777              77777777777777777777777777777777555555555444444444444
    7777777777777777777774444444444444777777              7447                      768888665477774555555555444444444444
     77777777777777777777444444444444777                  774557      7    777777777888888888886546566555555544444444444
      7777777777777777777444444444444777 7                 445454     57      777776888888888888888666554455544444444444
      7777777777777777777744444444444777 7                556555564   7   7777777748888885568888888886554455444444444444
       777777777777777777774444444444777 7                66565555644444444774444468888886444444456665444455444444444444
        77777777777777777774444444444777 7                48556545555555555644444488888888544444456655555555444444444444
        77777777777777777774444444444777 7                 7555665554455555556544488888888644444456655555555444444444444
         7777777777777777777444444444777                    545666554445555545666688888888844444466655555555444444444444
         7777777777777777777444444447777  7                  76668666655555445888888888888844444466655555555444444444444
          777777777777777777744444447777  7                    775688865554446888888888888644444466655555555444444444444
           77777777777777777744444447777  7                       488656555548888888888888854774466655555555444444444444
           77777777777777777744444447777  7                        557    7774568888888888888864765665555555544444444444
            77777777777777777444444477777 7                                     4688888888888888665566555555444444444444
            77777777777777774444444477777 7                                       58888888888888888666655555544444444444
             7777777777777777444444477777                                          7568888888888888886665555554444444444
              777777777777777444444477777777                                              775688888888665555554444444444
              7777777777777774444444777777777777                                              75888888665555554444444444
               77777777777774444444447777777777777777                                       7468888886655555555444444444
                77777777777744444444444477777777777777777  77                       777777775888888656555555555444444444
                77777777777744444444444777777777777777777777777777777777           7777777758888866555555555555544444444
                 7777777777744444444477777777777777777777777777777777777777777777777777774688886445555555555555544444444
                  777777777444444477777777777777777777777777777777777777777777777777777748888647745555555555555544444444
                  777777774444447777777777777777777777777777777777777777777777777777777445885777745565655555555554444444
                   77777774447777777777777777777777777777777777777777777777777777777774444554444556666666655555554444444
                   77777744777777777777777777777777777777777777777777777777777777777774444455555666666666665555555444444
                    7777477777777777777777777777777777777777777777777777777777777777777774445665566666666665555555444444
                 7  7777777777777777777777777777777777777777777777777777777777777777777777744555465566666665555555444444
               77777 777777777777777777777777777777777777777777777777777777777777777777777744555565566666665555555444444
              777777777777777777     77777777777777777777777777777777777777777777777777777744555565466666655555555544444
              7777777777777            777777777777777 7   7777777777777777777777777777777774455566688886665555555554444
