77744777777777777777777774444444444777777777777                                          777777    455555555555544444444
7777777777777777777777777444444444447777777777777                                        777777    455555555555444444444
7777777777777777777777777444444444447777777777777                                        777777    455555555555544444444
77777777777777777777777774444444444477777777777777                                      7777777    455555555555444444444
77777777777777777777777744444444444477777777777777                                      7777777    455555555555444444444
777777777777777777777777444444444444477777777777777                                    77777777    455555555555444444444
 77777777777777777777777444444444444477777777777777                                   777777777    455555555554444444444
 777777777777777777777774444444444444777777777777777                                 7777777777    455555555554444444444
  7777777777777777777777444444444444477777777777777                     7777777    777777777777    555555555544444444444
   777777777777777777777744444444444477777777777777                    777777777777777777777777   7555555555544444444444
   777777777777777777777744444444444477777777777777                7777777777777777777777777777  77555555555544444444444
    777777777777777777774444444444444777777777777777    777       777777777777777777777777777777777555555555544444444444
    7777777777777777777774444444444447777777            74557                       766665554777774555555555544444444444
     77777777777777777777444444444444777                745454        77777777777775888888888866446566555555544444444444
      7777777777777777777744444444444777 7              7555554       54 77777777758888888888888888666554555544444444444
      7777777777777777777744444444444777 7              65655555      77777777777588888855668888888886554555444444444444
       777777777777777777774444444444777 7             78656555566555555447444444888888854444444458685544455444444444444
        77777777777777777774444444444777 7              5856655555555555654444446888888864444444456655555555444444444444
        77777777777777777777444444444777 7               444685554445555556544448888888864444444456655555555444444444444
         7777777777777777777444444447777                 755656655445555545686668888888865444444456655555555444444444444
         7777777777777777777744444447777                   4666888855555445888888888888864444444466655555555444444444444
          777777777777777777744444447777                      7588865554446888888888888844744444466655555555444444444444
           77777777777777777744444447777  7                     58655555546888888888888865477444466655555555444444444444
           77777777777777777744444447777  7                     757     777468888888888888885477766655555555544444444444
            7777777777777777744444447777                                     7688888888888888864765565555555444444444444
            77777777777777777444444477777                                      46888888888888888865556555555544444444444
             7777777777777777444444477777                                        456666668888888888656555555554444444444
              77777777777777744444447777777                                              7456888888856555555554444444444
              7777777777777744444444777777777777                                             588888656555555554444444444
               7777777777777444444447777777777777777                                       48888886555555555555444444444
                777777777777444444444447777777777777777                              77777488888845555555555555444444444
                7777777777774444444444477777777777777777777777777777777            7777777688886745555555555555444444444
                 7777777777744444444477777777777777777777777777777777777777777777777777775888857745555555555555444444444
                  777777777444444477777777777777777777777777777777777777777777777777777758886777745555555555555544444444
                  777777777444447777777777777777777777777777777777777777777777777777777468884777745566655555555544444444
                   77777774447777777777777777777777777777777777777777777777777777777774445654444456666666655555554444444
                   77777744777777777777777777777777777777777777777777777777777777777774444554455666666666665555555444444
                    7777477777777777777777777777777777777777777777777777777777777777777444445565566666666665555555444444
                    7777777777777777777777777777777777777777777777777777777777777777777777444565465566666665555555544444
                7777 777777777777777777777777777777777777777777777777777777777777777777777744555565566666655555555444444
               7777777777777777       777777777777777777    777777777777777777777777777777744555565466666655555555544444
              777777777777              7777777777777       777777777777777777777777777777774455566688886665555555554444
