777447777777777777777777744444444447777777777                                            777777    455555555555444444444
777777777777777777777777744444444444777777777777                                         777777    455555555555444444444
7777777777777777777777777444444444447777777777777                                        777777    455555555555544444444
77777777777777777777777774444444444477777777777777                                      7777777    455555555555444444444
77777777777777777777777744444444444477777777777777                                      7777777    455555555554444444444
777777777777777777777777444444444444477777777777777                                    77777777    455555555555444444444
 77777777777777777777777444444444444477777777777777                                  7777777777    455555555554444444444
 77777777777777777777777444444444444477777777777777                                777777777777    455555555544444444444
  777777777777777777777744444444444447777777777777                   777777      77777777777777    555555555544444444444
   77777777777777777777774444444444447777777777777                  7777777777 7777777777777777    555555555544444444444
   77777777777777777777774444444444447777777777777                77777777777777777777777777777  77555555555544444444444
    7777777777777777777774444444444447777777777777 77477          777777777777777777777777777777777555555555444444444444
    7777777777777777777777444444444447777777        74454              7777         744477777777774555555555544444444444
     77777777777777777777744444444444777            7454557          777777777777775888888886654746566555555544444444444
      7777777777777777777744444444444777 7          755555647        7547777  777488888888888888868666554555544444444444
      7777777777777777777744444444444777 7          7665555564    777747777777776888888668888888888886554455444444444444
       777777777777777777774444444444777 7           6565445566555555574444444488888888444455555568886544455444444444444
        77777777777777777774444444444777 7            556655544555555655444444888888886444444777756655555555444444444444
        77777777777777777774444444447777 7            445665554445555556654446888888885444444477756555555555444444444444
         7777777777777777777444444447777               45668666555555446888868888888864444444444456555555555444444444444
         7777777777777777777744444447777                 456688855554448888888888888844444444444466555555555444444444444
          777777777777777777744444447777                    588666554458888888888888677774744444466555555555444444444444
           77777777777777777744444447777  7                  48577744446888888888888654774777444466555555555444444444444
           77777777777777777744444447777  7                             758888888888888654 77774466555555555444444444444
            7777777777777777744444447777                                  4688888888888888577777765555555555444444444444
            77777777777777777444444477777                                  768888888888888886477765555555555544444444444
             7777777777777777444444477777                                    7455555688888888857765555555555544444444444
              77777777777777744444447777777                                          74568888884745555555555544444444444
              777777777777777444444477777777777                                          7688867775555555555554444444444
               7777777777777744444447777777777777777                                    7688887  75555555555555444444444
                777777777777444444444447777777777777777                              777688885   45555555555555444444444
                7777777777774444444444477777777777777777777777777777777             7774888887   45555555555555544444444
                 7777777777744444444477777777777777777777777777777777777777777777777777588884777745555555555555544444444
                  777777777444444477777777777777777777777777777777777777777777777777777688854777745555555555555544444444
                  777777777444477777777777777777777777777777777777777777777777777777777688644777745565555555555554444444
                   77777774447777777777777777777777777777777777777777777777777777777774888544444456666666655555554444444
                   77777744777777777777777777777777777777777777777777777777777777777774456544555666666666665555555444444
                    7777477777777777777777777777777777777777777777777777777777777777774445555555566666666665555555444444
                     777777777777777777777777777777777777777777777777777777777777777774454444564565566666665555555544444
                 777 777777777777777777777777777777777777777777777777777777777777777777777444554555566666665555555544444
               777777777777777        7777777777777777      777777777777777777777777777777744555565466666655555555544444
              77777777777                                    77777777777777777777777777777774455566688886665555555554444
