77744777777777777777777744444444444777777777777                                           77777    455555555555544444444
7777777777777777777777774444444444447777777777777                                        777777    455555555555544444444
7777777777777777777777777444444444447777777777777                                        777777    455555555555544444444
77777777777777777777777744444444444477777777777777                                       777777    455555555555444444444
77777777777777777777777744444444444447777777777777                                       777777    455555555555444444444
777777777777777777777774444444444444477777777777777                                      777777    455555555555444444444
 77777777777777777777774444444444444477777777777777                                     7777777    455555555554444444444
 77777777777777777777777444444444444477777777777777                                      777777    455555555554444444444
  7777777777777777777777444444444444477777777777777                77777     777         77777     555555555544444444444
   777777777777777777777744444444444477777777777777  7           7777777777777777        77777     555555555544444444444
   77777777777777777777774444444444444777777777777 7            77777777777777777777 777777777     555555555544444444444
    77777777777777777777444444444444447777777774547777         77777777777777777777777777777777  77555555555544444444444
    7777777777777777777774444444444444777777  7454547            777777777                   777774555555555544444444444
     77777777777777777777444444444444477      755545647         77777777777777777777777777777777746555555555544444444444
      7777777777777777777444444444444477 7     565555664         77777547    7  7745666555555444746565554555544444444444
      7777777777777777777744444444444777 7     5565555666555555477777747777774568888888888888888888886554555544444444444
       777777777777777777744444444444777 7     7556555555555555555444444444588888888888888888888888886544555544444444444
        77777777777777777774444444444777 7       45665554445555555654444468888888888864455566555456665555555544444444444
        77777777777777777774444444444777 7       45668655445555445888865888888888886444444777777756555555555444444444444
         7777777777777777777444444447777           456888855554446888888888888888854444444777777756555555555444444444444
         7777777777777777777744444447777              688866554448888888888888886444444444777777756555555555444444444444
          777777777777777777744444447777               48647744456888888888888847777774774744777756555555555444444444444
           77777777777777777744444447777                7         758888888888885777777774777777766555555555444444444444
           77777777777777777744444447777                            488888888888884 777774777777765555555555544444444444
            7777777777777777744444447777                             4888888888888867  777 77777765555555555444444444444
             777777777777777744444447777                               455668888888885       777765555555555544444444444
             7777777777777777444444477777                                    4688888885         765555555555544444444444
              77777777777777744444447777777                                     45688884 7777   745555555555544444444444
              777777777777777444444477777777777                                    68884         75555555555554444444444
               7777777777777744444447777777777777 7                               78888477777    75555555555555444444444
                777777777777444444444447777777777777777                           78888577777    45555555555555444444444
                77777777777744444444444777777777777777777777777777777777          78888677777    45555555555555444444444
                 7777777777744444444477777777777777777777777777777777777777777777776888877777777745555555555555444444444
                  777777777444444477777777777777777777777777777777777777777777777774888844444777745555555555555544444444
                  777777777444477777777777777777777777777777777777777777777777777777588844444777445555655555555554444444
                   77777774447777777777777777777777777777777777777777777777777777777488854444444456666666655555554444444
                   77777744777777777777777777777777777777777777777777777777777777777758864444455666666666665555555444444
                    7777477777777777777777777777777777777777777777777777777777777777744455554555566666666665555555444444
                     777777777777777777777777777777777777777777777777777777777777777774445555564565566666655555555544444
                 777 777777777777777777777777777777777777777777777777777777777777777777454444555565566666655555555544444
               777777777777777         7777777777777777      77777777777777777777777777777444555565466666655555555544444
              77777777777                  77  7   7          7777777777777777777777777777744455566688886665555555554444
