777447777777777777777777444444444447777777777777                                          77777    455555555555555554444
7777777777777777777777774444444444447777777777777                                        777777    455555555555555544444
7777777777777777777777777444444444447777777777777                                         77777    455555555555555444444
77777777777777777777777744444444444477777777777777                                       777777    455555555555555544444
777777777777777777777777444444444444777777777777777                                      777777    455555555555554444444
7777777777777777777777744444444444444777777777777777                                     777777    455555555555554444444
 777777777777777777777444444444444444777777777777777                                    7777777    455555555555554444444
 7777777777777777777777444444444444447777777777777777                                   7777777    455555555555555444444
  77777777777777777777774444444444444777777777777777777           7777777     7         7777777    555555555555544444444
   7777777777777777777774444444444444777777777777777777          7777777777777777       777777     555555555555544444444
   777777777777777777774444444444444447777777777777777777       7777777777777777777777777777777    555555555555544444444
    777777777777777777774444444444444477777777744777777777777  777777777777777777777777777777777 77555555555555444444444
    7777777777777777777744444444444444777777  77455454           7777777777                77777774555555555554444444444
     77777777777777777774444444444444477 7    7455456657        77777747777777777777777777777777746555555555554444444444
      7777777777777777774444444444444477 7     5555556667        7777754777777777744565555555554446565554555544444444444
      7777777777777777774444444444444477 7      565555665445555477777747777774568888888888888888888886554555544444444444
       777777777777777777444444444444477 7      756555555555555555444444445688888888888888888888888886544555544444444444
       777777777777777777444444444444477 7       45665554455555555686654588888888888864445555554456665555555544444444444
        77777777777777777744444444444777 7       74666655445555445888888888888888886444474777777756555555555444444444444
         7777777777777777744444444444777 7          46888655555448888888888888888854444444777777756555555555444444444444
         7777777777777777774444444444777  7          7888866655558888888888888885444447774777777756555555555444444444444
          777777777777777777444444447777  7           45864  77774688888888888677777777774777777756555555555444444444444
           77777777777777777444444447777  7             7          46888888888864777777774777777755555555555444444444444
           777777777777777774444444477777 7                         48888888888885   77774777777765555555555444444444444
            77777777777777774444444477777 7                          468888888888867   777 77777765555555554444444444444
            77777777777777774444444477777 7                            74556888888867         77765555555555544444444444
             7777777777777774444444477777                                   4688888887          765555555555544444444444
              777777777777774444444477777777                                  75888886   777    745555555555444444444444
              777777777777774444444477777777777777                               588887          75555555555544444444444
               77777777777774444444447777777777777777                            788887777777    75555555555544444444444
                7777777777774444444444447777777777777777   777                   788884777777    45555555555545444444444
                7777777777774444444444477777777777777777777777777777777777       788886777777    45555555555554444444444
                 7777777777444444444477777777777777777777777777777777777777777777768888477777777745555555555555444444444
                  777777777444444477777777777777777777777777777777777777777777777748888544444777745555555555555444444444
                  777777774444447777777777777777777777777777777777777777777777777775888674444777745555555555555444444444
                   77777774447777777777777777777777777777777777777777777777777777777688847444444456666666555555544444444
                   77777744777777777777777777777777777777777777777777777777777777777488864444555666666666665555544444444
                    7777477777777777777777777777777777777777777777777777777777777777755565444455566666666665555554444444
                 7  7777777777777777777777777777777777777777777777777777777777777777774445555554455566666655555554444444
               77777 777777777777777777777777777777777777777777777777777777777777777774445544564555566666655555554444444
              7777777777777777777   777777777777777777777777777777777777777777777777777447444555565466666655555554444444
             77777777777777           77777777777777777777 7777777777777777777777777777777777455565688886655555555544444
