777447777777777777777777744444444447777777777777                                          77777    755555555555555554444
7777777777777777777777774744444444447777777777777                                        777777    455555555555555554444
7777777777777777777777777444444444447777777777777                                         77777    455555555555555544444
77777777777777777777777774444444444477777777777777                                        77777    455555555555555544444
777777777777777777777777444444444444477777777777777                                      777777    455555555555555544444
777777777777777777777777444444444444477777777777777                                      777777    455555555555555554444
 777777777777777777777774444444444444777777777777777                                    7777777    455555555555555445444
 777777777777777777777774444444444444777777777777777                                   77777777    455555555555555444444
  77777777777777777777777444444444444777777777777777                         7777777 7777777777    555555555555554444444
   7777777777777777777777444444444444777777777777777 7                 777777777777777777777777  77555555555555554444444
   77777777777777777777774444444444447777777777777777               7777777777777777777777777777 77555555555555555444444
    7777777777777777777774444444444444777777777777777              77777777777777777777777777777777555555555555545444444
    7777777777777777777777444444444444777777               444               77777  756555544777774565555555555544444444
     77777777777777777777744444444444477                  774454      77777777777774888888888865446566555555555554444444
      7777777777777777777744444444444777 7                44554557    54    77777776888888888888888666554555554444444444
      7777777777777777777744444444444777 7                655555664   77777777777768888866688888888886554555555444444444
       777777777777777777774444444444777 7                65655556655555554744444588888864445555568686544555555444444444
       777777777777777777774444444444777 7                 4565555665555556444444888888885444444456655555555554444444444
        77777777777777777777444444447777 7                 4456555545555555565445888888886444444456655555555554444444444
         7777777777777777777444444447777                    465865544455554458866888888886444444466655555555554444444444
         7777777777777777777744444447777                     74686655555554468888888888886444444466655555555544444444444
          777777777777777777744444447777                        68886554544588888888888886744444466655555555554444444444
           77777777777777777744444447777  7                     58864455554688888888888885777444466655555555554444444444
           77777777777777777744444447777  7                      47      7 746888888888888865777766655555555554444444444
            7777777777777777744444447777                                      758888888888888854765665555555554444444444
            77777777777777777444444477777                                       4888888888888888665566555555554444444444
             7777777777777777744444477777                                        756888888888888886656655555555444444444
              77777777777777744444447777777                                          77774688888888866655555555444444444
              777777777777777444444477777777777                                            74568888885655555555544444444
               777777777777774444444777777777777777                                          768888866655555555544444444
                777777777777744444444447777777777777777                               7777775888888555555555555544444444
                777777777777444444444447777777777777777777777777777777777            77777768888865555555555555544444444
                 7777777777744444444477777777777777777777777777777777777777777777777777777588888545555555555555444444444
                  777777777444444777777777777777777777777777777777777777777777777777777775888864745555555555555444444444
                  777777777444477777777777777777777777777777777777777777777777777777777748888577745556555555555544444444
                   77777774447777777777777777777777777777777777777777777777777777777777758885444456666666555555544444444
                   77777744777777777777777777777777777777777777777777777777777777777774445654555666666666665555544444444
                    7777477777777777777777777777777777777777777777777777777777777777774444554555566666666665555544444444
                    7777777777777777777777777777777777777777777777777777777777777777777444445564455566666655555554444444
               77777 777777777777777777777777777777777777777777777777777777777777777777777744564555566666655555554444444
               7777777777777777      77777777777777777777    77777777777777777777777777777777555555466666655555554444444
              7777777777777             7 77777777777        77777777777777777777777777777777455565688886655555555544444
