777447777777777777777777444444444447777777777777                                          77777    455555555555555444444
7777777777777777777777774444444444447777777777777                                        777777    455555555555555444444
77777777777777777777777744444444444477777777777777                                       777777    455555555555554444444
77777777777777777777777744444444444477777777777777                                       777777    455555555555554444444
77777777777777777777777744444444444447777777777777                                      7777777    455555555555444444444
7777777777777777777777744444444444444777777777777777                                    7777777    455555555555544444444
 777777777777777777777744444444444444777777777777777                                    7777777    455555555555544444444
 777777777777777777777744444444444444777777777777777                                    7777777    455555555555444444444
  777777777777777777777744444444444447777777777777777                                   7777777    555555555554444444444
   777777777777777777777444444444444477777777777777777          7777777777777           777777     555555555554444444444
   7777777777777777777744444444444444477777777777777777    7   77777777777777777      77777777     555555555554444444444
    7777777777777777777744444444444444777777444777777777  777  77777777777777777777    7777777    7555555555554444444444
    77777777777777777777444444444444447777777445477            77777777777                      777555555555544444444444
     77777777777777777774444444444444477    445555657          777777777777777777777777777777777746555555555544444444444
      7777777777777777774444444444444477 7  7555555665    777  77777 75777      7777777777777777746555554555544444444444
      7777777777777777774444444444444477 7   766555566655555554777777747777777444444555455556666668886554555544444444444
       777777777777777777444444444444477 7    55655555555555555654444444455688888888888888888888888888544555544444444444
        77777777777777777744444444444477 7     4566655444555544568866556888888888888888888888888668666555555544444444444
        77777777777777777744444444444777 7     7566666555555544588888888888888888888665455555447756555555555444444444444
         7777777777777777774444444444777         75668886555544688888888888888888854444444777777756555555555444444444444
         7777777777777777774444444447777            48886665555688888888888888865447777774777777756555555555444444444444
          777777777777777777444444447777              586       46888888888884777777777774777777756555555555444444444444
           77777777777777777744444447777  7                       4888888888867 7777777774777777755555555555444444444444
           77777777777777777744444447777  7                        6888888888887    777777777777755555555555444444444444
            7777777777777777744444447777                            4688888888887     7777 77777765555555555444444444444
            77777777777777774444444477777                               7588888887            77765555555555544444444444
             7777777777777777444444477777                                 76888886             7765555555555544444444444
              77777777777777744444447777777                                 4688885      777   7745555555555444444444444
              7777777777777744444444777777777777                              58888             775555555555544444444444
               7777777777777744444447777777777777777                           68884777777777    75555555555555444444444
                7777777777774444444444447777777777777777                       58888777777777    45555555555555444444444
                777777777777444444444447777777777777777777777777777777777      78888677777777    45555555555554444444444
                 7777777777744444444477777777777777777777777777777777777777777775888857777777777745555555555555444444444
                  777777777444444477777777777777777777777777777777777777777777777588884444444777745555555555555444444444
                  777777774444447777777777777777777777777777777777777777777777777758886774444777445555555555555544444444
                   77777774447777777777777777777777777777777777777777777777777777775888574444444456666666655555554444444
                   77777744777777777777777777777777777777777777777777777777777777777588854444555666666666665555554444444
                    7777477777777777777777777777777777777777777777777777777777777777755455544555566666666665555554444444
                     777777777777777777777777777777777777777777777777777777777777777774444555564565566666655555555444444
                7777 777777777777777777777777777777777777777777777777777777777777777774454444554555566666655555555444444
               7777777777777777     7777777777777777777777  777777777777777777777777777777774555565466666655555555544444
              777777777777            7777777777777777 77   777777777777777777777777777777774455566688886665555555554444
