77744777777777777777777744444444444777777777777                                           77777    455555555555555554444
777777777777777777777777444444444444777777777777                                         777777    455555555555555544444
7777777777777777777777777444444444447777777777777                                        777777    455555555555555444444
77777777777777777777777744444444444477777777777777                                       777777    455555555555554444444
77777777777777777777777744444444444477777777777777                                      7777777    455555555555554444444
777777777777777777777774444444444444477777777777777                                     7777777    455555555555544444444
 77777777777777777777744444444444444477777777777777                                     7777777    455555555555554444444
 77777777777777777777774444444444444477777777777777                7                   77777777    555555555555544444444
  777777777777777777777744444444444447777777777777               77777777   7777       77777777    555555555555544444444
   7777777777777777777774444444444444777777777777    7          77777777777777777       777777     555555555555544444444
   77777777777777777777444444444444447777777777447 7           7777777777777777777777777777777     555555555555444444444
    777777777777777777774444444444444477777777744547777        77777777777777777777777777777777  77555555555554444444444
    7777777777777777777744444444444444777777  44545665          7777777777777              77777774555555555554444444444
     77777777777777777774444444444444477      4555556664        77777747777777777777777777777777746655555555554444444444
      7777777777777777774444444444444477 7     4655556657777477 77777754777777777777444777444477746665554555544444444444
      7777777777777777777444444444444477 7      565555555555556574477747777744566688888888888888888886554555544444444444
       777777777777777777444444444444777 7      456655545555555565444444455888888888888888888888888886544555554444444444
        77777777777777777774444444444777 7      746666544455554456866545688888888888886666888665566665555555554444444444
        77777777777777777774444444444777 7        7568665555554458888888888888888886544444777777756555555555544444444444
         7777777777777777774444444447777             6888655544488888888888888888644444444777777756555555555544444444444
         7777777777777777777444444447777             4688645555588888888888888864444777774777777756555555555444444444444
          777777777777777777744444447777               57        4688888888885777777777774777777756555555555444444444444
           77777777777777777744444447777  7                        688888888884 7777777774777777755555555555554444444444
           77777777777777777744444447777  7                        4888888888884    777774777777765555555555554444444444
            7777777777777777744444447777                            7588888888884    77777 77777765555555555554444444444
            77777777777777774444444477777                              74688888887           777765555555555544444444444
             7777777777777777444444477777                                 58888886            77765555555555554444444444
              77777777777777744444447777777                                76888884      777  77745555555555554444444444
              777777777777774444444477777777777                              4688887    7       775555555555554444444444
               777777777777744444444777777777777777                           768884777777777    45555555555555444444444
                7777777777774444444444447777777777777777                       58886777777777    45555555555555444444444
                77777777777744444444444777777777777777777777777777777777       48888577777777    45555555555555544444444
                 7777777777744444444477777777777777777777777777777777777777777776888847777777777745555555555555444444444
                  777777777444444477777777777777777777777777777777777777777777774888864444444777745555555555555544444444
                  777777774444477777777777777777777777777777777777777777777777777488884774444777745655555555555544444444
                   77777774447777777777777777777777777777777777777777777777777777748886474444444456666666655555554444444
                   77777744777777777777777777777777777777777777777777777777777777774888644444555666666666665555554444444
                    7777477777777777777777777777777777777777777777777777777777777777488654444455566666666665555554444444
                     777777777777777777777777777777777777777777777777777777777777777744455555564565566666655555555444444
               77777 777777777777777777777777777777777777777777777777777777777777777774445554564555566666655555555444444
               7777777777777777      777777777777777777777   7 777777777777777777777777444444555565466666655555555544444
              777777777777             77777777777777        77777777777777777777777777777777455566688886665555555554444
