77744777777777777777777744444444444777777777777                                           77777    455555555555444444444
7777777777777777777777774444444444447777777777777                                        777777    455555555555444444444
7777777777777777777777774444444444447777777777777                                        777777    455555555555444444444
77777777777777777777777744444444444477777777777777                                      7777777    455555555555444444444
77777777777777777777777744444444444477777777777777                                      7777777    455555555554444444444
777777777777777777777774444444444444477777777777777                                     7777777    455555555544444444444
 777777777777777777777444444444444444777777777777777                                    7777777    455555555544444444444
 777777777777777777777744444444444444777777777777777                                     77777     455555555544444444444
  777777777777777777777444444444444447777777777777777                                    77777     555555555544444444444
   777777777777777777777444444444444477777777777777777         7777777777777              7777     555555555544444444444
   7777777777777777777744444444444444777777777777777777    7   77777777777777            77777     555555555444444444444
    777777777777777777774444444444444477777447777777777777777 77777777777777777         777777    7555555555444444444444
    77777777777777777777444444444444447777744554               7777777777                      7777555555555444444444444
     77777777777777777774444444444444477  744555554            7777777777777777 7777777777777777746555555555544444444444
      7777777777777777744444444444444477 7 4555555654          7777  7577        777777777777777746555554555444444444444
      7777777777777777774444444444444477 7  46655556654455554 7777777777777744555566666556666665568686545555444444444444
       777777777777777774444444444444477 7   456555555555555555544444444466888888888888888888888888886554455444444444444
        77777777777777774444444444444477 7    45665554445555545588666568888888888888888888888888668666555555444444444444
        77777777777777777444444444444777 7    44668665555555544688888888888888888886544445554447756555555555444444444444
         7777777777777777444444444444777 7     7566888885555444888888888888888888644444444777777756555555555444444444444
         7777777777777777744444444444777  7      74488886655555888888888888886554444477774777777756555555554444444444444
          777777777777777777444444444777  7         75885777777568888888888867777777777774777777755555555554444444444444
           77777777777777777444444447777  7          757         4688888888886477777777774777777755555555554444444444444
           777777777777777774444444477777 7                       78888888888884   7777777777777755555555555444444444444
            77777777777777774444444477777 7                         4688888888885     7777  7777755555555555444444444444
            77777777777777774444444477777 7                             7488888886             7755555555555444444444444
             7777777777777774444444477777                                  46888885             765555555555544444444444
              77777777777777444444447777777                                  7588887     777   7745555555555444444444444
              7777777777777744444444777777777777                               58885            775555555555544444444444
               777777777777744444444477777777777777777                         48888777777777    45555555555555444444444
                777777777774444444444444777777777777777777 77                  78888677777777    45555555555555444444444
                777777777777444444444447777777777777777777777777777777777       5888857777777   745555555555555544444444
                 7777777777444444444477777777777777777777777777777777777777777777688884777777777745555555555555544444444
                  777777777444444477777777777777777777777777777777777777777777777758886444444777745555555555555544444444
                  777777774444447777777777777777777777777777777777777777777777777775888574444777445655555555555554444444
                   77777774447777777777777777777777777777777777777777777777777777777588854444444556666666655555555444444
                   77777744777777777777777777777777777777777777777777777777777777777755555444555666666666665555555444444
                    7777477777777777777777777777777777777777777777777777777777777777774444555565566666666665555555444444
                    7777777777777777777777777777777777777777777777777777777777777777774455544564565566666665555555544444
               77777 777777777777777777777777777777777777777777777777777777777777777777474444555565566666665555555554444
              777777777777777777    777777777777777777777777777777777777777777777777777777444555565466666665555555554444
              777777777777            7777777777777777777777777777777777777777777777777777744455566688886665555555555444
