777447777777777777777777444444444447777777777777                                         777777    455555555555544444444
7777777777777777777777774444444444447777777777777                                        777777    455555555555544444444
77777777777777777777777744444444444477777777777777                                       777777    455555555555544444444
77777777777777777777777744444444444447777777777777                                      7777777    455555555555444444444
777777777777777777777777444444444444477777777777777                                     7777777    455555555555444444444
7777777777777777777777744444444444444777777777777777                                    7777777    455555555555444444444
 777777777777777777777444444444444444777777777777777                                    7777777    455555555554444444444
 7777777777777777777777444444444444447777777777777777                                   7777777    455555555544444444444
  777777777777777777777744444444444447777777777777777            7  777777               77777     555555555544444444444
   777777777777777777777444444444444477777777777777777         777777777777777           77777     555555555544444444444
   7777777777777777777744444444444444477777777777777777    7   77777777777777777         77777     555555555544444444444
    777777777777777777774444444444444477777744477777777777777 77777777777777777777      777777    7555555555444444444444
    7777777777777777777744444444444444777777744554             77777777777                      777555555555544444444444
     77777777777777777774444444444444477   7455555647          777777777777777777777777777777777746555555555444444444444
      7777777777777777774444444444444477 7  7555555664    77   77777 75477      7777777777777777746555554555444444444444
      7777777777777777774444444444444477 7   556555566555555557777777747777777444444555455556666668886554555444444444444
       777777777777777777444444444444477 7   755655554555555555554444444456688888888888888888888888886544555444444444444
        77777777777777777444444444444477 7     4566555444555544588866556888888888888888888888888668666555555444444444444
        77777777777777777744444444444777 7     4566866655555544588888888888888888888655455555447756555555555444444444444
         7777777777777777744444444444777         45688886555544688888888888888888854444444777777756555555555444444444444
         7777777777777777777444444444777  7         58886665555688888888888888654444777774777777756555555555444444444444
          777777777777777777444444447777  7           684    7 746888888888884777777777774777777755555555555444444444444
           77777777777777777444444447777  7                       5888888888884 7777777774777777755555555555444444444444
           77777777777777777444444447777  7                        6888888888884    777777 77777755555555555444444444444
            77777777777777774444444477777 7                         4568888888884     7777  7777755555555555444444444444
            77777777777777774444444477777                               7588888884            77755555555555444444444444
             7777777777777777444444477777                                  58888887            7765555555555544444444444
              77777777777777744444447777777                                  588886      777   7745555555555444444444444
              7777777777777744444444777777777777                              788887             75555555555544444444444
               77777777777774444444477777777777777777                          58885777777777    75555555555544444444444
                7777777777774444444444447777777777777777   77                  48888477777777    45555555555555444444444
                777777777777444444444447777777777777777777777777777777777      76888877777777    45555555555554444444444
                 7777777777444444444477777777777777777777777777777777777777777774688867777777777745555555555555444444444
                  777777777444444477777777777777777777777777777777777777777777777468885444444777745555555555555544444444
                  777777774444447777777777777777777777777777777777777777777777777746888474444777445655555555555554444444
                   77777774447777777777777777777777777777777777777777777777777777774688844444444456666666655555554444444
                   77777744777777777777777777777777777777777777777777777777777777777466554444455666666666665555555444444
                    7777477777777777777777777777777777777777777777777777777777777777744444555555566666666665555555444444
                     777777777777777777777777777777777777777777777777777777777777777774445554564565566666655555555544444
               77777 777777777777777777777777777777777777777777777777777777777777777777444444555565566666655555555544444
               7777777777777777      77777777777777777777777777777777777777777777777777777444555565466666655555555544444
              777777777777             77777777777777777   7777777777777777777777777777777774455566688886665555555554444
