77744777777777777777777774444444444777777777777                                          777777    755555555555544444444
7777777777777777777777774444444444447777777777777                                        777777    455555555555544444444
77777777777777777777777774444444444477777777777777                                       777777    455555555555544444444
77777777777777777777777744444444444477777777777777                                       777777    455555555555444444444
777777777777777777777777444444444444477777777777777                                     7777777    455555555555444444444
7777777777777777777777774444444444444777777777777777                                    7777777    455555555555444444444
 777777777777777777777774444444444444777777777777777                                    7777777    455555555554444444444
 7777777777777777777777744444444444447777777777777777                                  77777777    455555555554444444444
  77777777777777777777774444444444444777777777777777                          777777  777777777    555555555544444444444
   777777777777777777777744444444444477777777777777777                      7777777777777777777   7555555555544444444444
   777777777777777777777744444444444447777777777777777              777777777777777777777777777  77555555555544444444444
    77777777777777777777744444444444447777777777777777             77777777777777777777777777777777555555555544444444444
    7777777777777777777774444444444444777777               7444                7    755555544777774555555555544444444444
     77777777777777777777444444444444477                   774557     7    777777777688888888865446566555555544444444444
      7777777777777777777444444444444777 7                 7455457    57     7777775888888888888888666554555544444444444
      7777777777777777777744444444444777 7                7655555567  7  77777777748888886688888888888554555544444444444
       777777777777777777774444444444777 7                78556555565444444474444468888885444555568686444555444444444444
        77777777777777777774444444444777 7                 4656544555655555654444488888888444444456655555555444444444444
        77777777777777777777444444444777 7                  445665554455555556544488888888644444456655555555444444444444
         7777777777777777777444444444777                    745666554445555555685588888888644444466655555555444444444444
         7777777777777777777744444447777  7                   7568866555555444888888888888844444466655555555444444444444
          777777777777777777744444447777  7                      7688865554446888888888888844444466655555555444444444444
           77777777777777777744444447777  7                       588655555448888888888888647744466655555555444444444444
           77777777777777777744444447777  7                        57     7774688888888888888654765665555555544444444444
            77777777777777777444444477777 7                                    75888888888888888665565555555444444444444
            77777777777777774444444477777 7                                      768888888888888888656655555544444444444
             7777777777777777444444477777                                          4688888888888888886655555554444444444
              77777777777777744444447777777                                           7777746888888888665555554444444444
              7777777777777774444444777777777777                                             745888888665555554444444444
               77777777777774444444447777777777777777                                        758888886655555555444444444
                7777777777774444444444477777777777777777   77                       777777774888888866555555555444444444
                77777777777744444444444777777777777777777777777777777777           7777777758888886555555555554444444444
                 7777777777744444444477777777777777777777777777777777777777777777777777777588888545555555555555444444444
                  777777777444444477777777777777777777777777777777777777777777777777777746888847745555555555555444444444
                  777777774444447777777777777777777777777777777777777777777777777777777746886477745566655555555544444444
                   77777774447777777777777777777777777777777777777777777777777777777774444564444456666666655555554444444
                   77777744777777777777777777777777777777777777777777777777777777777774444554455666666666665555554444444
                    7777477777777777777777777777777777777777777777777777777777777777777744445565566666666665555554444444
                    7777777777777777777777777777777777777777777777777777777777777777777777444565465566666665555555444444
               77777 777777777777777777777777777777777777777777777777777777777777777777777744555555566666655555555444444
               77777777777777777    777777777777777777777777777777777777777777777777777777744555565466666655555555544444
              777777777777             7777777777777       7777777777777777777777777777777774455565688886665555555554444
