777447777777777777777777444444444447777777777                                            777777    455555555555544444444
777777777777777777777777444444444444777777777777                                         777777    455555555555444444444
7777777777777777777777777444444444447777777777777                                        777777    455555555555544444444
7777777777777777777777774444444444447777777777777                                        777777    455555555555444444444
77777777777777777777777744444444444447777777777777                                      7777777    455555555554444444444
777777777777777777777774444444444444477777777777777                                    77777777    455555555555444444444
 77777777777777777777744444444444444477777777777777                                     7777777    455555555554444444444
 77777777777777777777774444444444444477777777777777                                      777777    455555555544444444444
  7777777777777777777777444444444444477777777777777               7                      77777     555555555544444444444
   7777777777777777777774444444444444777777777777777 7          77777777777777           77777     555555555544444444444
   7777777777777777777744444444444444777777777777777            7777777777777777        777777     555555555544444444444
    777777777777777777774444444444444777777774447777777    77  7777777777777777777     77777777  77555555555444444444444
    777777777777777777774444444444444477777 7745547             777777777                    777774555555555544444444444
     77777777777777777774444444444444477     45555554           77777777777777777777777777777777746555555555544444444444
      7777777777777777774444444444444477 7   7555555667         7777775777      7774555444444444746565554455544444444444
      7777777777777777774444444444444477 7    46655556654455557777777747777745668888888888888888888886554455544444444444
       777777777777777777444444444444477 7    75565555555555555554444444445888888888888888888888888886544455544444444444
        77777777777777777744444444444777 7     7556655544455555556655444688888888888865556666655566665555555544444444444
        77777777777777777744444444444777 7      456666555555554458888888888888888885444444777777756555555555444444444444
         7777777777777777774444444444777         76688888555554468888888888888888644444444777777756555555555444444444444
         7777777777777777777444444447777  7        776888665555488888888888888854444444444777777756555555555444444444444
          777777777777777777444444447777  7           488577444458888888888886777777777774777777756555555555444444444444
           77777777777777777444444447777  7            47         468888888888857777777774777777755555555555444444444444
           77777777777777777744444447777  7                        768888888888867 7777774777777765555555555444444444444
            7777777777777777444444447777                            758888888888885   7777 77777765555555555444444444444
            77777777777777774444444477777                              74456888888867         77765555555555544444444444
             7777777777777777444444477777                                   4688888867          765555555555554444444444
              77777777777777744444447777777                                    4688885   7777  7745555555555554444444444
              7777777777777744444444777777777777                                 58885          745555555555554444444444
               77777777777774444444477777777777777777                            488867777777    45555555555555444444444
                7777777777774444444444477777777777777777                         488884777777   745555555555555544444444
                7777777777774444444444477777777777777777777777777777777          788886777777   745555555555555544444444
                 7777777777444444444477777777777777777777777777777777777777777777768888477777777745555555555555554444444
                  777777777444444477777777777777777777777777777777777777777777777746888444444777745555555555555554444444
                  777777774444447777777777777777777777777777777777777777777777777774888674444477445666655555555554444444
                   77777774447777777777777777777777777777777777777777777777777777777588844444444556666666655555555444444
                   77777744777777777777777777777777777777777777777777777777777777777768664444555666666666665555555444444
                    7777477777777777777777777777777777777777777777777777777777777777744455555565566666666665555555444444
                     777777777777777777777777777777777777777777777777777777777777777774445555564565566666665555555544444
                 777 777777777777777777777777777777777777777777777777777777777777777774454444555565566666665555555554444
               7777777777777777      777777777777777777777 7777777777777777777777777777777444555565466666665555555554444
              77777777777              77777777777777       777777777777777777777777777777744455566688886665555555555444
