77744777777777777777777774444444444777777777777                                          777777    455555555555444444444
7777777777777777777777774444444444447777777777777                                        777777    455555555555444444444
7777777777777777777777777444444444447777777777777                                       7777777    455555555555544444444
77777777777777777777777744444444444477777777777777                                       777777    455555555555444444444
777777777777777777777777444444444444777777777777777                                     7777777    455555555554444444444
7777777777777777777777744444444444444777777777777777                                   77777777    455555555555444444444
 777777777777777777777774444444444444777777777777777                                   77777777    455555555554444444444
 777777777777777777777774444444444444777777777777777                                   77777777    455555555544444444444
  77777777777777777777774444444444444777777777777777                        77777   77777777777    555555555544444444444
   7777777777777777777777444444444444777777777777777 7                   7777777777777777777777   7555555555544444444444
   77777777777777777777774444444444447777777777777777               777777777777777777777777777  77555555555444444444444
    7777777777777777777774444444444447777777777777777              77777777777777777777777777777777555555555444444444444
    7777777777777777777774444444444444777777              4447                      768886655477774555555555444444444444
     77777777777777777777444444444444777                  74554       77 77777777774888888888886546566555555544444444444
      7777777777777777777444444444444777 7                445555      57     7777776888888888888888666554455544444444444
      7777777777777777777744444444444777 7               755555555    7  77777777758888885568888888886554455444444444444
       777777777777777777774444444444777 7               465665555544444444774444488888886444444456665444455444444444444
        77777777777777777774444444444777 7                66565445555555555544444588888888444444456555555555444444444444
        77777777777777777774444444444777 7                 5456655544555555565444588888888544444456655555555444444444444
         7777777777777777777444444447777                   4446665554445555456866688888888544444466655555555444444444444
         7777777777777777777444444447777  7                 746668666555554448888888888888544444466655555555444444444444
          777777777777777777744444447777  7                    745888655454458888888888888444444466655555555444444444444
           77777777777777777744444447777  7                       588655555468888888888888544774466655555555444444444444
           77777777777777777744444447777  7                       764     7774688888888888888654765665555555544444444444
            77777777777777777444444477777 7                                    76888888888888888565566555555444444444444
            77777777777777774444444477777 7                                      468888888888888888656655555544444444444
             7777777777777777444444477777                                          4568666888888888886655555554444444444
              777777777777777444444477777777                                              745888888888665555554444444444
              7777777777777774444444777777777777                                              46888886655555554444444444
               77777777777774444444447777777777777777                                       7588888866555555555444444444
                7777777777774444444444447777777777777777   77                       777777776888888555555555555444444444
                7777777777774444444444477777777777777777777777777777777            7777777768888855555555555555544444444
                 7777777777744444444477777777777777777777777777777777777777777777777777774688885745555555555555544444444
                  777777777444444477777777777777777777777777777777777777777777777777777748888577745555555555555544444444
                  777777774444477777777777777777777777777777777777777777777777777777777746885777745565655555555554444444
                   77777774447777777777777777777777777777777777777777777777777777777774445554444456666666655555554444444
                   77777744777777777777777777777777777777777777777777777777777777777774444454555666666666665555555444444
                    7777477777777777777777777777777777777777777777777777777777777777777744445565566666666665555555444444
                 7  7777777777777777777777777777777777777777777777777777777777777777777777444555465566666665555555544444
               77777 777777777777777777777777777777777777777777777777777777777777777777777744555565566666665555555444444
              777777777777777777     7777777777777777777 777777777777777777777777777777777744555565466666655555555544444
              7777777777777             777777777777       7777777777777777777777777777777774455566688886665555555554444
