77744777777777777777777744444444444777777777777                                           77777    455555555555555555545
7777777777777777777777774444444444447777777777777                                        777777    455555555555555554544
7777777777777777777777777444444444447777777777777                                        777777    455555555555555554444
7777777777777777777777774444444444447777777777777                                        777777    455555555555555554444
77777777777777777777777744444444444477777777777777                                       777777    455555555555555554444
777777777777777777777774444444444444477777777777777                                     7777777    455555555555555555444
 77777777777777777777774444444444444477777777777777                                     7777777    455555555555555555444
 7777777777777777777777444444444444447777777777777                                      7777777    555555555555555555444
  77777777777777777777774444444444444777777777777                 7777777    777       77777777    555555555555555444444
   7777777777777777777774444444444444777777777777    7          777777777777777777     77777777    555555555555554444444
   77777777777777777777444444444444447777777777777              7777777777777777777777777777777    555555555555555444444
    777777777777777777774444444444444477777777774557777        77777777777777777777777777777777  77555555555555545444444
    7777777777777777777744444444444444777777   74445664          77777777777               77777774555555555555554444444
     77777777777777777777444444444444477       455555665        77777747777777777777777777777777746665555555555554444444
      7777777777777777777444444444444477 7      555556664       77777754777777777777447777444477746666554555555444444444
      7777777777777777777444444444444477 7      756555666555555477777747777774456668888888888888888886554555555444444444
       777777777777777777444444444444777 7      745555555555555555444444444688888888888888888888888886544555555444444444
        77777777777777777744444444444777 7       45666544445555555886544588888888888886668888665566666555555554444444444
        77777777777777777774444444444777 7         568665445555446888888888888888888544444777777756555555555555444444444
         7777777777777777777444444447777             6888655554458888888888888888854444444777777756555555555554444444444
         7777777777777777777444444447777             5888655555568888888888888885444444444777777756555555555544444444444
          777777777777777777444444447777               657     775688888888888477777777774777777756555555555554444444444
           77777777777777777744444447777                           58888888888677777777774777777766555555555554444444444
           77777777777777777744444447777  7                         6888888888885  7777774777777765555555555554444444444
            7777777777777777444444447777                             58888888888867   7777777777765555555555555444444444
            77777777777777774444444477777                              4556888888884     7 77777765555555555554444444444
             7777777777777777444444477777                                  7588888884          7765555555555555444444444
              77777777777777744444447777777                                   56888887  77777  7755555555555555544444444
              7777777777777744444444777777777777                                488885  777     745555555555555544444444
               777777777777744444444777777777777777                              588857777777    75555555555555544444444
                777777777777444444444447777777777777777                          588867777777    45555555555555544444444
                7777777777774444444444477777777777777777777777777777777777       488884777777    45555555555555544444444
                 7777777777444444444477777777777777777777777777777777777777777777488886777777777745555555555555544444444
                  777777777444444477777777777777777777777777777777777777777777777758888444444777745555555555555544444444
                  777777774444447777777777777777777777777777777777777777777777777776888574444777745555555555555544444444
                   77777774447777777777777777777777777777777777777777777777777777774688674444444456666666555555554444444
                   77777744777777777777777777777777777777777777777777777777777777777488857444555666666666665555544444444
                    7777477777777777777777777777777777777777777777777777777777777777756664444555566666666665555554444444
                     777777777777777777777777777777777777777777777777777777777777777774445554554565566666655555554444444
               77777 777777777777777777777777777777777777777777777777777777777777777774445554564555566666655555554444444
              77777777777777777      7777777777777777777777  77777777777777777777777777444444555565466666655555555444444
              777777777777             777777777777777        7777777777777777777777777777777455565688886655555555554444
