77744777777777777777777774444444444777777777777                                           77777    455555555555555554444
777777777777777777777777444444444444777777777777                                          77777    455555555555555544444
7777777777777777777777777444444444447777777777777                                         77777    455555555555555444444
77777777777777777777777744444444444477777777777777                                       777777    455555555555554444444
77777777777777777777777744444444444477777777777777                                      7777777    455555555555554444444
777777777777777777777774444444444444477777777777777                                     7777777    455555555555544444444
 77777777777777777777744444444444444477777777777777                                     7777777    455555555555554444444
 7777777777777777777777444444444444447777777777777                 77                  77777777    555555555555544444444
  777777777777777777777744444444444447777777777777                7777777   7777       77777777    555555555555544444444
   7777777777777777777774444444444444777777777777    7          77777777777777777      7777777     555555555555544444444
   77777777777777777777444444444444447777777777447             7777777777777777777777777777777     555555555555444444444
    77777777777777777777444444444444447777777774454777         77777777777777777777777777777777  77555555555554444444444
    7777777777777777777744444444444444777777  74545665          7777777777777              77777774555555555554444444444
     77777777777777777774444444444444477      7555555664        77777747777777777777777777777777746655555555554444444444
      7777777777777777774444444444444477 7     4665556667777447 77777754777777777774444444444447746666554555544444444444
      7777777777777777777444444444444477 7      465555555555555544477747777745566888888888888888888886554555544444444444
       777777777777777777444444444444777 7      456655544555555565444444455888888888888888888888888886544555555444444444
        77777777777777777774444444444777 7       46666544455555456866545688888888888865566666665566665555555554444444444
        77777777777777777774444444444777 7        7568666555554458888888888888888886444444777777756555555555544444444444
         7777777777777777774444444447777             6888665554468888888888888888644444444777777756555555555544444444444
         7777777777777777777444444447777             4588645555568888888888888864444777744777777756555555555444444444444
          777777777777777777744444447777               54        4688888888886777777777774777777756555555555444444444444
           77777777777777777744444447777                           68888888888577777777774777777755555555555554444444444
           77777777777777777744444447777                           76888888888867   777774777777765555555555554444444444
            7777777777777777744444447777                             588888888886     7777 77777765555555555554444444444
            77777777777777774444444477777                              74688888885           777765555555555544444444444
             7777777777777777444444477777                                 768888885            7765555555555554444444444
              77777777777777744444447777777                                 48888887     7777  7745555555555554444444444
              7777777777777744444444777777777777                              588885    7       775555555555554444444444
               777777777777774444444777777777777777                            48886777777777    45555555555555444444444
                7777777777774444444444477777777777777777                       78888477777777    45555555555555444444444
                777777777777444444444447777777777777777777777777777777777      76888877777777    45555555555555544444444
                 7777777777744444444477777777777777777777777777777777777777777775888857777777777745555555555555444444444
                  777777777444444477777777777777777777777777777777777777777777777688884444444777745555555555555544444444
                  777777777444447777777777777777777777777777777777777777777777777768885774444777445555555555555544444444
                   77777774447777777777777777777777777777777777777777777777777777776888474444444456666666655555554444444
                   77777744777777777777777777777777777777777777777777777777777777774688644444555666666666665555554444444
                    7777477777777777777777777777777777777777777777777777777777777777488654444455566666666665555554444444
                     777777777777777777777777777777777777777777777777777777777777777744455555564565566666655555555444444
               77777 777777777777777777777777777777777777777777777777777777777777777774445554564555566666655555555444444
               7777777777777777      777777777777777777777   7 777777777777777777777777444444555565466666655555555544444
              777777777777             77777777777777         7777777777777777777777777777777455566688886665555555554444
