77744777777777777777777744444444444777777777777                                           77777    455555555555555554444
777777777777777777777777444444444444777777777777                                         777777    455555555555555544444
7777777777777777777777774444444444447777777777777                                         77777    455555555555555444444
77777777777777777777777744444444444477777777777777                                       777777    455555555555554444444
77777777777777777777777744444444444447777777777777                                      7777777    455555555555554444444
777777777777777777777774444444444444477777777777777                                     7777777    455555555555544444444
 77777777777777777777744444444444444477777777777777                                     7777777    455555555555554444444
 77777777777777777777774444444444444477777777777777                                     7777777    555555555555544444444
  77777777777777777777774444444444444777777777777777             77777777    7          7777777    555555555555544444444
   777777777777777777777444444444444477777777777777777          7777777777777777       7777777     555555555555544444444
   77777777777777777777444444444444447777777774477777          7777777777777777777777777777777     555555555554444444444
    777777777777777777774444444444444477777777445477777    7   77777777777777777777777777777777   7555555555554444444444
    7777777777777777777744444444444444777777 745456657          777777777777                 777777555555555544444444444
     77777777777777777774444444444444477     7555555654        777777747777777777777777777777777746555555555554444444444
      7777777777777777774444444444444477 7    7665556667777777 777777754777777777777777777777777746665554555544444444444
      7777777777777777774444444444444477 7     4655556555555555774477747777774555556666666668866668886554555544444444444
       777777777777777777444444444444477 7     7556555445555555555444444456888888888888888888888888886544555544444444444
        77777777777777777744444444444777 7      456865544455554468886556888888888888888888888886666666555555544444444444
        77777777777777777744444444444777 7       75688665555554488888888888888888888544444444477756555555555444444444444
         7777777777777777774444444444777            58888655544588888888888888888654774474777777756555555555444444444444
         7777777777777777777444444447777            76688555555688888888888888654777777774777777756555555555444444444444
          777777777777777777444444447777              557       74888888888867777777777774777777755555555555444444444444
           77777777777777777444444447777  7                       488888888884  7777777774777777755555555555444444444444
           77777777777777777744444447777  7                        688888888887     777777 77777755555555555544444444444
            7777777777777777444444447777                            46888888888       7777 77777755555555555444444444444
            77777777777777774444444477777                              468888885              77765555555555544444444444
             7777777777777777444444477777                                68888887               765555555555554444444444
              77777777777777744444447777777                               4888885        777  77745555555555444444444444
              777777777777777444444477777777777                            7688887               75555555555554444444444
               7777777777777444444447777777777777777                        768885 7777777777    75555555555555444444444
                7777777777774444444444447777777777777777    7                4888877777777777    45555555555555444444444
                777777777777444444444447777777777777777777777777777777777    7688867777777777    45555555555555444444444
                 7777777777444444444477777777777777777777777777777777777777777488886477777777777745555555555555444444444
                  777777777444444477777777777777777777777777777777777777777777758888674444444777745555555555555444444444
                  777777774444447777777777777777777777777777777777777777777777775888857774444777745555555555555544444444
                   77777774447777777777777777777777777777777777777777777777777777468885774444444456666666555555554444444
                   77777744777777777777777777777777777777777777777777777777777777776888544444555666666666665555544444444
                    7777477777777777777777777777777777777777777777777777777777777777586554444455566666666665555554444444
                     777777777777777777777777777777777777777777777777777777777777777744444555564565566666655555555444444
                7777 777777777777777777777777777777777777777777777777777777777777777774445544564555566666655555555444444
              777777777777777777    7777777777777777777777 7 77777777777777777777777777444444555565466666655555555544444
              777777777777             777777777777777  7    77777777777777777777777777777777455566688886665555555554444
