77744777777777777777777774444444444777777777777                                           77777    455555555555555554444
777777777777777777777777744444444444777777777777                                          77777    455555555555555554444
7777777777777777777777777444444444447777777777777                                         77777    455555555555555544444
77777777777777777777777744444444444477777777777777                                       777777    455555555555555544444
77777777777777777777777744444444444477777777777777                                       777777    455555555555555544444
777777777777777777777774444444444444477777777777777                                     7777777    455555555555555554444
 7777777777777777777777744444444444447777777777777                                      7777777    455555555555555445444
 7777777777777777777777744444444444447777777777777                                      7777777    555555555555555444444
  77777777777777777777774444444444444777777777777                  777777     7777     77777777    555555555555554444444
   7777777777777777777774444444444444777777777777    7            777777777  77777777 7 7777777    555555555555554444444
   77777777777777777777774444444444447777777777777              7777777777777777777777777777777    555555555555545444444
    77777777777777777777444444444444477777777777744477          77777777777777777777777777777777777555555555555544444444
    7777777777777777777774444444444444777777    7444554           777777777                77777774555555555555444444444
     77777777777777777777444444444444477        745445657        7777747777777777777777777777777746665555555555444444444
      7777777777777777777444444444444477 7       555556667       777775477   7777745686666666555456666554555554444444444
      7777777777777777777444444444444477 7       45655566554555547777747777777466888888888888888888886554555555444444444
       777777777777777777744444444444777 7        5655555555555555544444444468888888888888888888888886544555555444444444
        77777777777777777774444444444777 7        4566554445555555566544446888888888864445555544456665555555554444444444
        77777777777777777774444444444777 7         466665444555544588886588888888888544444477777756555555555554444444444
         7777777777777777774444444444777             4688655555544688888888888888884444444477777756555555555544444444444
         7777777777777777777444444447777              588866655444888888888888888544444444447777756555555555544444444444
          777777777777777777744444447777               46857744455888888888888864777444444744477756555555555554444444444
           77777777777777777444444447777                7          46888888888885477777774744447766555555555554444444444
           77777777777777777744444447777                             588888888888867777774777777766555555555554444444444
            7777777777777777744444447777                              5888888888888847 777777777765555555555555444444444
            77777777777777774444444477777                              7568888888888867   777777765555555555554444444444
             7777777777777777444444477777                                    75888888884  77 777765555555555555444444444
              77777777777777744444447777777                                     4568888847777777745555555555555444444444
              777777777777777444444477777777777                                    488884        75555555555555544444444
               777777777777774444444777777777777777                                7888877777    75555555555555544444444
                777777777777444444444447777777777777777                            4888847777    45555555555555544444444
                777777777777444444444447777777777777777777777777777777777          4888857777    45555555555555544444444
                 7777777777744444444477777777777777777777777777777777777777777777774888857777777745555555555555544444444
                  777777777444444477777777777777777777777777777777777777777777777777688854444777745555555555555544444444
                  777777777444477777777777777777777777777777777777777777777777777777488854444777745565555555555544444444
                   77777774447777777777777777777777777777777777777777777777777777777768864444444456666666555555554444444
                   77777744777777777777777777777777777777777777777777777777777777777758884444555666666666665555554444444
                    7777477777777777777777777777777777777777777777777777777777777777745555444455566666666665555554444444
                     777777777777777777777777777777777777777777777777777777777777777774444555554565566666655555554444444
               77777 777777777777777777777777777777777777777777777777777777777777777774455544564555566666655555555444444
               7777777777777777      777777777777777777777    7777777777777777777777777447444555565466666655555555544444
              777777777777             77777777777777        77777777777777777777777777777777455565688886665555555554444
