77744777777777777777777774444444444777777777777                                           77777    455555555555555555445
777777777777777777777777744444444444777777777777                                         777777    455555555555555554444
7777777777777777777777777444444444447777777777777                                        777777    455555555555555554444
77777777777777777777777744444444444477777777777777                                       777777    455555555555555554444
7777777777777777777777774444444444447777777777777                                        777777    455555555555555554444
77777777777777777777777744444444444447777777777777                                      7777777    455555555555555555444
 7777777777777777777777744444444444447777777777777                                      7777777    455555555555555555444
 7777777777777777777777744444444444447777777777777                    77                7777777    555555555555555554444
  77777777777777777777774444444444444777777777777                  7777777    77777777777777777    555555555555555444444
   7777777777777777777774444444444444777777777777                 7777777777 777777777777777777    555555555555554444444
   777777777777777777777744444444444477777777777777              777777777777777777777777777777   7555555555555555444444
    7777777777777777777744444444444447777777777777454777        77777777777777777777777777777777777555555555555545444444
    777777777777777777777444444444444477777      74455657          777777777              777777774555555555555554444444
     77777777777777777777444444444444477         445456654        777747777777777777777777777777746665555555555554444444
      7777777777777777777444444444444777 7       755555666        777454777  7777745686666666655456666554555554444444444
      7777777777777777777744444444444777 7        4555556654444447777747777777468888888888888888888886554555555444444444
       777777777777777777774444444444777 7        7565555555555556444444444458888888888888888888888886544555555444444444
        77777777777777777774444444444777 7         456655444455555566544446888888888864445555544456665555555554444444444
        77777777777777777777444444447777 7          46666544455554468888688888888888544444477777756555555555555444444444
         7777777777777777777444444447777              768865555544588888888888888884444444477777756555555555554444444444
         7777777777777777777444444447777               88886655544688888888888888644444444447777756555555555544444444444
          777777777777777777744444447777                4864 77444688888888888884777744444744477756555555555554444444444
           77777777777777777744444447777                           75888888888865777777774774444766555555555554444444444
           77777777777777777744444447777                             788888888888857777774777777766555555555554444444444
            7777777777777777744444447777                              488888888888884  777777777765555555555555444444444
            77777777777777774444444477777                               568888888888867   777777765555555555554444444444
             7777777777777777444444477777                                   746888888887  777777765555555555555444444444
              77777777777777744444447777777                                    75688888847777777745555555555555544444444
              777777777777777444444477777777777                                   7588885        75555555555555544444444
               777777777777774444444777777777777777                                 688857777    75555555555555544444444
                77777777777744444444444777777777777777                             7888857777    45555555555555544444444
                777777777777444444444447777777777777777777777777777777777          4888857777    45555555555555544444444
                 7777777777744444444477777777777777777777777777777777777777777777774888867777777745555555555555544444444
                  777777777444444477777777777777777777777777777777777777777777777777688864444777745555555555555544444444
                  777777774444477777777777777777777777777777777777777777777777777777588864444777745555555555555544444444
                   77777774447777777777777777777777777777777777777777777777777777777788864444444456666666555555554444444
                   77777744777777777777777777777777777777777777777777777777777777777758884444555666666666665555544444444
                    7777477777777777777777777777777777777777777777777777777777777777748885444555566666666665555554444444
                     777777777777777777777777777777777777777777777777777777777777777774455554554565566666655555554444444
               77777 777777777777777777777777777777777777777777777777777777777777777774444555564555566666655555554444444
               7777777777777777      7777777777777777777 7     777777777777777777777777444444555565466666655555555444444
              77777777777              77777777777777          777777777777777777777777777774455565688886655555555554444
