777447777777777777777777744444444447777777777                                             77777    455555555555544444444
777777777777777777777777774444444447777777777777                                         777777    455555555555544444444
7777777777777777777777777444444444447777777777777                                        777777    455555555555544444444
7777777777777777777777777444444444447777777777777                                       7777777    455555555555444444444
77777777777777777777777774444444444477777777777777                                      7777777    455555555555444444444
777777777777777777777777444444444444777777777777777                                    77777777    455555555555444444444
 77777777777777777777777444444444444477777777777777                                 77777777777    455555555554444444444
 7777777777777777777777744444444444447777777777777                                7777777777777    455555555544444444444
  777777777777777777777774444444444447777777777777                   777777      77777777777777    555555555544444444444
   7777777777777777777777444444444444777777777777                    77777777 77777777777777777    555555555544444444444
   7777777777777777777777444444444444777777777777                  7777777777777777777777777777  77555555555544444444444
    777777777777777777777444444444444777777777777   77447         777777777777777777777777777777777555555555544444444444
    7777777777777777777774444444444447777777         74454              77          744477777777774555555555544444444444
     77777777777777777777444444444444777             445454          777777777777775888888888654746566555555544444444444
      7777777777777777777744444444444777 7           7555554         7547777  777468888888888888868666554555544444444444
      7777777777777777777744444444444777 7           656555564    777777777777775888888868888888888886554555444444444444
       777777777777777777774444444444777 7           6656544566655555547444444468888888444455555568886544555444444444444
        77777777777777777774444444444777 7           7655655554555555655444444688888888444444777756655555555444444444444
        77777777777777777774444444444777 7             44566554445555556654445888888886444444447756555555555444444444444
         7777777777777777777444444447777               55666666545555445888668888888885444444444456555555555444444444444
         7777777777777777777744444447777                 466688865555445888888888888864444444444466555555555444444444444
          777777777777777777744444447777                    488866554446888888888888847774744444466555555555444444444444
           77777777777777777744444447777  7                  76847444446888888888888865474777444466555555555444444444444
           77777777777777777744444447777  7                   4         756888888888888885777777466555555555444444444444
            7777777777777777744444447777                                   588888888888888864777765555555555444444444444
            77777777777777777444444477777                                   46888888888888888647765555555555544444444444
             7777777777777777444444477777                                     745555568888888886765555555555544444444444
              77777777777777744444447777777                                           7456688888445555555555544444444444
              777777777777777444444477777777777                                           488886 75555555555554444444444
               7777777777777744444447777777777777777                                    75888867 75555555555555444444444
                777777777777444444444447777777777777777                             77774888884  45555555555555444444444
                7777777777774444444444477777777777777777777777777777777            77777688885   45555555555555444444444
                 7777777777744444444477777777777777777777777777777777777777777777777777788886777745555555555555444444444
                  777777777444444477777777777777777777777777777777777777777777777777777588864777745555555555555544444444
                  777777777444447777777777777777777777777777777777777777777777777777777688844777745565655555555554444444
                   77777774447777777777777777777777777777777777777777777777777777777774688644444456666666655555554444444
                   77777744777777777777777777777777777777777777777777777777777777777774445544455666666666665555555444444
                    7777477777777777777777777777777777777777777777777777777777777777774444555555566666666665555555444444
                     777777777777777777777777777777777777777777777777777777777777777777444444564465566666665555555544444
                7777 777777777777777777777777777777777777777777777777777777777777777777777744555555566666655555555544444
               777777777777777        777777777777777777    777777777777777777777777777777744555565466666665555555544444
              77777777777                  7777777 7        777777777777777777777777777777774455566688886665555555554444
