7774477777777777777777777444444444477777777777                                            77777    455555555555555554444
777777777777777777777777774444444447777777777777                                          77777    455555555555555544444
777777777777777777777777744444444444777777777777                                         777777    455555555555555444444
7777777777777777777777774444444444447777777777777                                       7777777    455555555555554444444
77777777777777777777777744444444444477777777777777                                      7777777    455555555555554444444
77777777777777777777777744444444444447777777777777                                     77777777    455555555555544444444
 777777777777777777777774444444444444777777777777                                   77777777777    455555555555554444444
 777777777777777777777774444444444444777777777777                      777         777777777777    555555555555544444444
  77777777777777777777774444444444444777777777777                    77777777    77777777777777    555555555555544444444
   777777777777777777777744444444444477777777777                   7777777777777777777777777777    555555555555544444444
   7777777777777777777777444444444444777777777777    7            77777777777777777777777777777   7555555555555444444444
    777777777777777777777444444444444777777777777   74447         777777777777777777777777777777777555555555554444444444
    777777777777777777777744444444444777777         7744555           77777777            777777774555555555554444444444
     77777777777777777777744444444444777            745545657       7777777777777774688666655447746566555555554444444444
      7777777777777777777744444444444777 7           555555667       754777777777468888888888888668666554555544444444444
      7777777777777777777744444444444777 7           4565556654444447744777777746888888888888888888886554555544444444444
       777777777777777777774444444444777 7            565445555555556544444444688888888445666666668886544555554444444444
        77777777777777777777444444447777 7            456655445555555565444446888888884444444777756655555555554444444444
        77777777777777777777444444447777 7             46666544455554456865468888888864444444477756555555555544444444444
         7777777777777777777744444447777                 468665555554468888888888888844444444444756555555555444444444444
         7777777777777777777744444447777                  58886554544588888888888888544444444444456555555555444444444444
          777777777777777777744444447777                  75885455554688888888888885777774744444466555555555444444444444
           77777777777777777744444447777                    7      7 746888888888885477774774444466555555555444444444444
           77777777777777777744444447777                                488888888888885474777774466555555555544444444444
            7777777777777777744444447777                                 78888888888888867 77777766555555555554444444444
            77777777777777777444444477777                                 768888888888888867  77765555555555544444444444
             7777777777777777444444477777                                    4455568888888885  7765555555555554444444444
              77777777777777744444447777777                                        7468888888577745555555555554444444444
              777777777777777444444477777777777                                        7588885   75555555555554444444444
               777777777777774444444777777777777777                                    7588887   75555555555555444444444
                777777777777744444444447777777777777777                               7588885    45555555555555444444444
                77777777777744444444444777777777777777777777777777777777            777888884    45555555555555544444444
                 7777777777744444444477777777777777777777777777777777777777777777777774888867777745555555555555444444444
                  777777777444444777777777777777777777777777777777777777777777777777774888844777745555555555555544444444
                  777777777444477777777777777777777777777777777777777777777777777777774888644777745565655555555544444444
                   77777774447777777777777777777777777777777777777777777777777777777775888544444456666666555555554444444
                   77777744777777777777777777777777777777777777777777777777777777777775888444555666666666665555544444444
                    7777477777777777777777777777777777777777777777777777777777777777777455544455566666666665555554444444
                     777777777777777777777777777777777777777777777777777777777777777774444555564565566666655555554444444
                 777 777777777777777777777777777777777777777777777777777777777777777774454444564555566666655555555444444
               777777777777777       77777777777777777 7       777777777777777777777777777774555565466666655555555544444
              777777777777              7  7   777 7          7777777777777777777777777777777455565688886665555555554444
