77744777777777777777777774444444444777777777777                                           77777    455555555555544444444
777777777777777777777777444444444444777777777777                                         777777    455555555555544444444
7777777777777777777777777444444444447777777777777                                        777777    455555555555544444444
7777777777777777777777777444444444447777777777777                                        777777    455555555555444444444
77777777777777777777777744444444444477777777777777                                      7777777    455555555555444444444
777777777777777777777777444444444444477777777777777                                    77777777    455555555555444444444
 77777777777777777777777444444444444477777777777777                                  7777777777    455555555554444444444
 7777777777777777777777744444444444447777777777777                                 777777777777    455555555554444444444
  777777777777777777777744444444444447777777777777                    7777777     7777777777777    555555555544444444444
   7777777777777777777777444444444444777777777777                    77777777777777777777777777    555555555554444444444
   7777777777777777777777444444444444777777777777                  7777777777777777777777777777   7555555555544444444444
    777777777777777777777444444444444777777777777    7747         777777777777777777777777777777777555555555544444444444
    7777777777777777777777444444444444777777         774557             77777       774777777777774555555555544444444444
     77777777777777777777744444444444777              745454         777777777777774688888866554746566555555544444444444
      7777777777777777777744444444444777 7            55555554       754777777777758888888888888868666554555544444444444
      7777777777777777777744444444444777 7           7656555564   777747777777774888888868888888888886554555444444444444
       777777777777777777774444444444777 7            655644556655555554444444458888888544555655568886544555544444444444
        77777777777777777774444444447777 7             45665554555555565544444588888888444444477756655555555444444444444
        77777777777777777777444444447777 7             44566554445555555664444888888888444444447756555555555444444444444
         7777777777777777777444444447777                7566865544555544588666888888886444444444456555555555444444444444
         7777777777777777777744444447777                   4688865555474888888888888884444444444466555555555444444444444
          777777777777777777744444447777                    788866554445888888888888857774744444466555555555444444444444
           77777777777777777744444447777                     76577744446888888888888854774774444466555555555444444444444
           77777777777777777774444447777                                756888888888888865777774466555555555444444444444
            7777777777777777744444447777                                   588888888888888857777765555555555444444444444
             7777777777777777444444477777                                   48888888888888888647765555555555544444444444
             7777777777777777444444477777                                     456666688888888885765555555555544444444444
              77777777777777744444447777777                                           7566888888445555555555544444444444
              777777777777777444444477777777777                                           768888775555555555554444444444
               777777777777744444444777777777777777                                      4888887 75555555555554444444444
                77777777777774444444444777777777777777                               7777888885  45555555555555444444444
                7777777777774444444444477777777777777777777777777777777            77777588886   45555555555554444444444
                 7777777777744444444777777777777777777777777777777777777777777777777777768886777745555555555555444444444
                  777777777444444777777777777777777777777777777777777777777777777777777488884777745555555555555444444444
                  777777777444477777777777777777777777777777777777777777777777777777777588844777745565655555555544444444
                   77777774447777777777777777777777777777777777777777777777777777777777688644444456666666655555554444444
                   77777744777777777777777777777777777777777777777777777777777777777774445544455666666666665555554444444
                    7777477777777777777777777777777777777777777777777777777777777777774444555555566666666665555554444444
                     777777777777777777777777777777777777777777777777777777777777777774444444564465566666655555555444444
                 777 777777777777777777777777777777777777777777777777777777777777777777777744554555566666655555555444444
               7777777777777777       7777777777777777       77777777777777777777777777777744555555466666655555555544444
              77777777777                  77  77            77777777777777777777777777777774455565688866665555555554444
