7774477777777777777777777444444444477777777777777                                         77777    455555555555555554444
77777777777777777777777744444444444477777777777777                                       777777    455555555555555544444
77777777777777777777777774444444444477777777777777                                        77777    455555555555555444444
77777777777777777777777744444444444477777777777777                                      7777777    455555555555554444444
777777777777777777777777444444444444477777777777777                                     7777777    455555555555554444444
7777777777777777777777744444444444444777777777777777                                    7777777    455555555555544444444
 7777777777777777777777744444444444447777777777777777                                   7777777    455555555555554444444
 77777777777777777777777444444444444477777777777777777                            7777777777777    455555555555544444444
  7777777777777777777777444444444444447777777777777777                        77777777777777777    555555555555544444444
   777777777777777777777444444444444447777777777777777                     77777777777777777777  77555555555555544444444
   7777777777777777777774444444444444477777777777777777              777777777777777777777777777777555555555554444444444
    7777777777777777777744444444444444777777777777777777           77777777777777777777777777777777555555555554444444444
    77777777777777777777444444444444447777777                74447             77777756665554777774555555555554444444444
     77777777777777777777444444444444477 7                   774454   7    777777777688888888866546566555555554444444444
      7777777777777777777444444444444477 7                   54554554 57      777774888888888888888666554555544444444444
      7777777777777777777444444444444477 7                  7655555564    7777777776888886688888888888554555544444444444
       777777777777777777444444444444477 7                   65655556655555544444448888888544555568686544555544444444444
       777777777777777777744444444444777 7                    4565555665555556444448888888854444456665555555544444444444
        77777777777777777774444444444777 7                   74456555445555555565448888888864444456655555555444444444444
         7777777777777777774444444444777 7                    7465665544455554558868888888884444466655555555444444444444
         7777777777777777777444444444777  7                     74686654455554468888888888885444466655555555444444444444
          777777777777777777444444444777  7                        68886554544488888888888885444466655555555444444444444
           77777777777777777444444447777  7                        68854555544588888888888884774466665555555544444444444
           777777777777777777444444477777 7                         7       77756888888888888864765665555555544444444444
            77777777777777774444444477777 7                                      468888888888888865566555555554444444444
            77777777777777774444444477777 7                                        5888888888888888666655555544444444444
             7777777777777777444444477777                                           768888888888888886665555554444444444
              777777777777777444444477777777                                           777745888888888865555555444444444
              7777777777777744444444477777777777777                                           45888888886555554444444444
               77777777777774444444447777777777777777                                          7588888865555555444444444
                77777777777744444444444477777777777777777  777                        77777  768888888665555555444444444
                777777777777444444444447777777777777777777777777777777777           777777774888888866655555555444444444
                 7777777777444444444477777777777777777777777777777777777777777777777777777758888886555555555555444444444
                  777777777444444477777777777777777777777777777777777777777777777777777774688885445555555555555444444444
                  777777774444447777777777777777777777777777777777777777777777777777777746888647745566655555555544444444
                   77777774447777777777777777777777777777777777777777777777777777777777444665444456666866655555544444444
                   77777744777777777777777777777777777777777777777777777777777777777774444554555666666666665555544444444
                    7777477777777777777777777777777777777777777777777777777777777777777444455555566666666665555544444444
                 7  7777777777777777777777777777777777777777777777777777777777777777777777444665465566666655555554444444
               77777 777777777777777777777777777777777777777777777777777777777777777777777774555555566666655555554444444
             77777777777777777777   777777777777777777777777777777777777777777777777777777777555555466666655555555444444
            7777777777777777          7777777777777777 77   777777777777777777777777777777777455565688886665555555554444
