777447777777777777777777444444444447777777777777                                          77777    455555555555554544444
7777777777777777777777774444444444447777777777777                                        777777    455555555555555444444
77777777777777777777777744444444444477777777777777                                       777777    455555555555554444444
77777777777777777777777744444444444447777777777777                                       777777    455555555555554444444
77777777777777777777777744444444444447777777777777                                      7777777    455555555555544444444
777777777777777777777774444444444444477777777777777                                     7777777    455555555555544444444
 777777777777777777777744444444444444777777777777777                                    7777777    455555555555544444444
 777777777777777777777744444444444444777777777777777                                    7777777    455555555555544444444
  77777777777777777777774444444444444777777777777777                                    7777777    555555555554444444444
   7777777777777777777774444444444444777777777777777 7          777777777777777         777777     555555555554444444444
   777777777777777777774444444444444447777777777777777         777777777777777777     77777777     555555555554444444444
    777777777777777777774444444444444477777744477777777   777  77777777777777777777   77777777    7555555555554444444444
    77777777777777777777444444444444447777777445577             7777777777                     7777555555555544444444444
     77777777777777777774444444444444477    445545657          777777777777777777777777777777777746555555555544444444444
      7777777777777777774444444444444477 7  7565555665    777  77777 75777      7777777777777777746665554555544444444444
      7777777777777777774444444444444477 7   756555566655555554777777747777774444555555555666666668886554555544444444444
       777777777777777777444444444444477 7    45655555555555555654444444455688888888888888888888888886544555544444444444
        77777777777777777744444444444777 7     4566655444555544468865556888888888888888888888886668666555555554444444444
        77777777777777777744444444444777 7     7566666655555544588888888888888888888654445554447756555555555444444444444
         7777777777777777774444444444777         75668886555544688888888888888888854444444777777756555555555444444444444
         7777777777777777777444444447777            48886665555688888888888888865444777774777777756555555555444444444444
          777777777777777777744444447777              585    77746888888888884777777777774777777756555555555444444444444
           77777777777777777744444447777  7                       5888888888867 7777777774777777755555555555444444444444
           77777777777777777744444447777  7                        6888888888887    777777777777755555555555544444444444
            7777777777777777744444447777                            4688888888884     7777 77777765555555555444444444444
            77777777777777774444444477777                              74688888884            77765555555555544444444444
             7777777777777777444444477777                                 76888888             7765555555555554444444444
              77777777777777744444447777777                                 4688886      777   7745555555555544444444444
              777777777777774444444477777777777                               588887            775555555555554444444444
               7777777777777744444447777777777777777                           68885777777777    75555555555555444444444
                7777777777774444444444447777777777777777                       48888777777777    45555555555555444444444
                777777777777444444444447777777777777777777777777777777777      78888677777777    45555555555555444444444
                 7777777777744444444477777777777777777777777777777777777777777775888857777777777745555555555555444444444
                  777777777444444477777777777777777777777777777777777777777777777588884444444777745555555555555444444444
                  777777774444447777777777777777777777777777777777777777777777777758886774444777445555555555555544444444
                   77777774447777777777777777777777777777777777777777777777777777775888574444444456666666655555554444444
                   77777744777777777777777777777777777777777777777777777777777777777588854444555666666666665555554444444
                    7777477777777777777777777777777777777777777777777777777777777777755455544555566666666665555554444444
                     777777777777777777777777777777777777777777777777777777777777777774444555564565566666655555555544444
               77777 777777777777777777777777777777777777777777777777777777777777777774454444554565566666655555555544444
               7777777777777777      777777777777777777777   77777777777777777777777777777744555565466666655555555544444
              777777777777             777777777777777  7   777777777777777777777777777777774455566688886665555555554444
