77744777777777777777777774444444444777777777777                                           77777    455555555555555544444
7777777777777777777777774444444444447777777777777                                        777777    455555555555555444444
7777777777777777777777777444444444447777777777777                                        777777    455555555555554444444
77777777777777777777777744444444444477777777777777                                      7777777    455555555555554444444
77777777777777777777777744444444444447777777777777                                      7777777    455555555555544444444
777777777777777777777777444444444444477777777777777                                    77777777    455555555555544444444
 77777777777777777777777444444444444477777777777777                                   777777777    455555555555544444444
 77777777777777777777777444444444444477777777777777                          77     77777777777    455555555555544444444
  7777777777777777777777444444444444477777777777777                       7777777  777777777777    555555555555444444444
   777777777777777777777744444444444477777777777777  7               77777777777777777777777777   7555555555555544444444
   77777777777777777777774444444444447777777777777                 7777777777777777777777777777  77555555555554444444444
    7777777777777777777774444444444447777777777777      7747      777777777777777777777777777777777555555555554444444444
    7777777777777777777777444444444444777777            774547             777777   745444477777774555555555544444444444
     77777777777777777777744444444444777                7754455       77777777777774888888888665446566555555554444444444
      7777777777777777777744444444444777 7              755555664    754777777777748888888888888888666554555544444444444
      7777777777777777777744444444444777 7              7565555667   747777777777588888866888888888888554555544444444444
       777777777777777777774444444444777 7               556555566655555544444445888888844445555568886544555544444444444
        77777777777777777774444444444777 7                45655555555555554444448888888844444444456655555555544444444444
        77777777777777777777444444447777 7                45666554445555556644458888888854444444456655555555544444444444
         7777777777777777777744444447777                   7668655445555445886688888888854444444456655555555444444444444
         7777777777777777777744444447777                      5888655555446888888888888844444444466655555555444444444444
          777777777777777777744444447777                      7888665544458888888888888674744444466655555555444444444444
           77777777777777777744444447777                       765777744458888888888888574777444466655555555444444444444
           77777777777777777744444447777                                  7568888888888888547777466655555555544444444444
            7777777777777777744444447777                                     5888888888888886577765655555555454444444444
            77777777777777777444444477777                                     488888888888888885765565555555544444444444
             7777777777777777444444477777                                       5688888888888888885556555555554444444444
              77777777777777744444447777777                                           7746888888888556555555554444444444
              777777777777777444444477777777777                                            74688888555555555554444444444
               777777777777774444444777777777777777                                        76888885555555555555444444444
                777777777777744444444447777777777777777                               7777488888645555555555555444444444
                77777777777744444444444777777777777777777777777777777777            777777688886745555555555555444444444
                 7777777777744444444477777777777777777777777777777777777777777777777777775888867745555555555555444444444
                  777777777444444777777777777777777777777777777777777777777777777777777748888477745555555555555444444444
                  777777777444477777777777777777777777777777777777777777777777777777777768885777745566655555555544444444
                   77777774447777777777777777777777777777777777777777777777777777777777468854444456666666655555554444444
                   77777744777777777777777777777777777777777777777777777777777777777774445644555666666666665555544444444
                    7777477777777777777777777777777777777777777777777777777777777777774444555555566666666665555554444444
                     777777777777777777777777777777777777777777777777777777777777777777444444564465566666665555554444444
               77777 777777777777777777777777777777777777777777777777777777777777777777777774554565566666655555555444444
               7777777777777777      7777777777777777777      7777777777777777777777777777777555555466666655555555544444
              777777777777                 777777777          7777777777777777777777777777777455565688886665555555554444
