777447777777777777777777444444444447777777777777                                         777777    455555555555544444444
77777777777777777777777744444444444477777777777777                                       777777    455555555555444444444
77777777777777777777777774444444444477777777777777                                      7777777    455555555555544444444
777777777777777777777777444444444444777777777777777                                     7777777    455555555555444444444
7777777777777777777777774444444444444777777777777777                                    7777777    455555555554444444444
7777777777777777777777774444444444444777777777777777                                    7777777    455555555555444444444
 7777777777777777777777444444444444447777777777777777                                   7777777    455555555554444444444
 77777777777777777777777444444444444477777777777777777                                  7777777    455555555544444444444
  777777777777777777777744444444444447777777777777777                         77777777777777777    555555555544444444444
   777777777777777777777444444444444447777777777777777                       777777777777777777   7555555555544444444444
   777777777777777777777444444444444447777777777777777              77 7777777777777777777777777 77555555555544444444444
    777777777777777777774444444444444477777777777777777            77777777777777777777777777777777555555555444444444444
    7777777777777777777744444444444444777777                7444                    768866655477774555555555544444444444
     77777777777777777777444444444444477                    774557    7     77777777688888888886546566555555444444444444
      7777777777777777777444444444444477 7                   445554   57       77774888888888888888666554555444444444444
      7777777777777777777444444444444777 7                 765655554        77777776888888668888888888554555444444444444
       777777777777777777444444444444777 7                 6865655555477444477744448888888544444566685444455444444444444
       777777777777777777774444444444777 7                 7865654455665555555444448888888854444456655555555444444444444
        77777777777777777774444444444777 7                  764566555445555556554448888888884444456655555555444444444444
         7777777777777777774444444444777                     54466655444455555566558888888885444466655555555444444444444
         7777777777777777777444444447777  7                   4586666665455554468888888888885444466655555555444444444444
          777777777777777777744444447777  7                     74568886555547488888888888885444466655555555444444444444
           77777777777777777744444447777  7                        48866655544588888888888886444466655555555444444444444
           77777777777777777744444447777  7                         464  77744468888888888888886565565555555544444444444
            77777777777777774444444477777 7                                      468888888888888886566555555444444444444
            77777777777777774444444477777 7                                        4888888888888888866655555544444444444
             7777777777777777444444477777                                           756888888888888888665555554444444444
              77777777777777744444447777777                                             77777568888888886555554444444444
              777777777777774444444477777777777777                                             7588888886555554444444444
               77777777777774444444447777777777777777                                         46888888865555555444444444
                7777777777774444444444477777777777777777   77                        77777777588888886655555555444444444
                77777777777744444444444777777777777777777777777777777777           7777777776888888655555555555444444444
                 7777777777744444444477777777777777777777777777777777777777777777777777777588888655555555555555444444444
                  777777777444444477777777777777777777777777777777777777777777777777777745888857745555555555555544444444
                  777777774444447777777777777777777777777777777777777777777777777777777444686477745566655555555544444444
                   77777774447777777777777777777777777777777777777777777777777777777774444564444556666666655555554444444
                   77777744777777777777777777777777777777777777777777777777777777777777444455555666666666665555555444444
                    7777477777777777777777777777777777777777777777777777777777777777777774445665566666666665555554444444
                 7  7777777777777777777777777777777777777777777777777777777777777777777777444555465566666665555555444444
               77777 777777777777777777777777777777777777777777777777777777777777777777777744555555566666655555555444444
              777777777777777777    7777777777777777777777 7777777777777777777777777777777744555565466666665555555544444
              7777777777777           7777777777777777     7777777777777777777777777777777774455566688886665555555554444
