77744777777777777777777744444444444777777777777                                           77777    455555555555554444444
7777777777777777777777774444444444447777777777777                                        777777    455555555555554444444
7777777777777777777777774444444444447777777777777                                        777777    455555555555554444444
77777777777777777777777744444444444477777777777777                                       777777    455555555555554444444
77777777777777777777777744444444444447777777777777                                      7777777    455555555555444444444
777777777777777777777774444444444444477777777777777                                     7777777    455555555555444444444
 77777777777777777777774444444444444477777777777777                                     7777777    455555555555544444444
 77777777777777777777777444444444444477777777777777                                     7777777    455555555555444444444
  777777777777777777777744444444444447777777777777                 77777      77        7777777    555555555554444444444
   7777777777777777777774444444444444777777777777    7            777777777777777       777777     555555555554444444444
   7777777777777777777774444444444444477777777777               7777777777777777777777777777777    555555555554444444444
    7777777777777777777744444444444444777777777444777          777777777777777777777777777777777 77555555555554444444444
    7777777777777777777744444444444444777777  77445547            777777777                 7777774555555555544444444444
     77777777777777777777444444444444477       445445657         7777777777777777777777777777777746555555555544444444444
      7777777777777777774444444444444477 7      555555664        777775477 777777745686666666555456666554555544444444444
      7777777777777777777444444444444477 7      456555566555555547777747777774568888888888888888888886554555544444444444
       777777777777777777444444444444777 7       45655555555555555544444444568888888888888888888888886544555544444444444
        77777777777777777744444444444777 7       74566554445555555566544458888888888864445555544456665555555544444444444
        77777777777777777774444444444777 7        7566665545555444688886688888888886444444777777756555555555444444444444
         7777777777777777777444444444777            75688865555445888888888888888864444444477777756555555555444444444444
         7777777777777777777444444447777              788866655546888888888888886444444444447777756555555555444444444444
          777777777777777777744444447777               75857777444688888888888857777777774744477756555555555444444444444
           77777777777777777744444447777  7                        75888888888886777777774777777766555555555444444444444
           77777777777777777744444447777  7                          588888888888857 77774777777765555555555544444444444
            7777777777777777444444447777                              588888888888867  777 77777765555555555454444444444
            77777777777777774444444477777                              745668888888884       777765555555555544444444444
             7777777777777777444444477777                                    4688888884         765555555555554444444444
              77777777777777744444447777777                                    756888884 7777   745555555555554444444444
              777777777777774444444477777777777                                   488884         75555555555554444444444
               7777777777777444444447777777777777777                               6888477777    75555555555555444444444
                777777777777444444444447777777777777777    7                      78888577777    45555555555555444444444
                777777777777444444444447777777777777777777777777777777777         78888677777    45555555555555544444444
                 7777777777444444444477777777777777777777777777777777777777777777776888877777777745555555555555444444444
                  777777777444444477777777777777777777777777777777777777777777777775888844444777745555555555555544444444
                  777777774444447777777777777777777777777777777777777777777777777777688844444777445565655555555544444444
                   77777774447777777777777777777777777777777777777777777777777777777488854444444456666666655555554444444
                   77777744777777777777777777777777777777777777777777777777777777777768864444555666666666665555555444444
                    7777477777777777777777777777777777777777777777777777777777777777746665444555566666666665555555444444
                    7777777777777777777777777777777777777777777777777777777777777777774445555564565566666655555555544444
                7777 777777777777777777777777777777777777777777777777777777777777777774445544554565566666655555555544444
               7777777777777777       7777777777777777777    77777777777777777777777777444444555565466666655555555544444
              777777777777             77777777777777       777777777777777777777777777777744455566688886665555555554444
