777447777777777777777777744444444447777777777                                             77777    455555555555444444444
777777777777777777777777774444444444777777777777                                         777777    455555555555444444444
7777777777777777777777777444444444447777777777777                                        777777    455555555555544444444
77777777777777777777777774444444444477777777777777                                      7777777    455555555555444444444
77777777777777777777777744444444444477777777777777                                      7777777    455555555554444444444
777777777777777777777777444444444444477777777777777                                      777777    455555555555444444444
 77777777777777777777777444444444444777777777777777                                     7777777    455555555554444444444
 77777777777777777777777444444444444477777777777777                                      777777    455555555544444444444
  777777777777777777777744444444444447777777777777                  77777      7777      77777     555555555544444444444
   77777777777777777777774444444444447777777777777                 77777777  77777777   777777     555555555544444444444
   7777777777777777777777444444444444777777777777                 77777777777777777777777777777   7555555555544444444444
    7777777777777777777774444444444447777777777777447           77777777777777777777777777777777777555555555444444444444
    777777777777777777777444444444444777777      744547             777777                   777774555555555544444444444
     77777777777777777777444444444444777         74554557          77777777777777774666555554477746555555555544444444444
      7777777777777777777444444444444777 7        55555565          775477   7777568888888888888666666554455544444444444
      7777777777777777777744444444444777 7        5565555667777747777747777777468888888888888888888886554455544444444444
       777777777777777777774444444444777 7        4556545555555555647444444446888888886456668666668886544455444444444444
        77777777777777777774444444444777 7         755665554455555556544444468888888864444477777756655555555444444444444
        77777777777777777774444444444777 7          44666555445555555665545888888888644444477777756555555555444444444444
         7777777777777777777444444447777             4666866655555445888888888888888444444444777756555555555444444444444
         7777777777777777777744444447777               74688865554448888888888888864444444444444456555555555444444444444
          777777777777777777744444447777                  58865555558888888888888677777774744444466555555555444444444444
           77777777777777777744444447777  7                65    7774688888888888654777774744444466555555555444444444444
           77777777777777777744444447777  7                           76888888888888657774777744466555555555444444444444
            7777777777777777744444447777                                688888888888888577 77777766555555555444444444444
             7777777777777777444444477777                                46888888888888885   777765555555555544444444444
             7777777777777777444444477777                                  77444568888888867  77765555555555554444444444
              77777777777777744444447777777                                       74568888867777745555555555554444444444
              777777777777777444444477777777777                                       768885    775555555555554444444444
               7777777777777744444447777777777777777                                 74888847    45555555555555444444444
                777777777777444444444447777777777777777                              78888877    45555555555555544444444
                7777777777774444444444477777777777777777777777777777777             748888677   745555555555555544444444
                 7777777777744444444477777777777777777777777777777777777777777777777748888577777745555555555555544444444
                  777777777444444477777777777777777777777777777777777777777777777777748888444777745555555555555554444444
                  777777777444477777777777777777777777777777777777777777777777777777778886444777445566655555555554444444
                   77777774447777777777777777777777777777777777777777777777777777777776886444444456666666655555555444444
                   77777744777777777777777777777777777777777777777777777777777777777776886444555666666666665555555444444
                    7777477777777777777777777777777777777777777777777777777777777777774455555555566666666665555555444444
                     777777777777777777777777777777777777777777777777777777777777777774445555564565566666665555555544444
                7777 777777777777777777777777777777777777777777777777777777777777777777444444555565566666665555555554444
               777777777777777        7777777777777777 7     77777777777777777777777777777444555565466666665555555554444
              77777777777                  7     77          77777777777777777777777777777744455566688886665555555554444
