77744777777777777777777774444444444777777777777                                           77777    455555555555544444444
7777777777777777777777774444444444447777777777777                                        777777    455555555555544444444
7777777777777777777777777444444444447777777777777                                        777777    455555555555544444444
77777777777777777777777744444444444477777777777777                                       777777    455555555555444444444
77777777777777777777777744444444444447777777777777                                      7777777    455555555555444444444
777777777777777777777777444444444444477777777777777                                    77777777    455555555555444444444
 77777777777777777777777444444444444477777777777777                                    77777777    455555555554444444444
 77777777777777777777777444444444444477777777777777                                   777777777    455555555554444444444
  7777777777777777777777444444444444477777777777777                         77777   77777777777    555555555544444444444
   777777777777777777777744444444444477777777777777                    777777777777777777777777    555555555554444444444
   7777777777777777777777444444444444777777777777777               7777777777777777777777777777  77555555555544444444444
    7777777777777777777774444444444444777777777777777    777       77777777777777777777777777777777555555555544444444444
    7777777777777777777774444444444447777777             7454                77     745554447777774555555555544444444444
     77777777777777777777444444444444777                 744457       77777777777774688888888865446566555555544444444444
      7777777777777777777444444444444777 7               44554547     54   777777778888888888888888666554555544444444444
      7777777777777777777744444444444777 7              7655555567    77777777777468888866888888888888554555444444444444
       777777777777777777774444444444777 7               855655556655555547444444688888854445555568686544555444444444444
        77777777777777777774444444444777 7                55655555555555565444445888888864444444456655555555444444444444
        77777777777777777777444444444777 7                44566555445555555654446888888885444444456555555555444444444444
         7777777777777777777444444447777                   4566665444555544568658888888885444444456655555555444444444444
         7777777777777777777744444447777                     45688865555544588888888888884444444466655555555444444444444
          777777777777777777744444447777                       788886555444888888888888864744444466655555555444444444444
           77777777777777777744444447777  7                     48854455545888888888888865777444466655555555444444444444
           77777777777777777744444447777  7                      7       7 458888888888888865777466655555555544444444444
            7777777777777777744444447777                                     7588888888888888864765665555555444444444444
            77777777777777774444444477777                                      46888888888888888665566555555544444444444
             7777777777777777444444477777                                        468888888888888888656555555554444444444
              77777777777777744444447777777                                             74588888888866655555544444444444
              7777777777777774444444777777777777                                            7488888856555555554444444444
               7777777777777744444447777777777777777                                       75888888556555555555444444444
                777777777777444444444447777777777777777                              77777768888865555555555555444444444
                77777777777744444444444777777777777777777777777777777777           7777777588888545555555555554444444444
                 7777777777744444444477777777777777777777777777777777777777777777777777774888864745555555555555444444444
                  777777777444444477777777777777777777777777777777777777777777777777777748888577745555555555555444444444
                  777777777444477777777777777777777777777777777777777777777777777777777768885777745566655555555544444444
                   77777774447777777777777777777777777777777777777777777777777777777777446854444456666666655555554444444
                   77777744777777777777777777777777777777777777777777777777777777777774445554455666666666665555554444444
                    7777477777777777777777777777777777777777777777777777777777777777774444455565566666666665555554444444
                     777777777777777777777777777777777777777777777777777777777777777777777444564465566666665555555444444
                7777 777777777777777777777777777777777777777777777777777777777777777777777744555555566666655555555444444
               7777777777777777      777777777777777777     777777777777777777777777777777774555565466666655555555544444
              777777777777             777777777777         777777777777777777777777777777777455565688886665555555554444
