7774477777777777777777744444444444477777777777777                                        777777    455555555555555444444
77777777777777777777777444444444444477777777777777                                      7777777    455555555555555444444
777777777777777777777774444444444444477777777777777                                     7777777    455555555555554444444
777777777777777777777774444444444444477777777777777                                    77777777    455555555555554444444
7777777777777777777777744444444444444777777777777777                                   77777777    455555555555444444444
777777777777777777777774444444444444447777777777777777                                 77777777    455555555555444444444
 777777777777777777777444444444444444477777777777777777                              7777777777    455555555555544444444
 7777777777777777777774444444444444444777777777777777777             77777        7777777777777    455555555555444444444
  777777777777777777777444444444444444777777777777777777            7777777      77777777777777    555555555554444444444
   777777777777777777774444444444444447777777777777777777         77777777777777777777777777777    555555555554444444444
   777777777777777777774444444444444447777777777777777777777     777777777777777777777777777777   7555555555544444444444
    77777777777777777774444444444444444777777777777777777777    77777777777777777777777777777777777555555555544444444444
    77777777777777777777444444444444444777777      74557             7777777         77     7777774555555555544444444444
     77777777777777777744444444444444477 77        4454557          7777777777777774688886666544746555555555544444444444
      7777777777777777774444444444444477 7         755555657         7547777 7777588888888888888866666554555544444444444
      7777777777777777774444444444444477 7         766555566477774477747777777758888888888888888888886554555444444444444
       777777777777777777444444444444477 7          65655556665555565444444444688888886444556655668886444555444444444444
       777777777777777777444444444444477 7           4565555455555555654444458888888884444477777756555555554444444444444
        77777777777777777444444444444477 7           4466655444555554568865588888888854444444777756555555554444444444444
         7777777777777777744444444444777777           766686655555544588888888888888644444444477756555555554444444444444
         77777777777777777444444444447777 7             7468886555544688888888888886444444444444456555555554444444444444
          7777777777777777744444444447777 7               48886665555688888888888884777774744444466555555554444444444444
           777777777777777774444444447777 7                 667   777746888888888888657774777744466555555554444444444444
           777777777777777744444444447777 7                             488888888888888647 77777765555555554444444444444
            77777777777777744444444447777 7                              768888888888888864  777765555555554444444444444
            77777777777777774444444477777 7                                468888888888888867  7765555555555444444444444
             7777777777777744444444447777                                      777458888888884 7765555555555544444444444
              777777777777774444444447777777                                         745688885 7745555555555444444444444
              777777777777774444444447777777777777777       7                           588887   75555555555544444444444
               777777777777744444444477777777777777777777  777                        7588885    75555555555544444444444
                77777777777444444444444477777777777777777777777                    7777888884    45555555555555444444444
                7777777777744444444444447777777777777777777777777777777777   7777777774888867    45555555555554444444444
                 7777777777444444444477777777777777777777777777777777777777777777777774888847777745555555555555444444444
                 7777777777444444477777777777777777777777777777777777777777777777777774888644777745555555555555444444444
                  777777774444447777777777777777777777777777777777777777777777777777774888544777745565655555555544444444
                   77777744447777777777777777777777777777777777777777777777777777777775888444444456666666655555554444444
                   77777744777777777777777777777777777777777777777777777777777777777774566444455666666666665555544444444
                    7777477777777777777777777777777777777777777777777777777777777777774445554555566666666665555554444444
                77  7774777777777777777777777777777777777777777777777777777777777777774455555565465566666655555555444444
              777777 777777777777777777777777777777777777777777777777777777777777777777447444555565566666655555555444444
            777777777777777777777777777777777777777777777777777777777777777777777777777777444555565466666655555555544444
            7777777777777777         77777777777777777777777777777777777777777777777777777744455566688886665555555554444
