777447777777777777777777444444444447777777777777                                         777777    455555555555555554444
7777777777777777777777774444444444447777777777777                                        777777    455555555555555544444
77777777777777777777777774444444444477777777777777                                       777777    455555555555555444444
777777777777777777777777444444444444777777777777777                                     7777777    455555555555555544444
777777777777777777777777444444444444477777777777777                                     7777777    455555555555554444444
7777777777777777777777744444444444444777777777777777                                    7777777    455555555555554444444
 7777777777777777777774444444444444447777777777777777                                   7777777    455555555555554444444
 777777777777777777777744444444444444777777777777777777              7777            77 7777777    455555555555544444444
  77777777777777777777744444444444444777777777777777777            7777777      777777777777777    555555555555544444444
   77777777777777777777744444444444444777777777777777777         777777777777777777777777777777    555555555555544444444
   777777777777777777774444444444444447777777777777777777       7777777777777777777777777777777   7555555555555544444444
    77777777777777777777444444444444447777777777777477777777   777777777777777777777777777777777777555555555554444444444
    77777777777777777777444444444444447777777    7745444           777777777               77777774555555555554444444444
     77777777777777777774444444444444477 77      745456667        777747777777777777555544444777746555555555554444444444
      7777777777777777774444444444444477 7        555556665       7777547777 7777568888888888886556665554555544444444444
      7777777777777777774444444444444477 7        7665556664744444777747777777468888888888888888888886554555544444444444
       777777777777777777444444444444477 7         465555666555555644444444456888888886556688886688886544555544444444444
       777777777777777777444444444444477 7         455655545555555556654444688888888854444777777756555555555444444444444
        77777777777777777744444444444777 7          46686554455555446888868888888888544444777777756555555555444444444444
         7777777777777777744444444444777 77           468866555554458888888888888885444444477777756555555555444444444444
         7777777777777777774444444444777  7             6888665554468888888888888854444444744777756555555555444444444444
          777777777777777777444444444777  7             4688544445568888888888888477777774744444756555555555444444444444
           777777777777777774444444447777 7               47         468888888888854777774777744466555555555444444444444
           777777777777777774444444447777 7                           76888888888888677777777777765555555555444444444444
            77777777777777774444444477777 7                            76888888888888857 7 77777765555555554444444444444
            77777777777777774444444477777 7                              4568888888888867    777765555555555444444444444
             7777777777777774444444477777                                      46888888884      765555555555544444444444
              777777777777774444444477777777                                      45688888477  7745555555555444444444444
              77777777777777444444447777777777777777                                 588887      75555555555544444444444
               777777777777744444444477777777777777777     77                        68886777    75555555555545444444444
                7777777777774444444444447777777777777777777777                      788885777    75555555555555444444444
                7777777777774444444444477777777777777777777777777777777777        77488885777    45555555555554444444444
                 7777777777444444444477777777777777777777777777777777777777777777777488885777777745555555555555444444444
                 7777777777444444477777777777777777777777777777777777777777777777777768885444777745555555555555444444444
                  777777774444447777777777777777777777777777777777777777777777777777758884444777745555555555555544444444
                   77777774447777777777777777777777777777777777777777777777777777777758884444444456666666555555544444444
                   77777744777777777777777777777777777777777777777777777777777777777748885444555666666666665555544444444
                    7777477777777777777777777777777777777777777777777777777777777777775555444455566666666665555544444444
                 7  7777777777777777777777777777777777777777777777777777777777777777774445555564455566666655555554444444
               77777 777777777777777777777777777777777777777777777777777777777777777774455544564555566666655555554444444
             77777777777777777777  7777777777777777777777777777777777777777777777777777477444555565466666655555555444444
             777777777777777          7777777777777777777777777777777777777777777777777777774455565688886655555555544444
