7774477777777777777777744444444444447777777777777                                       7777777    455555555555554444444
77777777777777777777777444444444444477777777777777                                      7777777    455555555555544444444
777777777777777777777774444444444444477777777777777                                    77777777    455555555555554444444
7777777777777777777777444444444444444777777777777777                                   77777777    455555555555544444444
77777777777777777777777444444444444447777777777777777                                  77777777    455555555555444444444
7777777777777777777777744444444444444477777777777777777                                77777777    455555555555444444444
 7777777777777777777774444444444444444777777777777777777                               77777777    455555555554544444444
 7777777777777777777774444444444444444777777777777777777                       7777777777777777    455555555554444444444
  7777777777777777777774444444444444447777777777777777777                   7777777777777777777    555555555544444444444
   777777777777777777774444444444444444777777777777777777            77777777777777777777777777    555555555554444444444
   77777777777777777777444444444444444477777777777777777777        7777777777777777777777777777  77555555555544444444444
    77777777777777777777444444444444444777777777777777777777      777777777777777777777777777777777555555555544444444444
    777777777777777777774444444444444447777777              4447               77    44444447777774555555555444444444444
     77777777777777777744444444444444447 77                 74554     7  77777777777688888888865446555555555444444444444
      7777777777777777774444444444444447 7                  4455557   57      777775888888888888888666554555444444444444
      7777777777777777774444444444444447 7                 556555565  7  77777777748888886888888888888554555444444444444
       777777777777777777444444444444477 7                 5656555565444444444444458888886445555568686444555444444444444
       777777777777777777444444444444477 7                  655655555655555554444468888888544444456555555554444444444444
        7777777777777777744444444444447777                  744665554455555555654488888888644444456555555554444444444444
         7777777777777777444444444444477777                  45666554445555545586688888888844444466555555555444444444444
         7777777777777777744444444444777777                    456866655555444688888888888844444466655555555444444444444
          7777777777777777744444444447777 7                      7688865544445888888888888844444466655555555444444444444
           777777777777777744444444447777 7                       488655555446888888888888847774466655555555444444444444
           777777777777777744444444447777 7                        44     7774688888888888888654765555555555544444444444
            77777777777777744444444447777 7                                    75888888888888888665566555555444444444444
            77777777777777744444444447777 7                                      768888888888888888666655555544444444444
             7777777777777744444444447777                                          5688888888888888886665555554444444444
              777777777777744444444447777777                                         77477446888888888665555554444444444
              77777777777774444444444777777777777777777    77                                 45888888865555554444444444
               77777777777744444444447777777777777777777777777                       77777777758888888655555555444444444
                77777777777444444444444477777777777777777777777                  777777777774888888866655555555444444444
                77777777777444444444444477777777777777777777777777777777777777777777777777748888886555555555555444444444
                 7777777777444444444447777777777777777777777777777777777777777777777777777588888555555555555555444444444
                 7777777774444444447777777777777777777777777777777777777777777777777777746888857745555555555555444444444
                  777777774444447777777777777777777777777777777777777777777777777777777745886477745566655555555544444444
                   77777744444777777777777777777777777777777777777777777777777777777774444564444456666666655555554444444
                   77777444777777777777777777777777777777777777777777777777777777777774444454555666666666665555554444444
                    7777477777777777777777777777777777777777777777777777777777777777777744445565566666666665555554444444
               777  7774777777777777777777777777777777777777777777777777777777777777777774444565465566666665555555444444
              7777777777777777777777777777777777777777777777777777777777777777777777777774444555565566666655555555444444
            777777777777777777777777777777777777777777777777777777777777777777777777777777444555565466666655555555544444
            77777777777777777       777777777777777777777777777777777777777777777777777777744455565688886665555555554444
