7774477777777777777777744444444444447777777777777                                       7777777    455555555555554444444
77777777777777777777777444444444444477777777777777                                      7777777    455555555555554444444
777777777777777777777774444444444444477777777777777                                     7777777    455555555555544444444
777777777777777777777774444444444444477777777777777                                    77777777    455555555555444444444
7777777777777777777777744444444444444777777777777777                                   77777777    455555555555444444444
777777777777777777777774444444444444477777777777777777                                777777777    455555555555444444444
 777777777777777777777444444444444444477777777777777777                            777777777777    455555555554444444444
 7777777777777777777774444444444444444777777777777777777             777777      77777777777777    455555555554444444444
  777777777777777777777444444444444444777777777777777777            77777777    777777777777777    555555555544444444444
   777777777777777777774444444444444447777777777777777777         77777777777777777777777777777    555555555554444444444
   777777777777777777774444444444444447777777777777777777777     777777777777777777777777777777  77555555555544444444444
    77777777777777777774444444444444444777777777777774777777    77777777777777777777777777777777777555555555444444444444
    77777777777777777777444444444444444777777      744547            77777777       744477777777777555555555444444444444
     77777777777777777774444444444444477 77        74554557         7777777777777775888888886654746555555555444444444444
      7777777777777777774444444444444447 7          55555565         754777777777588888888888888868666554555444444444444
      7777777777777777774444444444444477 7          56655556577744447744777777758888888668888888888886554555444444444444
       777777777777777774444444444444477 7          45565555565555556544444444688888886444455555568685444555444444444444
       777777777777777777444444444444477 7           7556555545555555566544446888888885444477777756555555554444444444444
        77777777777777777744444444444477 7           7456665544455554458886568888888864444444477756555555554444444444444
         7777777777777777744444444444777 77            46688665555554468888888888888854444444444756555555554444444444444
         77777777777777777744444444447777 7              746888655544488888888888888544444744444456555555554444444444444
          777777777777777777444444444777  7                5886655555588888888888886777774744444466555555554444444444444
           777777777777777774444444447777 7                 457    77745688888888888865774777744466555555554444444444444
           777777777777777774444444447777 7                             758888888888888864 77777765555555554444444444444
            77777777777777744444444447777 7                               588888888888888864 777765555555554444444444444
            77777777777777744444444447777 7                                7568888888888888867 7765555555555444444444444
             7777777777777774444444447777                                          7568888888877765555555555544444444444
              777777777777744444444447777777                                           74688887 745555555555444444444444
              777777777777744444444447777777777777777                                   488884   75555555555544444444444
               77777777777744444444447777777777777777777777777                        7488888    75555555555544444444444
                77777777777444444444444477777777777777777777777                   77777688885    45555555555554444444444
                7777777777744444444444447777777777777777777777777777777777  7 777777777688887    45555555555554444444444
                 7777777777444444444477777777777777777777777777777777777777777777777777888857777745555555555555444444444
                 7777777777444444477777777777777777777777777777777777777777777777777774888644777745555555555555444444444
                  777777774444447777777777777777777777777777777777777777777777777777774888544777745565655555555544444444
                   77777774444777777777777777777777777777777777777777777777777777777774688544444456666666655555554444444
                   77777744777777777777777777777777777777777777777777777777777777777774445544455666666666665555554444444
                    7777477777777777777777777777777777777777777777777777777777777777774444555555566666666665555554444444
                 7  7777777777777777777777777777777777777777777777777777777777777777774444444565465566666655555555444444
              777777 777777777777777777777777777777777777777777777777777777777777777777774444555565566666655555555444444
            777777777777777777777777777777777777777777777777777777777777777777777777777777444555565466666655555555544444
            7777777777777777         77777777777777777777777777777777777777777777777777777744455566688886665555555554444
