7774477777777777777777744444444444447777777777777                                       7777777    455555555555444444444
77777777777777777777777444444444444477777777777777                                      7777777    455555555555444444444
777777777777777777777774444444444444777777777777777                                    77777777    455555555555444444444
7777777777777777777777744444444444444777777777777777                                   77777777    455555555555444444444
7777777777777777777777744444444444444777777777777777                                   77777777    455555555554444444444
7777777777777777777777744444444444444777777777777777777                                77777777    455555555554444444444
 777777777777777777777444444444444444477777777777777777                                77777777    455555555544444444444
 7777777777777777777777444444444444444777777777777777777                               77777777    455555555544444444444
  777777777777777777777444444444444444777777777777777777                    7777777777777777777    555555555544444444444
   77777777777777777777444444444444444777777777777777777              77  777777777777777777777   7555555555544444444444
   777777777777777777774444444444444447777777777777777777          77777777777777777777777777777 77555555555444444444444
    777777777777777777774444444444444477777777777777777777        777777777777777777777777777777777555555555444444444444
    777777777777777777774444444444444477777777             777                      768886654777774555555555444444444444
     77777777777777777774444444444444477 77                74557      7     77777777688888888886446556554555444444444444
      7777777777777777774444444444444477 7                 445554     57      777775888888888888888666554455444444444444
      7777777777777777774444444444444477 7                455555554        777777748888885668888888886554455444444444444
       777777777777777777444444444444477 7                66565555647777744777744458888886444444566685444455444444444444
       777777777777777777444444444444477 7                48556555566655555544444468888888644444456555555554444444444444
        7777777777777777774444444444447777                 4656655554555555555544468888888844444456555555554444444444444
         7777777777777777744444444444477777                 545685554445555555665588888888854444466555555554444444444444
         7777777777777777744444444444777777                 746868665555555444888888888888844444466655555555444444444444
          7777777777777777744444444447777 7                   7446688865555445888888888888844444466655555555444444444444
           777777777777777774444444447777 7                       588666555446888888888888854474466655555555444444444444
           777777777777777774444444447777 7                        667  777474688888888888888865765555555555444444444444
            77777777777777744444444447777 7                                    75688888888888888865566555555444444444444
            77777777777777744444444447777 7                                      768888888888888888666655555544444444444
             7777777777777744444444447777                                          4568888888888888886665555554444444444
              777777777777744444444447777777                                              774688888888665555554444444444
              7777777777777444444444477777777777777777     77                                 75888888665555554444444444
               77777777777744444444447777777777777777777777777                      777777777588888866655555555444444444
                77777777777444444444444477777777777777777777777                   77777777776888888655555555555444444444
                7777777777744444444444447777777777777777777777777777777777 777777777777777768888865555555555555444444444
                 7777777777444444444447777777777777777777777777777777777777777777777777774688885745555555555555544444444
                 7777777774444444447777777777777777777777777777777777777777777777777777748888577745555555555555544444444
                  777777774444447777777777777777777777777777777777777777777777777777777445885777745566655555555554444444
                   77777744444777777777777777777777777777777777777777777777777777777774444554444556666666655555554444444
                   77777444777777777777777777777777777777777777777777777777777777777774444455555666666666665555555444444
                    7777477777777777777777777777777777777777777777777777777777777777777774445665566666666665555555444444
               777  7774777777777777777777777777777777777777777777777777777777777777777774444555465566666665555555444444
              7777777777777777777777777777777777777777777777777777777777777777777777777774444555565566666665555555444444
            777777777777777777777777777777777777777777777777777777777777777777777777777777444555565466666665555555544444
            77777777777777777        77777777777777777777777777777777777777777777777777777744455566688886665555555554444
