7774477777777777777777774444444444477777777777777                                        777777    455555555555444444444
7777777777777777777777774444444444447777777777777                                        777777    455555555555444444444
777777777777777777777777444444444444777777777777777                                     7777777    455555555555444444444
777777777777777777777774444444444444477777777777777                                     7777777    455555555555444444444
7777777777777777777777744444444444444777777777777777                                   77777777    455555555554444444444
777777777777777777777774444444444444477777777777777777                                 77777777    455555555554444444444
 777777777777777777777444444444444444777777777777777777                               777777777    455555555544444444444
 777777777777777777777744444444444444477777777777777777             7777           777777777777    455555555544444444444
  777777777777777777777444444444444444777777777777777777           77777777      77777777777777    555555555544444444444
   77777777777777777777444444444444444777777777777777777           777777777  77777777777777777    555555555444444444444
   777777777777777777774444444444444447777777777777777777  7     777777777777777777777777777777  77555555555444444444444
    77777777777777777774444444444444447777777777777777777777    77777777777777777777777777777777777555555555444444444444
    77777777777777777777444444444444444777777     74547              77777          456544477777777555555555444444444444
     77777777777777777774444444444444477 77       7745547            777777777777746888888888665446555555555444444444444
      7777777777777777774444444444444477 7         45555557          754777   774688888888888888888666554455444444444444
      7777777777777777774444444444444477 7         465555566    77777747777777758888888556888888888886554454444444444444
       777777777777777777444444444444477 7         766655556665555555744444444688888886444444444566685444454444444444444
       777777777777777777444444444444477 7          55665555555555555554444446888888885444477777756555555554444444444444
        7777777777777777744444444444447777           4556655444555554556665568888888864444444777756555555554444444444444
         7777777777777777444444444444777777          7566666555555554468888888888888854444444447756555555554444444444444
         77777777777777777744444444447777 7            46668888555544488888888888888544444744444456555555554444444444444
          7777777777777777744444444447777 7                6888665555588888888888886777774744444466555555544444444444444
           777777777777777774444444447777 7                 586777744456888888888888865774777744466555555554444444444444
           777777777777777744444444447777 7                  4          768888888888888854 77777765555555554444444444444
            77777777777777744444444447777 7                               588888888888888857 777765555555554444444444444
            77777777777777744444444447777 7                                7568888888888888857 7765555555555444444444444
             7777777777777744444444447777                                          75688888886 7765555555555544444444444
              777777777777774444444447777777                                           748888677745555555555444444444444
              777777777777744444444447777777777777777       7                           588887   75555555555544444444444
               77777777777744444444447777777777777777777777777                       77488885    75555555555544444444444
                77777777777444444444444477777777777777777777777                   77777688884    45555555555555444444444
                7777777777744444444444447777777777777777777777777777777777   7777777777888867    45555555555554444444444
                 7777777777444444444477777777777777777777777777777777777777777777777774888847777745555555555555444444444
                 7777777777444444477777777777777777777777777777777777777777777777777774888644777745555555555555544444444
                  777777774444447777777777777777777777777777777777777777777777777777774888544777745565655555555554444444
                   77777744444777777777777777777777777777777777777777777777777777777775688444444456666666655555554444444
                   77777744777777777777777777777777777777777777777777777777777777777774455544455666666666665555555444444
                    7777477777777777777777777777777777777777777777777777777777777777774445555565566666666665555555444444
                77  7777777777777777777777777777777777777777777777777777777777777777774454444565465566666665555555444444
              777777 777777777777777777777777777777777777777777777777777777777777777777774444555565566666655555555444444
            777777777777777777777777777777777777777777777777777777777777777777777777777777444555565466666655555555544444
            7777777777777777         77777777777777777777777777777777777777777777777777777744455566688886665555555554444
