777447777777777777777777744444444447777777777777                                          77777    455555555555555554444
7777777777777777777777774444444444447777777777777                                        777777    455555555555555544444
7777777777777777777777777444444444447777777777777                                        777777    455555555555555444444
77777777777777777777777774444444444477777777777777                                       777777    455555555555555444444
77777777777777777777777744444444444477777777777777                                      7777777    455555555555554444444
777777777777777777777777444444444444477777777777777                                     7777777    455555555555554444444
 777777777777777777777774444444444444777777777777777                                   77777777    455555555555554444444
 77777777777777777777777444444444444477777777777777                                  7777777777    455555555555555444444
  7777777777777777777777444444444444477777777777777                     77  77     777777777777    555555555555544444444
   777777777777777777777744444444444477777777777777  7                7777777777777777777777777    555555555555544444444
   77777777777777777777774444444444447777777777777                 7777777777777777777777777777  77555555555555544444444
    7777777777777777777774444444444447777777777777                777777777777777777777777777777777555555555555444444444
    7777777777777777777777444444444444777777           7447               777        77777777777774555555555554444444444
     77777777777777777777444444444444777               7445557       777777777777774688888886654746566555555554444444444
      7777777777777777777744444444444777 7             44545664      754777777777758888888888888868666554555554444444444
      7777777777777777777744444444444777 7             455555665     777777777777688888868888888888888554555555444444444
       777777777777777777774444444444777 7             75655556655555554444444446888888644555555568886544555555444444444
        77777777777777777774444444444777 7              7565555555555556544444468888888544444444756655555555554444444444
        77777777777777777777444444447777 7              7456555445555555565444588888888644444444456655555555544444444444
         7777777777777777777744444447777                 756665544555554568866888888888545444444456655555555544444444444
         7777777777777777777744444447777                   7588665555544488888888888888444444444466655555555444444444444
          777777777777777777744444447777                     68886654444688888888888886744744444466655555555544444444444
           77777777777777777744444447777                     45864444444688888888888885474774444466655555555544444444444
           77777777777777777744444447777                       7         45888888888888886777774466655555555554444444444
            7777777777777777744444447777                                    58888888888888864777766655555555554444444444
            77777777777777777444444477777                                    5888888888888888647765555555555554444444444
             7777777777777777444444477777                                     756888888888888886465555555555554444444444
              77777777777777744444447777777                                           7568888888855555555555555444444444
              777777777777777444444477777777777                                          7458888855555555555554444444444
               777777777777774444444777777777777777                                       758888675555555555555444444444
                77777777777774444444444777777777777777                                7777688886 45555555555555544444444
                777777777777444444444447777777777777777777777777777777777           777776888887 45555555555555444444444
                 7777777777744444444477777777777777777777777777777777777777777777777777748888877745555555555555444444444
                  777777777444444477777777777777777777777777777777777777777777777777777758888777745555555555555444444444
                  777777777444477777777777777777777777777777777777777777777777777777777788884777745565655555555544444444
                   77777774447777777777777777777777777777777777777777777777777777777777588854444456666666555555544444444
                   77777744777777777777777777777777777777777777777777777777777777777777456644555666666666665555544444444
                    7777477777777777777777777777777777777777777777777777777777777777774445554455566666666665555554444444
                     777777777777777777777777777777777777777777777777777777777777777774544455564465566666655555554444444
               77777 777777777777777777777777777777777777777777777777777777777777777777744444564555566666655555554444444
               7777777777777777      7777777777777777777 7    7777777777777777777777777777777555565466666655555555444444
              777777777777             77  77 7777777         7777777777777777777777777777777455565688886665555555554444
