777447777777777777777777774444444447777777777                                            777777    455555555555444444444
777777777777777777777777774444444444777777777777                                         777777    455555555555444444444
7777777777777777777777777744444444447777777777777                                       7777777    455555555555544444444
77777777777777777777777774444444444477777777777777                                      7777777    455555555555444444444
77777777777777777777777744444444444477777777777777                                      7777777    455555555554444444444
777777777777777777777777444444444444477777777777777                                    77777777    455555555554444444444
 77777777777777777777777444444444444477777777777777                                 77777777777    455555555554444444444
 77777777777777777777777444444444444477777777777777                    7           777777777777    455555555544444444444
  777777777777777777777744444444444447777777777777                    777777      7777777777777    555555555544444444444
   77777777777777777777774444444444447777777777777                  7777777777  777777777777777    555555555544444444444
   77777777777777777777774444444444447777777777777                 7777777777777777777777777777  77555555555544444444444
    7777777777777777777774444444444447777777777777  7777          777777777777777777777777777777777555555555444444444444
    777777777777777777777744444444444777777          74557              777         755444477777777555555555544444444444
     77777777777777777777744444444444777             745454          777777777777775888888888665446566555555544444444444
      7777777777777777777744444444444777 7           45555554        754777777777468888888888888888666554555544444444444
      7777777777777777777744444444444777 7           556555566     77777777777775888888866888888888886554455444444444444
       777777777777777777774444444444777 7           4656544566655555547444444468888888544445555568686544455444444444444
        77777777777777777774444444444777 7            455655554555555565444444688888888444444477756655555555444444444444
        77777777777777777777444444447777 7             44566554445555555654445888888886444444447756555555555444444444444
         7777777777777777777444444447777               74666666555555544688868888888885444444444456555555555444444444444
         7777777777777777777744444447777                 755688885555445888888888888864444444444466555555555444444444444
          777777777777777777744444447777                     68866655446888888888888857774744444466555555555444444444444
           77777777777777777744444447777                      6847744445888888888888854774777444466555555555444444444444
           77777777777777777744444447777  7                   7          46888888888888865777774466555555555444444444444
            7777777777777777744444447777                                   588888888888888857777765555555555444444444444
             7777777777777777444444477777                                   46888888888888888647765555555555544444444444
             7777777777777777444444477777                                     745555568888888885765555555555544444444444
              77777777777777744444447777777                                           7456888888745555555555544444444444
              777777777777777444444477777777777                                           788886775555555555554444444444
               7777777777777744444447777777777777777                                     4888867 75555555555555444444444
                777777777777444444444447777777777777777                              7774888884  45555555555555444444444
                7777777777774444444444477777777777777777777777777777777             7777688885   45555555555555544444444
                 7777777777744444444477777777777777777777777777777777777777777777777777788886777745555555555555544444444
                  777777777444444477777777777777777777777777777777777777777777777777777588864777745555555555555544444444
                  777777777444477777777777777777777777777777777777777777777777777777777688844777745565555555555554444444
                   77777774447777777777777777777777777777777777777777777777777777777774688644444456666666655555554444444
                   77777744777777777777777777777777777777777777777777777777777777777774445544555666666666665555555444444
                    7777477777777777777777777777777777777777777777777777777777777777774444555565566666666665555555444444
                     777777777777777777777777777777777777777777777777777777777777777774444444564565566666665555555544444
                 777 777777777777777777777777777777777777777777777777777777777777777777777744554555566666665555555544444
               777777777777777        7777777777777777      777777777777777777777777777777744555565466666655555555544444
              77777777777                    7 77  7         77777777777777777777777777777774455566688886665555555554444
