7774477777777777777777774444444444477777777777777                                        777777    455555555555444444444
77777777777777777777777444444444444477777777777777                                      7777777    455555555555444444444
777777777777777777777777444444444444777777777777777                                     7777777    455555555555444444444
777777777777777777777774444444444444477777777777777                                    77777777    455555555555444444444
7777777777777777777777744444444444444777777777777777                                   77777777    455555555554444444444
777777777777777777777774444444444444477777777777777777                                777777777    455555555554444444444
 777777777777777777777444444444444444777777777777777777                              7777777777    455555555554444444444
 777777777777777777777744444444444444477777777777777777               77           777777777777    455555555544444444444
  77777777777777777777744444444444444477777777777777777              77777777      777777777777    555555555544444444444
   77777777777777777777444444444444444777777777777777777           777777777777   7777777777777   7555555555444444444444
   777777777777777777774444444444444447777777777777777777         77777777777777777777777777777  77555555555444444444444
    77777777777777777774444444444444447777777777777777777777     7777777777777777777777777777777777555555555444444444444
    77777777777777777777444444444444444777777       74447                77         468665554777777555555555444444444444
     77777777777777777774444444444444477 77         774554           777777777777776888888888866446555555555444444444444
      7777777777777777774444444444444477 7           4455554         75477777  77488888888888888888666554455444444444444
      7777777777777777774444444444444477 7           465555664     77777777777775888888645668888888886554454444444444444
       777777777777777777444444444444477 7           5566555566555555547444444468888888544474444456665444455444444444444
       777777777777777777444444444444477 7           7656555555555555555544444588888888544444777756555555554444444444444
        7777777777777777744444444444447777             45665554445555555665544888888888444444447756555555554444444444444
         7777777777777777744444444444477777            44666655545555544688888888888886444444444456555555554444444444444
         77777777777777777444444444447777 7             7566888865555444888888888888884444444444466555555554444444444444
          7777777777777777744444444447777 7                 488886555445888888888888857774744444466555555554444444444444
           777777777777777744444444447777 7                  46854444445688888888888888544777744466555555554444444444444
           777777777777777744444444447777 7                   44         75688888888888888577777765555555554444444444444
            77777777777777744444444447777 7                                768888888888888885777765555555554444444444444
            77777777777777744444444447777 7                                  4688888888888888857765555555555444444444444
             7777777777777744444444447777                                       7777746888888886765555555555544444444444
              777777777777744444444447777777                                            74588886745555555555444444444444
              7777777777777444444444477777777777777777      7                            7688887 75555555555544444444444
               777777777777444444444477777777777777777777777777                     77777688884  75555555555554444444444
                77777777777444444444444477777777777777777777777                   777777588886   45555555555555444444444
                7777777777744444444444447777777777777777777777777777777777  777777777777688887  745555555555555444444444
                 7777777777444444444447777777777777777777777777777777777777777777777777488884777745555555555555444444444
                 7777777777444444447777777777777777777777777777777777777777777777777777588854777745555555555555544444444
                  777777774444447777777777777777777777777777777777777777777777777777777688844777745566655555555554444444
                   77777744444777777777777777777777777777777777777777777777777777777774568644444456666666655555554444444
                   77777444777777777777777777777777777777777777777777777777777777777774445544555666666666665555555444444
                    7777477777777777777777777777777777777777777777777777777777777777774545555565566666666665555555444444
                77  7777777777777777777777777777777777777777777777777777777777777777777444444565465566666665555555444444
              7777777777777777777777777777777777777777777777777777777777777777777777777774444555565566666655555555444444
             777777777777777777777 7777777777777777777777777777777777777777777777777777777444555565466666665555555544444
            7777777777777777         77777777777777777777777777777777777777777777777777777744455566688886665555555554444
