77744777777777777777777444444444444477777777777777                                      7777777    455555555555555554444
777777777777777777777774444444444444777777777777777                                     7777777    455555555555555544444
777777777777777777777774444444444444477777777777777                                    77777777    455555555555555444444
7777777777777777777777444444444444444777777777777777                                   77777777    455555555555555444444
7777777777777777777777444444444444444777777777777777                                   77777777    455555555555554444444
7777777777777777777777444444444444444477777777777777777                                77777777    455555555555554444444
 7777777777777777777774444444444444444777777777777777777                               77777777    455555555555554444444
 7777777777777777777774444444444444444777777777777777777                    7 7777  77777777777    455555555555544444444
  777777777777777777777444444444444444777777777777777777              7777777777777777777777777    555555555555544444444
   777777777777777777774444444444444444777777777777777777           777777777777777777777777777   7555555555555544444444
   7777777777777777777744444444444444447777777777777777777        77777777777777777777777777777  77555555555554444444444
    777777777777777777744444444444444447777777777777777777777     777777777777777777777777777777777555555555554444444444
    777777777777777777774444444444444447777777            745577            7777777 744444477777774555555555544444444444
     77777777777777777774444444444444447 777              4454564     77777777777777688888888655446566555555554444444444
      7777777777777777744444444444444447 7                45555565    54777777777776888888888888868666554555544444444444
      7777777777777777744444444444444447 7                565555665   77777777777768888866888888888888554555544444444444
       777777777777777774444444444444447 7                75655556665555554444444688888854455555568886544555544444444444
       777777777777777774444444444444447 7                 4565555555555556544445888888864444444456555555555444444444444
        7777777777777777744444444444447777                 4566555445555555565446888888885444444456555555555444444444444
         7777777777777777444444444444477777                 756865544555544568868888888885444444456555555555444444444444
         77777777777777777444444444444777 7                    588865555544588888888888884444444466555555555444444444444
          7777777777777777444444444447777 7                    588866554444888888888888864744444466555555555444444444444
           777777777777777744444444447777 7                     56547444445888888888888854777744466555555555444444444444
           777777777777777744444444447777 7                                758888888888888654777466555555555544444444444
            77777777777777444444444447777 7                                  7688888888888888857765555555555454444444444
            77777777777777444444444447777 7                                    58888888888888888665555555555544444444444
             7777777777777744444444447777                                       7588888888888888888556555555554444444444
              777777777777744444444447777777                                        777775688888888856655555554444444444
              7777777777777444444444477777777777777777     777                             77488888855555555554444444444
               777777777777444444444477777777777777777777777777                     777777774688888556555555555444444444
                77777777777444444444444477777777777777777777777                    7777777758888865555555555555444444444
                77777777777444444444444477777777777777777777777777777777777777777777777777588888545555555555555444444444
                 7777777777444444444447777777777777777777777777777777777777777777777777774888884745555555555555444444444
                 7777777774444444447777777777777777777777777777777777777777777777777777746888677745555555555555444444444
                  777777774444447777777777777777777777777777777777777777777777777777777768886777745566655555555544444444
                   77777744444777777777777777777777777777777777777777777777777777777777456864444456666666655555544444444
                   77777444477777777777777777777777777777777777777777777777777777777774445554555666666666665555544444444
                    7777477777777777777777777777777777777777777777777777777777777777774544455555566666666665555554444444
              7777  7774777777777777777777777777777777777777777777777777777777777777777744445565465566666655555554444444
             77777777777777777777777777777777777777777777777777777777777777777777777777777444555555566666655555554444444
            777777777777777777777777777777777777777777777777777777777777777777777777777777444555565466666655555555544444
          7777777777777777777       777777777777777777777777777777777777777777777777777777774455565688886665555555554444
