777447777777777777777777744444444447777777777                                             77777    455555555555444444444
777777777777777777777777744444444447777777777777                                         777777    455555555555444444444
7777777777777777777777777444444444447777777777777                                        777777    455555555555444444444
77777777777777777777777744444444444477777777777777                                       777777    455555555555444444444
77777777777777777777777744444444444477777777777777                                      7777777    455555555554444444444
777777777777777777777777444444444444477777777777777                                      777777    455555555555444444444
 77777777777777777777777444444444444777777777777777                                     7777777    455555555554444444444
 77777777777777777777777444444444444477777777777777                                      777777    455555555544444444444
  777777777777777777777744444444444447777777777777                 77777      7777       77777     555555555544444444444
   7777777777777777777777444444444444777777777777                 777777777  7777777    777777     555555555544444444444
   7777777777777777777777444444444444777777777777                777777777777777777777777777777   7555555555544444444444
    7777777777777777777744444444444447777777777774477           77777777777777777777777777777777777555555555444444444444
    777777777777777777777444444444444477777     774557              777777                   777774555555555544444444444
     77777777777777777777444444444444777        74454554           77777777777777777565555444777746555555555544444444444
      7777777777777777777444444444444777 7       465555654         7775477   7777568888888888886556666554455544444444444
      7777777777777777777744444444444777 7       75655556647777447777747777777468888888888888888888886554455544444444444
       777777777777777777774444444444777 7        5565445555555555544444444446888888886556688886688886544455544444444444
        77777777777777777774444444444777 7         456655544555555565444444588888888854444477777756655555555444444444444
        77777777777777777777444444444777 7         445666554455555456865546888888888544444477777756555555555444444444444
         7777777777777777777444444447777            75668866655554458888888888888885444444444777756555555555444444444444
         7777777777777777777744444447777              775888865554468888888888888854444444444447756555555555444444444444
          777777777777777777744444447777                 468655555568888888888888477777774744444466555555555444444444444
           77777777777777777744444447777  7               557    7775688888888888547777774774444466555555555444444444444
           77777777777777777744444447777  7                           58888888888888577774777774466555555555444444444444
            7777777777777777744444447777                               48888888888888857 7 77777765555555555444444444444
             7777777777777777444444477777                               768888888888888857   777765555555555544444444444
             7777777777777777444444477777                                  7774468888888867   77765555555555554444444444
              77777777777777744444447777777                                       45688888677777745555555555544444444444
              777777777777774444444477777777777                                       68886     775555555555554444444444
               777777777777744444444777777777777777                                  78888577    45555555555555444444444
                777777777777444444444447777777777777777                             758888477    45555555555555544444444
                7777777777774444444444477777777777777777777777777777777             768888477   745555555555555544444444
                 7777777777744444444477777777777777777777777777777777777777777777777768888777777745555555555555544444444
                  777777777444444477777777777777777777777777777777777777777777777777758886444777745555555555555554444444
                  777777777444477777777777777777777777777777777777777777777777777777748885444777445566655555555554444444
                   77777774447777777777777777777777777777777777777777777777777777777748885444444456666666655555555444444
                   77777744777777777777777777777777777777777777777777777777777777777778886444555666666666665555555444444
                    7777477777777777777777777777777777777777777777777777777777777777774455554565566666666665555555444444
                     777777777777777777777777777777777777777777777777777777777777777774445555564565566666665555555544444
                7777 777777777777777777777777777777777777777777777777777777777777777774454444555565566666665555555554444
               777777777777777        777777777777777777    777777777777777777777777777777444555565466666665555555554444
              77777777777                  77   77 7         77777777777777777777777777777744455566688886665555555555444
