77744777777777777777777744444444444777777777777777                                       777777    455555555555555554444
77777777777777777777777444444444444477777777777777                                      7777777    455555555555555554444
777777777777777777777774444444444444777777777777777                                     7777777    455555555555555544444
777777777777777777777774444444444444477777777777777                                     7777777    455555555555555554444
7777777777777777777777744444444444444777777777777777                                    7777777    455555555555555544444
777777777777777777777774444444444444447777777777777777                                 77777777    455555555555555554444
 777777777777777777777444444444444444477777777777777777                               777777777    455555555555555455444
 7777777777777777777777444444444444444777777777777777777               77            7777777777    455555555555555444444
  777777777777777777777444444444444444777777777777777777             777777777     777777777777    555555555555554444444
   777777777777777777774444444444444447777777777777777777         77777777777777  7777777777777    555555555555554444444
   77777777777777777777444444444444444777777777777777777777       77777777777777777777777777777  77555555555555545444444
    77777777777777777777444444444444444777777777777777777777     7777777777777777777777777777777777555555555555544444444
    777777777777777777774444444444444447777777       7444              777777        77  7777777774555555555555544444444
     77777777777777777774444444444444447 77          7745565         777777777777774688866666544746555555555554444444444
      7777777777777777774444444444444447 7           745555654       754777777777758888888888888666666554555554444444444
      7777777777777777744444444444444477 7            555556667   777777777777775888888888888888888886554555554444444444
       777777777777777777444444444444477 7            456555666555555544444444468888888444556666668886444555554444444444
       777777777777777777444444444444477 7             56555555555555555444444688888886444444777756555555555554444444444
        77777777777777777444444444444477 7             45665554555555555666556888888885444444477756555555555544444444444
         7777777777777777744444444444777 77             4666655445555446888888888888884444444444456555555555444444444444
         77777777777777777444444444447777 7               75888655555448888888888888854444444444456555555555444444444444
          7777777777777777774444444447777 7                5888666555558888888888888677774744444466555555555444444444444
           777777777777777744444444447777 7                 466477774445688888888888654774777744466555555555444444444444
           777777777777777744444444447777 7                              46888888888888864 77777466555555555544444444444
            77777777777777744444444447777 7                               7688888888888888647777765555555555444444444444
            77777777777777774444444447777 7                                 58888888888888886477765555555555544444444444
             7777777777777774444444477777                                     445555688888888857765555555555554444444444
              777777777777744444444447777777                                         74568888885745555555555554444444444
              77777777777777444444444777777777777777                                     7688887 75555555555554444444444
               777777777777444444444477777777777777777     777                        777688884  75555555555555444444444
                77777777777444444444444477777777777777777777777                     7777588886   75555555555555444444444
                77777777777744444444444777777777777777777777777777777777777     77777777888884   45555555555555444444444
                 7777777777444444444477777777777777777777777777777777777777777777777777488886777745555555555555444444444
                 7777777777444444477777777777777777777777777777777777777777777777777777588884777745555555555555444444444
                  777777774444447777777777777777777777777777777777777777777777777777777588854777745555555555555544444444
                   77777774444777777777777777777777777777777777777777777777777777777777688844444456666666555555544444444
                   77777744777777777777777777777777777777777777777777777777777777777774568644555666666666665555544444444
                    7777477777777777777777777777777777777777777777777777777777777777774445544555566666666665555544444444
              7777  7777777777777777777777777777777777777777777777777777777777777777774444555554455566666655555554444444
              7777777777777777777777777777777777777777777777777777777777777777777777777444444564555566666655555554444444
            777777777777777777777777777777777777777777777777777777777777777777777777777777744555555466666655555554444444
          7 7777777777777777         77777777777777777777777777777777777777777777777777777774455565688886655555555544444
