77744777777777777777777744444444444777777777777                                           77777    455555555555555554444
7777777777777777777777774444444444447777777777777                                        777777    455555555555555544444
7777777777777777777777774444444444447777777777777                                         77777    455555555555555444444
77777777777777777777777744444444444477777777777777                                       777777    455555555555554444444
77777777777777777777777744444444444477777777777777                                      7777777    455555555555554444444
777777777777777777777774444444444444477777777777777                                     7777777    455555555555544444444
 77777777777777777777744444444444444477777777777777                                     7777777    455555555555554444444
 77777777777777777777774444444444444477777777777777                                     7777777    555555555555544444444
  777777777777777777777744444444444447777777777777               77777777   777        77777777    555555555555544444444
   77777777777777777777744444444444447777777777777   7          7777777777777777        777777     555555555555544444444
   77777777777777777777444444444444447777777777477 77          7777777777777777777777777777777     555555555555444444444
    777777777777777777774444444444444477777777745577777    7   77777777777777777777777777777777  77555555555554444444444
    7777777777777777777744444444444444777777 745445664          777777777777                7777777555555555554444444444
     77777777777777777774444444444444477      555555665        777777747777777777777777777777777746655555555554444444444
      7777777777777777774444444444444477 7     565555664  7777  77777754777777777777777777777777746665554555544444444444
      7777777777777777777444444444444477 7     7565555565555555474477747777774555566886666888888688886554555544444444444
       777777777777777777444444444444477 7      456555445555555565444444455688888888888888888888888888544555554444444444
        77777777777777777744444444444777 7      456666544455554458866555888888888888888688888866666666555555554444444444
        77777777777777777774444444444777 7        4588665555554468888888888888888888544444444777756555555555544444444444
         7777777777777777774444444447777            48888655544588888888888888888654444444777777756555555555544444444444
         7777777777777777777444444447777             5688555555588888888888888864477777774777777756555555555444444444444
          777777777777777777744444447777              457        4688888888884777777777774777777756555555555544444444444
           77777777777777777444444447777  7                       788888888885  7777777774777777755555555555554444444444
           77777777777777777744444447777  7                        588888888885    7777777777777765555555555554444444444
            7777777777777777444444447777                            468888888884     77777 77777765555555555554444444444
            77777777777777774444444477777                              7688888887            777765555555555544444444444
             7777777777777777444444477777                                48888886             77765555555555554444444444
              77777777777777744444447777777                               76888887       7777 77745555555555554444444444
              777777777777774444444477777777777                             488885     7       7775555555555554444444444
               7777777777777444444447777777777777777                         4888877777777777    45555555555555444444444
                7777777777774444444444447777777777777777                      688857777777777    45555555555555444444444
                77777777777744444444444777777777777777777777777777777777      488884777777777    45555555555555544444444
                 7777777777744444444477777777777777777777777777777777777777777768888477777777777745555555555555444444444
                  777777777444444477777777777777777777777777777777777777777777748888844444444777745555555555555544444444
                  777777774444477777777777777777777777777777777777777777777777774688867774444477445655555555555544444444
                   77777774447777777777777777777777777777777777777777777777777777768885774444444456666666655555554444444
                   77777744777777777777777777777777777777777777777777777777777777775888574444555666666666665555544444444
                    7777477777777777777777777777777777777777777777777777777777777777586654444455566666666665555554444444
                     777777777777777777777777777777777777777777777777777777777777777744445555564565566666655555555444444
               77777 777777777777777777777777777777777777777777777777777777777777777774445554564565566666655555555444444
               7777777777777777      777777777777777777777    7777777777777777777777777444444555565466666655555555544444
              777777777777             777777777777777       77777777777777777777777777777777455565688886665555555554444
