77744777777777777777777774444444444777777777777                                          777777    455555555555555554545
7777777777777777777777774444444444447777777777777                                        777777    455555555555555554544
7777777777777777777777777444444444447777777777777                                        777777    455555555555555554444
77777777777777777777777744444444444477777777777777                                       777777    455555555555555554444
7777777777777777777777774444444444447777777777777                                        777777    455555555555555554444
777777777777777777777777444444444444477777777777777                                     7777777    455555555555555555444
 7777777777777777777777444444444444447777777777777                                      7777777    455555555555555555444
 7777777777777777777777744444444444447777777777777                   777                7777777    555555555555555555444
  77777777777777777777774444444444444777777777777                  7777777    77777777 77777777    555555555555555444444
   7777777777777777777774444444444444777777777777                777777777777777777777777777777    555555555555554444444
   777777777777777777777744444444444477777777777777              777777777777777777777777777777   7555555555555555444444
    7777777777777777777744444444444444777777777777457777        77777777777777777777777777777777777555555555555545444444
    7777777777777777777744444444444444777777    77445665          7777777777              777777774555555555555554444444
     77777777777777777777444444444444477        7455456657       7777747777777777777777777777777746665555555555554444444
      7777777777777777777444444444444477 7       455555666        777454777 77777745666556665555446666554555554444444444
      7777777777777777777444444444444777 7        5655556654455547777747777777566888888888888888888886554555555444444444
       777777777777777777744444444444777 7        4555555555555555444444444468888888888888888888888886544555555444444444
        77777777777777777774444444444777 7        7566655444555555566544456888888888864445555554456665555555554444444444
        77777777777777777774444444444777 7          56866544555544588888688888888888544444477777756555555555555444444444
         7777777777777777777444444447777              488865555544688888888888888864444444477777756555555555554444444444
         7777777777777777777444444447777              488866655555888888888888888544444444777777756555555555544444444444
          777777777777777777744444447777                585   7444688888888888867777444444744777756555555555554444444444
           77777777777777777744444447777                           75888888888864777777774777777766555555555554444444444
           77777777777777777744444447777                             58888888888864 777774777777766555555555554444444444
            7777777777777777744444447777                              588888888888857  777777777765555555555555444444444
            77777777777777774444444477777                              756888888888864    777777765555555555554444444444
             7777777777777777444444477777                                   75888888885   777 77765555555555555444444444
              77777777777777744444447777777                                    468888885 7777777745555555555555544444444
              777777777777777444444477777777777                                  7468888  77     75555555555555544444444
               777777777777774444444777777777777777                                4888677777    75555555555555544444444
                777777777777444444444447777777777777777                            5888677777    45555555555555544444444
                777777777777444444444447777777777777777777777777777777777         76888877777    45555555555555544444444
                 7777777777744444444477777777777777777777777777777777777777777777775888847777777745555555555555544444444
                  777777777444444477777777777777777777777777777777777777777777777774888844444777745555555555555544444444
                  777777774444447777777777777777777777777777777777777777777777777777688844444777745555555555555544444444
                   77777774447777777777777777777777777777777777777777777777777777777488854444444456666666555555554444444
                   77777744777777777777777777777777777777777777777777777777777777777768864444555666666666665555544444444
                    7777477777777777777777777777777777777777777777777777777777777777758884444555566666666665555554444444
                     777777777777777777777777777777777777777777777777777777777777777774455554554565566666655555554444444
               77777 777777777777777777777777777777777777777777777777777777777777777774444554564555566666655555555444444
              77777777777777777      77777777777777777777    77777777777777777777777777454444555565466666655555555444444
              777777777777              77777777777777        7777777777777777777777777777774455565688886655555555554444
