7774477777777777777777774444444444477777777777                                            77777    455555555555444444444
777777777777777777777777444444444447777777777777                                         777777    455555555555444444444
7777777777777777777777777444444444447777777777777                                        777777    455555555555544444444
77777777777777777777777744444444444477777777777777                                        77777    455555555555444444444
777777777777777777777777444444444444777777777777777                                     7777777    455555555554444444444
777777777777777777777774444444444444477777777777777                                     7777777    455555555554444444444
 777777777777777777777444444444444444777777777777777                                    7777777    455555555544444444444
 7777777777777777777777444444444444447777777777777777                                    777777    455555555544444444444
  7777777777777777777777444444444444477777777777777777         77  7777777               77777     555555555544444444444
   7777777777777777777774444444444444777777777777777777        777777777777               7777     555555555444444444444
   77777777777777777777444444444444447777777777777777777  77   77777777777777             7777     555555555444444444444
    77777777777777777777444444444444447777744547777777777777777777777777777777              77    7555555555444444444444
    777777777777777777774444444444444477777445454              7777777777                       777555555555444444444444
     77777777777777777774444444444444477   75555554           7777777777777777     7777777777777746555555555444444444444
      7777777777777777774444444444444477 7  465555565    777   77777775477        77777777777777746555554455444444444444
      7777777777777777774444444444444477 7   556555555555555547777777747777777444444555445555666668686554454444444444444
       777777777777777777444444444444477 7   556655554455555555554444444456688888888888888888888888886544455444444444444
        77777777777777777444444444444477 7    44566555445555544588866668888888888888888888888888668666555554444444444444
        77777777777777777744444444444777 7    75666866655555474688888888888888888888654555555447756555555554444444444444
         7777777777777777744444444444777 7     7466888886555444888888888888888888654444474777777756555555554444444444444
         7777777777777777774444444444777  7       7758866665555888888888888888654777777774777777756555555554444444444444
          777777777777777777444444444777  7           885   777758888888888857777777777774777777755555555544444444444444
           77777777777777777444444444777  7           47         7688888888885777777777774777777755555555554444444444444
           777777777777777774444444477777 7                       78888888888867   7777777 77777755555555554444444444444
            77777777777777774444444477777 7                         4688888888867    77777  7777755555555554444444444444
            77777777777777774444444477777 7                             7688888887               55555555555444444444444
             7777777777777774444444477777                                 46888886               65555555555444444444444
              777777777777774444444477777777                                7688884      777   7745555555555444444444444
              77777777777777444444447777777777777777                          58886              75555555555544444444444
               777777777777744444444477777777777777777     77                 788884777777777    75555555555544444444444
                7777777777774444444444447777777777777777777777                 68888777777777    45555555555554444444444
                777777777777444444444447777777777777777777777777777777777      48888677777777    45555555555554444444444
                 7777777777444444444477777777777777777777777777777777777777777775888857777777777745555555555555444444444
                  777777777444444477777777777777777777777777777777777777777777777488884444444777745555555555555544444444
                  777777774444447777777777777777777777777777777777777777777777777748888474444477445555555555555554444444
                   77777774447777777777777777777777777777777777777777777777777777774688644444444456666666655555554444444
                   77777744777777777777777777777777777777777777777777777777777777777466554444455666666666665555555444444
                    7777477777777777777777777777777777777777777777777777777777777777744444555555566666666665555555444444
                    7777777777777777777777777777777777777777777777777777777777777777774455544564565566666655555555544444
               77777 777777777777777777777777777777777777777777777777777777777777777777444444554565566666655555555544444
              777777777777777777    777777777777777777777777777777777777777777777777777777444555565466666655555555544444
              7777777777777           7777777777777777777777777777777777777777777777777777744455566688886665555555554444
