7774477777777777777777744444444444477777777777777                                       7777777    455555555555444444444
77777777777777777777777444444444444477777777777777                                      7777777    455555555555444444444
777777777777777777777777444444444444777777777777777                                     7777777    455555555555444444444
7777777777777777777777774444444444444777777777777777                                   77777777    455555555555444444444
7777777777777777777777774444444444444777777777777777                                   77777777    455555555554444444444
777777777777777777777774444444444444477777777777777777                                 77777777    455555555544444444444
 777777777777777777777444444444444444777777777777777777                                77777777    455555555544444444444
 777777777777777777777744444444444444477777777777777777                              7777777777    455555555544444444444
  777777777777777777777444444444444444777777777777777777                      77777777777777777    555555555544444444444
   77777777777777777777744444444444444777777777777777777                     777777777777777777   7555555555544444444444
   77777777777777777777444444444444444777777777777777777           77777777777777777777777777777 77555555555444444444444
    77777777777777777777444444444444447777777777777777777         777777777777777777777777777777777555555555444444444444
    77777777777777777777444444444444447777777                77                     756666554777774555555555444444444444
     77777777777777777774444444444444477 77                  7454     7      7777777688888888865446556555555444444444444
      7777777777777777774444444444444477 7                   745557   57        7774888888888888888666554455444444444444
      7777777777777777774444444444444477 7                  54555555         7777775888888668888888886554455444444444444
       777777777777777777444444444444477 7                 7866655555   777777777446888888644455568685444455444444444444
       777777777777777777444444444444477 7                  685665555666555555444446888888864444456555555554444444444444
        77777777777777777744444444444477 7                   65565555555555556554446888888885444456655555554444444444444
         7777777777777777744444444444777777                  44456655544455555556556888888886444466655555555444444444444
         77777777777777777444444444447777 7                   4566666555455554448888888888886444466655555555444444444444
          7777777777777777774444444447777 7                     45568888555554458888888888888444466655555555444444444444
           777777777777777774444444447777 7                        76888665544468888888888888444466655555555444444444444
           777777777777777774444444447777 7                         7864777444468888888888888886565565555555544444444444
            77777777777777744444444447777 7                          7           468888888888888886666555555444444444444
            77777777777777744444444447777 7                                        4688888888888888866655555544444444444
             7777777777777774444444447777                                            56888888888888888665555554444444444
              777777777777774444444447777777                                            77777568888888886555554444444444
              7777777777777744444444477777777777777777                                         7588888886555554444444444
               77777777777744444444447777777777777777777777777                        77  777 75888888865555555444444444
                77777777777444444444444477777777777777777777777                    7777777777588888886655555555444444444
                7777777777744444444444447777777777777777777777777777777777   7777777777777776888888655555555555544444444
                 7777777777444444444477777777777777777777777777777777777777777777777777777588888655555555555555544444444
                 7777777777444444447777777777777777777777777777777777777777777777777777745888857745555555555555544444444
                  777777774444447777777777777777777777777777777777777777777777777777777444586477745566655555555554444444
                   77777744444777777777777777777777777777777777777777777777777777777774444564444556666866655555554444444
                   77777744777777777777777777777777777777777777777777777777777777777777444455555666666666665555555444444
                    7777477777777777777777777777777777777777777777777777777777777777777774445665566666666665555555444444
               777  7777777777777777777777777777777777777777777777777777777777777777777774444555465566666665555555544444
              7777777777777777777777777777777777777777777777777777777777777777777777777774444555565566666665555555444444
            777777777777777777777777777777777777777777777777777777777777777777777777777777444555565466666665555555544444
            7777777777777777         77777777777777777777777777777777777777777777777777777744455566688886665555555554444
