77744777777777777777777744444444444777777777777                                          777777    455555555555555554444
7777777777777777777777774444444444447777777777777                                        777777    455555555555555544444
7777777777777777777777777444444444447777777777777                                        777777    455555555555555444444
7777777777777777777777774444444444447777777777777                                        777777    455555555555555544444
77777777777777777777777744444444444477777777777777                                       777777    455555555555554444444
777777777777777777777777444444444444477777777777777                                      777777    455555555555554454444
 77777777777777777777777444444444444477777777777777                                     7777777    455555555555555445444
 77777777777777777777777444444444444477777777777777                                    77777777    555555555555555444444
  777777777777777777777744444444444447777777777777                   7777       77777 777777777    555555555555554444444
   77777777777777777777774444444444447777777777777   7             77777777   77777777777777777    555555555555544444444
   77777777777777777777744444444444447777777777777                77777777777777777777777777777   7555555555555544444444
    7777777777777777777744444444444444777777777777777            7777777777777777777777777777777777555555555555444444444
    7777777777777777777774444444444444777777     7745477            7777777                77777774555555555554444444444
     77777777777777777777444444444444477          74445667         77777777777777777454444447777746565555555554444444444
      7777777777777777777444444444444477 7        455555666         775477    777756888888888866556666554555554444444444
      7777777777777777777744444444444777 7         555555665777444777747777777756888888888888888888886554555555444444444
       777777777777777777774444444444777 7         756555666555555644444444445888888888668888888888886544555555444444444
        77777777777777777774444444444777 7          45655544555555556544444468888888864444444477756655555555554444444444
        77777777777777777774444444447777 7          75666554445555445686545888888888844444477777756555555555544444444444
         7777777777777777777444444447777              458865555555446888888888888888544444444777756555555555554444444444
         7777777777777777777744444447777                4888855554448888888888888885444444444447756555555555544444444444
          777777777777777777744444447777                7668865555558888888888888847744444744444466555555555544444444444
           77777777777777777744444447777  7               757     774688888888888647777774744444466555555555554444444444
           77777777777777777744444447777                              76888888888888577774777744466555555555554444444444
            7777777777777777744444447777                                688888888888884777 77777766555555555554444444444
            77777777777777774444444477777                                5888888888888867   7777765555555555554444444444
             7777777777777777444444477777                                  744556888888885   777765555555555555444444444
              77777777777777744444447777777                                      758888888677777745555555555555444444444
              777777777777777444444477777777777                                     45888887    775555555555555444444444
               777777777777774444444777777777777777                                   5888677    75555555555555544444444
                777777777777444444444447777777777777777                              78888577    45555555555555544444444
                777777777777444444444447777777777777777777777777777777777          7758888577    45555555555555544444444
                 7777777777744444444777777777777777777777777777777777777777777777777768888477777745555555555555544444444
                  777777777444444477777777777777777777777777777777777777777777777777758888444777745555555555555544444444
                  777777777444477777777777777777777777777777777777777777777777777777748886444777745565655555555544444444
                   77777774447777777777777777777777777777777777777777777777777777777748885444444456666666555555554444444
                   77777744777777777777777777777777777777777777777777777777777777777778885444555666666666665555554444444
                    7777477777777777777777777777777777777777777777777777777777777777776886444455566666666665555554444444
                     777777777777777777777777777777777777777777777777777777777777777774455555564565566666655555554444444
               77777 777777777777777777777777777777777777777777777777777777777777777774445554564555566666655555555444444
               7777777777777777      777777777777777777777   77777777777777777777777777444444555565466666655555555544444
              777777777777             77777777777777         7777777777777777777777777777774455565688886665555555554444
