77744777777777777777777774444444444777777777777                                           77777    455555555555555554444
777777777777777777777777444444444444777777777777                                          77777    455555555555555554444
7777777777777777777777777444444444447777777777777                                         77777    455555555555555544444
77777777777777777777777744444444444477777777777777                                        77777    455555555555555544444
77777777777777777777777744444444444477777777777777                                       777777    455555555555555544444
777777777777777777777774444444444444477777777777777                                      777777    455555555555555554444
 77777777777777777777774444444444444477777777777777                                     7777777    455555555555555445444
 77777777777777777777777444444444444477777777777777                                     7777777    555555555555555444444
  7777777777777777777777444444444444477777777777777               77777                 7777777    555555555555554444444
   77777777777777777777744444444444447777777777777   7          777777777777777         777777     555555555555554444444
   77777777777777777777444444444444447777777777777             7777777777777777777777777777777     555555555555544444444
    777777777777777777774444444444444477777777444777777    7   77777777777777777777777777777777   7555555555555444444444
    7777777777777777777744444444444444777777 77445554           77777777777                  777777555555555555444444444
     77777777777777777774444444444444477     7455456657         77777777777777777777777777777777746555555555555444444444
      7777777777777777774444444444444477 7    4655556667        7777775477  77777777777777777777746665554555554444444444
      7777777777777777777444444444444477 7     4655556665555554777777747777777445556666666666666668886554555555444444444
       777777777777777777444444444444777 7     7565555555555555555444444445688888888888888888888888888544555555444444444
        77777777777777777744444444444777 7      456655444455554456886544688888888888888888888886668666555555554444444444
        77777777777777777774444444444777 7       46686554455554468888888888888888888654445444477756555555555544444444444
         7777777777777777774444444444777           768886555544488888888888888888854444444777777756555555555554444444444
         7777777777777777777444444447777            68886665555588888888888888865444444444777777756555555555544444444444
          777777777777777777744444447777             7664   777756888888888886477777477774777777756555555555544444444444
           77777777777777777444444447777  7                       488888888888577777777774777777755555555555554444444444
           77777777777777777744444447777  7                        58888888888867  7777774777777765555555555554444444444
            7777777777777777744444447777                            46888888888884   77777777777765555555555554444444444
            77777777777777774444444477777                             7445888888884          777765555555555554444444444
             7777777777777777444444477777                                  488888887           7765555555555555444444444
              77777777777777744444447777777                                  46888887   77777  7745555555555555444444444
              777777777777774444444477777777777                                488884   77      745555555555554444444444
               777777777777744444444777777777777777                             5888577777777    45555555555555444444444
                777777777777444444444447777777777777777                         4888877777777    45555555555555544444444
                777777777777444444444447777777777777777777777777777777777       7888867777777    45555555555555544444444
                 7777777777744444444477777777777777777777777777777777777777777777688884777777777745555555555555544444444
                  777777777444444477777777777777777777777777777777777777777777777468886444444777745555555555555544444444
                  777777777444477777777777777777777777777777777777777777777777777746888474444777745555555555555544444444
                   77777774447777777777777777777777777777777777777777777777777777774888674444444456666666555555554444444
                   77777744777777777777777777777777777777777777777777777777777777777488854444555666666666665555544444444
                    7777477777777777777777777777777777777777777777777777777777777777755555444455566666666665555554444444
                     777777777777777777777777777777777777777777777777777777777777777774444555554565566666655555554444444
               77777 777777777777777777777777777777777777777777777777777777777777777774455444564555566666655555554444444
               7777777777777777      777777777777777777777   77777777777777777777777777777744555565466666655555555544444
              777777777777             777777777777777       77777777777777777777777777777777455565688886665555555554444
