777447777777777777777777744444444447777777777777                                           7777    455555555555555554444
7777777777777777777777777444444444447777777777777                                         77777    455555555555555544444
7777777777777777777777777444444444447777777777777                                        777777    455555555555555444444
77777777777777777777777774444444444477777777777777                                       777777    455555555555554444444
77777777777777777777777744444444444477777777777777                                       777777    455555555555554444444
777777777777777777777777444444444444477777777777777                                     7777777    455555555555544444444
 777777777777777777777774444444444444777777777777777                                    7777777    455555555555554444444
 77777777777777777777777444444444444477777777777777                                    77777777    455555555555544444444
  77777777777777777777774444444444444777777777777777                         777777  7777777777    555555555555444444444
   7777777777777777777777444444444444777777777777777 7                 777777777777777777777777   7555555555555544444444
   7777777777777777777777444444444444777777777777777                 777777777777777777777777777 77555555555555444444444
    7777777777777777777774444444444447777777777777777      777     77777777777777777777777777777777555555555554444444444
    7777777777777777777777444444444444777777               74557             7777777755555544777774555555555554444444444
     77777777777777777777744444444444477                   745455     77777777777774688888888865446566555555554444444444
      7777777777777777777744444444444777 7                755555564   54   777777776888888888888888666554555544444444444
      7777777777777777777744444444444777 7                4565555667  77777777777768888866688888888888554555544444444444
       777777777777777777774444444444777 7                 5565555666555555444444588888864445555568686544555554444444444
        77777777777777777774444444444777 7                 7456555555555555544444688888886444444456655555555554444444444
        77777777777777777777444444444777 7                  456655544555555566544888888888444444456655555555544444444444
         7777777777777777777444444447777                     46666544455555456886888888888444444466655555555444444444444
         7777777777777777777744444447777                       768885555554458888888888888444444466655555555444444444444
          777777777777777777744444447777                        58886655544488888888888886744444466655555555444444444444
           77777777777777777744444447777  7                      5657744444588888888888886777744466655555555544444444444
           77777777777777777744444447777  7                                 75688888888888865477766655555555554444444444
            7777777777777777744444447777                                       58888888888888864765665555555554444444444
            77777777777777777444444477777                                       7688888888888888665566555555544444444444
             7777777777777777444444477777                                         46888888888888888656655555554444444444
              77777777777777744444447777777                                            774588888888866655555554444444444
              7777777777777774444444777777777777                                            7568888886655555554444444444
               7777777777777744444447777777777777777                                         468888866655555555444444444
                777777777777744444444444777777777777777                               7777776888888656555555555444444444
                77777777777744444444444777777777777777777777777777777777            777777768888865555555555555444444444
                 7777777777744444444477777777777777777777777777777777777777777777777777777588888445555555555555444444444
                  777777777444444777777777777777777777777777777777777777777777777777777775888857745555555555555444444444
                  777777777444477777777777777777777777777777777777777777777777777777777758886477745566655555555544444444
                   77777774447777777777777777777777777777777777777777777777777777777777446864444456666666655555544444444
                   77777744777777777777777777777777777777777777777777777777777777777774445554555666666666665555544444444
                    7777477777777777777777777777777777777777777777777777777777777777774444455555566666666665555554444444
                     777777777777777777777777777777777777777777777777777777777777777777774445564465566666655555554444444
               77777 777777777777777777777777777777777777777777777777777777777777777777777774554555566666655555554444444
              777777777777777777     777777777777777777777   77777777777777777777777777777777555555466666655555555444444
              777777777777             777777 7777777        77777777777777777777777777777777455565688886665555555554444
