7774477777777777777777774444444444447777777777777                                        777777    455555555555544444444
777777777777777777777774444444444444777777777777777                                     7777777    455555555555444444444
777777777777777777777777444444444444477777777777777                                    77777777    455555555555544444444
7777777777777777777777774444444444444777777777777777                                   77777777    455555555555444444444
77777777777777777777777444444444444447777777777777777                                  77777777    455555555555444444444
777777777777777777777774444444444444447777777777777777                                 77777777    455555555555444444444
 777777777777777777777444444444444444477777777777777777                               777777777    455555555554444444444
 7777777777777777777777444444444444444777777777777777777                             7777777777    455555555544444444444
  777777777777777777777444444444444444777777777777777777                      77777777777777777    555555555544444444444
   77777777777777777777744444444444444777777777777777777                     777777777777777777   7555555555544444444444
   77777777777777777777444444444444444777777777777777777           77777777777777777777777777777 77555555555544444444444
    77777777777777777777444444444444447777777777777777777         777777777777777777777777777777777555555555444444444444
    77777777777777777777444444444444447777777                7447                   756666554777774555555555544444444444
     77777777777777777774444444444444477 77                  774557   7      7777777688888888886546556555555444444444444
      7777777777777777774444444444444477 7                   7445557  57        7777888888888888888666554555444444444444
      7777777777777777774444444444444477 7                  765655554        7777775888888668888888888554555444444444444
       777777777777777777444444444444477 7                  885665555477777447774446888888644455568686444455444444444444
       777777777777777777744444444444477 7                  586565455666555555544446888888884444456655555554444444444444
        77777777777777777774444444444777 7                   56456655545555555655445888888886444456655555554444444444444
         7777777777777777744444444444777 77                   6446665544455555556656888888888444466655555555444444444444
         7777777777777777774444444444777  7                   7568686655445555446888888888888544466655555555444444444444
          777777777777777777444444444777  7                      4466888655554748888888888888544466655555555444444444444
           77777777777777777444444444777  7                         4886665544458888888888888544466665555555444444444444
           777777777777777774444444477777 7                          564 77744456888888888888886565565555555544444444444
            77777777777777774444444477777 7                                      756888888888888886666555555444444444444
            77777777777777774444444447777 7                                         588888888888888886655555544444444444
             7777777777777774444444477777                                            46888888888888888865555554444444444
              777777777777774444444447777777                                            77777468888888886555554444444444
              777777777777774444444447777777777777777                                          7468888886555554444444444
               7777777777777444444444777777777777777777    77                                  4688888886555555444444444
                7777777777774444444444447777777777777777777777                      777777777468888888665555555444444444
                777777777777444444444444777777777777777777777777777777777        777777777775888888866555555555444444444
                 7777777777444444444477777777777777777777777777777777777777777777777777777468888666555555555555444444444
                 7777777777444444447777777777777777777777777777777777777777777777777777745888854745555555555555544444444
                  777777774444447777777777777777777777777777777777777777777777777777777444566477745566655555555544444444
                   77777774444777777777777777777777777777777777777777777777777777777774444564444556666866655555554444444
                   77777744777777777777777777777777777777777777777777777777777777777777744455555666666666665555554444444
                    7777477777777777777777777777777777777777777777777777777777777777777774445665566666666665555554444444
                 7  7777777777777777777777777777777777777777777777777777777777777777777777444555465566666665555555444444
               77777 777777777777777777777777777777777777777777777777777777777777777777777744555565566666655555555444444
            777777777777777777777777777777777777777777777777777777777777777777777777777777444555565466666655555555544444
             777777777777777         77777777777777777777777777777777777777777777777777777744455566688886665555555554444
