777447777777777777777777444444444447777777777777                                          77777    455555555555555554444
7777777777777777777777774444444444447777777777777                                        777777    455555555555555544444
77777777777777777777777774444444444477777777777777                                       777777    455555555555555444444
77777777777777777777777744444444444477777777777777                                       777777    455555555555555544444
777777777777777777777774444444444444477777777777777                                     7777777    455555555555554444444
7777777777777777777777744444444444444777777777777777                                     777777    455555555555554444444
 777777777777777777777444444444444444777777777777777                                    7777777    455555555555554444444
 77777777777777777777774444444444444477777777777777777               777                7777777    455555555555544444444
  77777777777777777777774444444444444777777777777777777            7777777     777 7777 7777777    555555555555544444444
   77777777777777777777744444444444447777777777777777777         7777777777777777777777 7777777    555555555555544444444
   777777777777777777774444444444444447777777777777777777       7777777777777777777777777777777   7555555555555444444444
    77777777777777777777444444444444447777777777774777777777   777777777777777777777777777777777777555555555554444444444
    77777777777777777777444444444444447777777   77455447           77777777                77777774555555555554444444444
     77777777777777777774444444444444477 77      445456647        777747777777777777454444447777746555555555554444444444
      7777777777777777774444444444444477 7       455555666        7777547777 7777458888888888866556665554555544444444444
      7777777777777777774444444444444477 7        5655556654444447777747777777568888888888888888888886554555544444444444
       777777777777777777444444444444477 7        7565556665555556544444444458888888886566888888888886544555544444444444
       777777777777777777444444444444477 7         456655545555555556655445888888888854444444477756555555555444444444444
        77777777777777777744444444444777 7         756666554455554458888868888888888544444777777756555555555444444444444
         7777777777777777744444444444777 77          7568665555554488888888888888884444444777777756555555555444444444444
         7777777777777777774444444444777  7            48888665554588888888888888644444444747777756555555555444444444444
          777777777777777777444444444777  7             5686444445568888888888885777777774744477756555555555444444444444
           77777777777777777444444447777  7              77         7588888888888647777774777777766555555555444444444444
           777777777777777774444444477777 7                           588888888888867 7777777777765555555555444444444444
            77777777777777774444444477777 7                            5888888888888857  7 77777765555555554444444444444
            77777777777777774444444477777 7                             7466688888888864     777765555555555444444444444
             7777777777777774444444477777                                     75888888884       765555555555544444444444
              777777777777774444444477777777                                     756888884777   745555555555444444444444
              7777777777777744444444777777777777777                                 488887       75555555555544444444444
               777777777777744444444477777777777777777     77                       488867777    75555555555544444444444
                77777777777744444444444477777777777777777  777                     7688867777    75555555555555444444444
                7777777777774444444444477777777777777777777777777777777777       777688887777    45555555555554444444444
                 7777777777444444444477777777777777777777777777777777777777777777777688887777777745555555555555444444444
                 7777777777444444477777777777777777777777777777777777777777777777777588884444777745555555555555444444444
                  777777774444447777777777777777777777777777777777777777777777777777488864444777745555555555555544444444
                   77777774447777777777777777777777777777777777777777777777777777777768884444444456666666555555544444444
                   77777744777777777777777777777777777777777777777777777777777777777758884444555666666666665555544444444
                    7777477777777777777777777777777777777777777777777777777777777777745565444455566666666665555544444444
                 7  7777777777777777777777777777777777777777777777777777777777777777774445555564455566666655555554444444
               77777 777777777777777777777777777777777777777777777777777777777777777774455544564555566666655555554444444
             77777777777777777777   777777777777777777777777777777777777777777777777777447444555565466666655555555444444
             777777777777777          7777777777777777777777777777777777777777777777777777774455565688886655555555544444
