77744777777777777777777774444444444777777777777                                          777777    455555555555544444444
777777777777777777777777444444444444777777777777                                         777777    455555555555544444444
7777777777777777777777777444444444447777777777777                                        777777    455555555555544444444
7777777777777777777777777444444444447777777777777                                        777777    455555555555444444444
77777777777777777777777744444444444477777777777777                                      7777777    455555555555444444444
777777777777777777777777444444444444477777777777777                                    77777777    455555555555444444444
 77777777777777777777777444444444444477777777777777                                  7777777777    455555555554444444444
 77777777777777777777777444444444444477777777777777                                 77777777777    455555555554444444444
  777777777777777777777744444444444447777777777777                     77777777    777777777777    555555555554444444444
   77777777777777777777774444444444447777777777777                   77777777777777777777777777    555555555554444444444
   7777777777777777777777444444444444777777777777                  7777777777777777777777777777  77555555555544444444444
    777777777777777777777444444444444777777777777      777        777777777777777777777777777777777555555555544444444444
    7777777777777777777777444444444447777777           74457              7777      744447777777774555555555544444444444
     77777777777777777777744444444444777               745454        777777777777774888888888654746566555555544444444444
      7777777777777777777744444444444777 7             45554554      754777777777758888888888888868666554555544444444444
      7777777777777777777744444444444777 7             656555565    7777777777777688888868888888888886554555544444444444
       777777777777777777774444444444777 7             56565555665555555444444446888888644455555568886544555544444444444
        77777777777777777774444444444777 7              4456555555555556544444458888888644444444756655555555444444444444
        77777777777777777777444444447777 7              7456655544455555566444488888888644444444456555555555444444444444
         7777777777777777777744444447777                 756686554455554456865688888888645444444456555555555444444444444
         7777777777777777777744444447777                   7468886555554468888888888888544444444466555555555444444444444
          777777777777777777744444447777                      6886655444488888888888886774744444466555555555444444444444
           77777777777777777744444447777                       664744454588888888888886444777444466655555555444444444444
           77777777777777777744444447777  7                              75688888888888888547774466655555555444444444444
            7777777777777777744444447777                                    48888888888888886477765655555555444444444444
             7777777777777777444444477777                                    7688888888888888885765555555555544444444444
             7777777777777777444444477777                                      45688668888888888865555555555544444444444
              77777777777777744444447777777                                            746888888885555555555544444444444
              777777777777777444444477777777777                                            76888865555555555554444444444
               777777777777744444444777777777777777                                       768888675555555555555444444444
                77777777777774444444444777777777777777                               77777888886745555555555555444444444
                77777777777744444444444777777777777777777777777777777777           7777776888867 45555555555554444444444
                 7777777777744444444477777777777777777777777777777777777777777777777777748888677745555555555555444444444
                  777777777444444477777777777777777777777777777777777777777777777777777768886777745555555555555444444444
                  777777777444447777777777777777777777777777777777777777777777777777777488864777745565655555555544444444
                   77777774447777777777777777777777777777777777777777777777777777777777468844444456666666655555554444444
                   77777744777777777777777777777777777777777777777777777777777777777774445544455666666666665555554444444
                    7777477777777777777777777777777777777777777777777777777777777777774444455555566666666665555554444444
                     777777777777777777777777777777777777777777777777777777777777777777444444564465566666655555555444444
                 777 777777777777777777777777777777777777777777777777777777777777777777777744554555566666655555555444444
               7777777777777777       777777777777777777     77777777777777777777777777777774555555466666655555555544444
              77777777777                   7 7777 7         77777777777777777777777777777774455565688886665555555554444
