77744777777777777777774444444444444477777777777777                                     77777777    455555555555555544444
7777777777777777777777444444444444444777777777777777                                   77777777    455555555555555444444
7777777777777777777777444444444444444777777777777777                                   77777777    455555555555554444444
7777777777777777777777444444444444444777777777777777                                   77777777    455555555555554444444
77777777777777777777774444444444444447777777777777777                                 777777777    455555555555544444444
7777777777777777777777444444444444444477777777777777777                                77777777    455555555555544444444
 7777777777777777777744444444444444444777777777777777777                              777777777    455555555555544444444
 77777777777777777777744444444444444447777777777777777777                      77    7777777777    455555555555444444444
  7777777777777777777744444444444444444777777777777777777             777  77777777777777777777    555555555554444444444
   777777777777777777774444444444444444777777777777777777           777777777777777777777777777   7555555555554444444444
   77777777777777777777444444444444444477777777777777777777       77777777777777777777777777777  77555555555554444444444
    77777777777777777774444444444444444777777777777777777777      777777777777777777777777777777777555555555554444444444
    777777777777777777744444444444444447777777            4447               7777   756655544777774555555555544444444444
     77777777777777777744444444444444447 777              745557      77777777777777688888888865446566555555544444444444
      7777777777777777774444444444444447 7                44555647    54    77777776888888888888888666554555544444444444
      7777777777777777744444444444444447 7                665555667   77777777777768888865688888888888554555444444444444
       777777777777777774444444444444447 7                65655556655555554444444588888884444555568686444555444444444444
       777777777777777774444444444444447 7                75565555555555556544444688888886444444456555555555444444444444
        7777777777777777744444444444447777                 4456655545555555566544888888886444444456555555555444444444444
         7777777777777777444444444444477777                7466666544455554458888888888888444444466555555555444444444444
         7777777777777777744444444444477777                  75688666555544468888888888886444444466555555555444444444444
          7777777777777777444444444447777 7                     48886655444588888888888886744444466555555555444444444444
           777777777777777744444444447777 7                      6885444554688888888888886447774466655555555444444444444
           777777777777777444444444447777 7                       4         75688888888888888547765555555555544444444444
            77777777777777444444444447777 7                                   758888888888888886465565555555444444444444
            77777777777777444444444447777 7                                     4888888888888888886556555555544444444444
             7777777777777444444444447777                                         46888888888888888866655555554444444444
              777777777777444444444447777777                                             7456888888886655555554444444444
              77777777777774444444444777777777777777777    777                               758888866655555554444444444
               777777777777444444444477777777777777777777777777                     777777774688888656555555555444444444
                77777777777444444444444477777777777777777777777                   77777777748888886555555555555444444444
                77777777777444444444444477777777777777777777777777777777777777777777777777488888645555555555555444444444
                 7777777774444444444447777777777777777777777777777777777777777777777777774888885745555555555555444444444
                 7777777774444444447777777777777777777777777777777777777777777777777777746888577745555555555555444444444
                  777777774444447777777777777777777777777777777777777777777777777777777758885777745566655555555544444444
                   77777744444777777777777777777777777777777777777777777777777777777774445654444456666666655555554444444
                   77777444777777777777777777777777777777777777777777777777777777777774444554555666666666665555544444444
                    7777477777777777777777777777777777777777777777777777777777777777777444455555566666666665555554444444
              7777  7774777777777777777777777777777777777777777777777777777777777777777777444565465566666665555555444444
             77777777777777777777777777777777777777777777777777777777777777777777777777777444555565566666655555555444444
          7 777777777777777777777777777777777777777777777777777777777777777777777777777777444555565466666655555555544444
          77777777777777777777     7777777777777777777777777777777777777777777777777777777744455565688886665555555554444
