77744777777777777777777774444444444777777777                                               7777    455555555555544444444
7777777777777777777777774444444444477777777777                                            77777    455555555555444444444
777777777777777777777777744444444444777777777777                                         777777    455555555555544444444
7777777777777777777777774444444444447777777777777                                        777777    455555555555444444444
77777777777777777777777744444444444477777777777777                                      7777777    455555555554444444444
777777777777777777777777444444444444777777777777777                                     7777777    455555555555444444444
 77777777777777777777774444444444444777777777777777                                     7777777    455555555554444444444
 77777777777777777777777444444444444477777777777777                                      777777    455555555544444444444
  7777777777777777777777444444444444477777777777777                  7777                77777     555555555544444444444
   7777777777777777777774444444444444777777777777777 7         777777777777               7777     555555555544444444444
   77777777777777777777444444444444447777777777777777          77777777777777            77777     555555555444444444444
    777777777777777777774444444444444777777445547777777   7777777777777777777777       7777777    7555555555444444444444
    7777777777777777777744444444444447777777455557            777777777777                    77777555555555444444444444
     77777777777777777774444444444444477   7555555577         7777777777777777777777777777777777746555555555444444444444
      7777777777777777774444444444444777 7  7565555664  77447  777777754777   777777777777777777746555554555544444444444
      7777777777777777777444444444444477 7   456554555555555554477777747777445566666666666688888668886554555444444444444
       777777777777777777444444444444477 7   755665554445555555555544444568888888888888888888888888886544555444444444444
        77777777777777777744444444444777 7     4566655544555544588888888888888888888888888888866666665555555444444444444
        77777777777777777744444444444777 7     4566886865555544688888888888888888886544444444477756555555555444444444444
         7777777777777777774444444444777         46688886655544888888888888888886544444474777777756555555555444444444444
         7777777777777777777444444447777  7         75686655555688888888888886547777777774777777756555555554444444444444
          777777777777777777444444447777  7           486       75888888888857777777777774777777755555555554444444444444
           77777777777777777444444447777  7                       5888888888867  777777774777777755555555554444444444444
           77777777777777777744444447777  7                        588888888886     777777 77777755555555555444444444444
            77777777777777774444444477777 7                          45688888886         7   777 55555555554444444444444
            77777777777777774444444477777 7                              58888886                55555555555444444444444
             7777777777777777444444477777                                 76888887               65555555555544444444444
              77777777777777744444447777777                                 468886       777  77745555555555444444444444
              7777777777777744444444777777777777                             768884              75555555555544444444444
               77777777777774444444477777777777777777                         488867777777777    45555555555544444444444
                7777777777774444444444477777777777777777 7 77                 788886777777777    45555555555555444444444
                777777777777444444444444777777777777777777777777777777777      58888577777777    45555555555554444444444
                 7777777777444444444477777777777777777777777777777777777777777776888847777777777745555555555555444444444
                  777777777444444477777777777777777777777777777777777777777777777588884444444777745555555555555544444444
                  777777777444447777777777777777777777777777777777777777777777777758886774444777445655555555555554444444
                   77777774447777777777777777777777777777777777777777777777777777774888644444444456666666655555554444444
                   77777744777777777777777777777777777777777777777777777777777777777466554444455666666666665555555444444
                    7777477777777777777777777777777777777777777777777777777777777777744444555555566666666665555555444444
                     777777777777777777777777777777777777777777777777777777777777777774455544564565566666655555555544444
                7777 777777777777777777777777777777777777777777777777777777777777777777447444555565566666655555555544444
               7777777777777777      77777777777777777777777777777777777777777777777777777444555565466666665555555544444
              777777777777             777777777777777777  7777777777777777777777777777777744455566688886665555555554444
