777447777777777777777777444444444447777777777777                                         777777    455555555555544444444
7777777777777777777777774444444444447777777777777                                        777777    455555555555544444444
7777777777777777777777774444444444447777777777777                                       7777777    455555555555544444444
77777777777777777777777744444444444447777777777777                                      7777777    455555555555444444444
777777777777777777777777444444444444477777777777777                                     7777777    455555555555444444444
7777777777777777777777744444444444444777777777777777                                    7777777    455555555555444444444
 77777777777777777777744444444444444477777777777777                                     7777777    455555555554444444444
 777777777777777777777744444444444444777777777777777                                    7777777    455555555554444444444
  77777777777777777777774444444444444777777777777777             77777777                77777     555555555554444444444
   7777777777777777777774444444444444777777777777777 7          777777777777777          77777     555555555544444444444
   77777777777777777777444444444444444777777777777777          777777777777777777        77777     555555555544444444444
    777777777777777777774444444444444477777774547777777   777  777777777777777777777 7777777777   7555555555544444444444
    77777777777777777777444444444444447777777444557             77777777777                   77777555555555544444444444
     77777777777777777774444444444444477    7455555577         777777777777777777777777777777777746555555555544444444444
      7777777777777777774444444444444477 7   465555566     7    7777775477      7777777777777777746665554555544444444444
      7777777777777777774444444444444477 7   765655556655555554777777747777774555566886666888886668886554555544444444444
       777777777777777777444444444444477 7    45665555455555555654444444455688888888888888888888888886544555544444444444
        77777777777777777744444444444777 7     4456655444555554568665445688888888888886688888866666665555555544444444444
        77777777777777777774444444444777 7     7466666655555544488888888888888888888544444444777756555555555444444444444
         7777777777777777774444444444777          4568886555544588888888888888888654444444777777756555555555444444444444
         7777777777777777777444444447777            78886665555688888888888888864444444444777777756555555555444444444444
          777777777777777777444444447777              585   777756888888888886777777777774777777756555555555444444444444
           77777777777777777744444447777                          488888888888647777777774777777755555555555444444444444
           77777777777777777744444447777  7                        48888888888884   777774777777765555555555544444444444
            7777777777777777744444447777                            75888888888885    7777 77777765555555555444444444444
            77777777777777777444444477777                               74588888886           77765555555555544444444444
             7777777777777777444444477777                                   58888886            765555555555544444444444
              77777777777777744444447777777                                   4688884    777   7745555555555544444444444
              777777777777774444444477777777777                                 58885           775555555555554444444444
               777777777777744444444777777777777777                             4888677777777    45555555555555444444444
                777777777777444444444447777777777777777                         7888857777777    45555555555555444444444
                77777777777744444444444777777777777777777777777777777777        7688887777777    45555555555555444444444
                 7777777777744444444477777777777777777777777777777777777777777777488885777777777745555555555555444444444
                  777777777444444477777777777777777777777777777777777777777777777758888444444777745555555555555544444444
                  777777777444447777777777777777777777777777777777777777777777777775888574444777445655555555555554444444
                   77777774447777777777777777777777777777777777777777777777777777777688844444444556666666655555554444444
                   77777744777777777777777777777777777777777777777777777777777777777768664444455666666666665555555444444
                    7777477777777777777777777777777777777777777777777777777777777777744455554555566666666665555555444444
                     777777777777777777777777777777777777777777777777777777777777777774445554564565566666655555555544444
                 777 777777777777777777777777777777777777777777777777777777777777777777444444555565566666655555555544444
               7777777777777777      7777777777777777777 7  777777777777777777777777777777444555565466666655555555544444
              77777777777              77777777777777       777777777777777777777777777777744455566688886665555555554444
