777447777777777777777777444444444447777777777777                                          77777    455555555555555554444
7777777777777777777777774444444444447777777777777                                        777777    455555555555555544444
7777777777777777777777777444444444447777777777777                                        777777    455555555555555444444
77777777777777777777777744444444444477777777777777                                       777777    455555555555555544444
777777777777777777777777444444444444777777777777777                                      777777    455555555555554444444
777777777777777777777777444444444444477777777777777                                     7777777    455555555555554454444
 77777777777777777777777444444444444477777777777777                                     7777777    455555555555555444444
 77777777777777777777777444444444444477777777777777                                    77777777    555555555555555444444
  7777777777777777777777444444444444477777777777777                  77777      777777777777777    555555555555544444444
   77777777777777777777774444444444447777777777777   7             777777777   7777777777777777    555555555555544444444
   77777777777777777777774444444444447777777777777                77777777777777777777777777777   7555555555555544444444
    77777777777777777777444444444444447777777777777777           7777777777777777777777777777777777555555555555444444444
    7777777777777777777774444444444444777777      77457 7            777777                77777774555555555554444444444
     77777777777777777777444444444444477          74545664          7777777777777777455444444777746565555555554444444444
      7777777777777777777444444444444777 7        7555456664        7754777   777758888888888886556666554555554444444444
      7777777777777777777744444444444777 7         465555666777744777747777777746888888888888888888886554555555444444444
       777777777777777777774444444444777 7          46555566555555554444444444688888888566888886888886544555555444444444
        77777777777777777774444444444777 7          75555554555555556654444458888888884444444777756655555555554444444444
        77777777777777777774444444447777 7           4666554445555545686544688888888844444447777756555555555544444444444
         7777777777777777777444444447777              756866545555444888888888888888544444444777756555555555544444444444
         7777777777777777777444444447777                 688865555446888888888888886444444444444456555555555544444444444
          777777777777777777744444447777                 688866555546888888888888867774444744444466555555555544444444444
           77777777777777777744444447777                   54     774588888888888854777774744444466555555555554444444444
           77777777777777777744444447777                               5888888888888647774777744466555555555554444444444
            7777777777777777744444447777                                488888888888886777 77777766555555555554444444444
            77777777777777777444444477777                                46888888888888857  7777765555555555554444444444
             7777777777777777444444477777                                  7445568888888884  777765555555555555444444444
              77777777777777744444447777777                                       46888888857777745555555555555444444444
              777777777777777444444477777777777                                     74588886    775555555555555544444444
               7777777777777744444447777777777777777                                  7888847    75555555555555444444444
                777777777777444444444447777777777777777                              75888877    45555555555555544444444
                777777777777444444444447777777777777777777777777777777777           778888877    45555555555555544444444
                 7777777777744444444477777777777777777777777777777777777777777777777748888677777745555555555555544444444
                  777777777444444477777777777777777777777777777777777777777777777777748888544777745555555555555544444444
                  777777777444477777777777777777777777777777777777777777777777777777778888444777745565655555555544444444
                   77777774447777777777777777777777777777777777777777777777777777777778886444444456666666555555554444444
                   77777744777777777777777777777777777777777777777777777777777777777776886444555666666666665555554444444
                    7777477777777777777777777777777777777777777777777777777777777777775666444455566666666665555554444444
                     777777777777777777777777777777777777777777777777777777777777777774455555564565566666655555554444444
               77777 777777777777777777777777777777777777777777777777777777777777777774445554564555566666655555555444444
               7777777777777777       77777777777777777777  777777777777777777777777777444444555565466666655555555544444
              777777777777             777777777777777        7777777777777777777777777777774455565688886665555555554444
