77744777777777777777777444444444444477777777777777                                      7777777    455555555555555554444
777777777777777777777774444444444444777777777777777                                     7777777    455555555555555544444
777777777777777777777774444444444444777777777777777                                     7777777    455555555555555444444
7777777777777777777777744444444444444777777777777777                                    7777777    455555555555555544444
7777777777777777777777744444444444444777777777777777                                   77777777    455555555555554544444
7777777777777777777777744444444444444477777777777777777                                77777777    455555555555554544444
 7777777777777777777774444444444444444777777777777777777                               77777777    455555555555555444444
 7777777777777777777774444444444444444777777777777777777                            77777777777    455555555555555444444
  7777777777777777777774444444444444447777777777777777777                   7777777777777777777    555555555555544444444
   777777777777777777774444444444444447777777777777777777           777777777777777777777777777   7555555555555544444444
   7777777777777777777744444444444444477777777777777777777        777777777777777777777777777777 77555555555555544444444
    77777777777777777777444444444444444777777777777777777777      777777777777777777777777777777777555555555555444444444
    777777777777777777774444444444444447777777             7447              777777 756555544777774555555555554444444444
     77777777777777777774444444444444477 77                744564     77777777777777688888888865446566555555554444444444
      7777777777777777774444444444444447 7                 44545657   54    77777776888888888888888666554555544444444444
      7777777777777777774444444444444447 7                4555555667  77777777777758888866688888888888554555544444444444
       777777777777777777444444444444447 7                76565556665555554444444488888884444555568686544555544444444444
       777777777777777777444444444444447 7                 7565555666555555544444688888886444444456555555555544444444444
        7777777777777777744444444444447777                 7456655545555555566444688888888444444456555555555444444444444
         7777777777777777444444444444477777                 756666544455555456886888888888444444466555555555444444444444
         77777777777777777444444444447777 7                   7468665555554458888888888888444444466555555555444444444444
          7777777777777777774444444447777 7                     48886655544488888888888886744444466555555555444444444444
           777777777777777774444444447777 7                     76864444555588888888888886477744466655555555444444444444
           777777777777777774444444447777 7                       7         75688888888888885477766555555555544444444444
            77777777777777744444444447777 7                                   758888888888888864765555555555554444444444
            77777777777777744444444447777 7                                     4888888888888888665556555555544444444444
             7777777777777744444444447777                                        756888888888888888656555555554444444444
              777777777777744444444447777777                                          7774588888888866655555555444444444
              7777777777777444444444477777777777777777                                      7468888865655555554444444444
               777777777777444444444477777777777777777777 77777                     7 7777777488888856555555555444444444
                77777777777444444444444477777777777777777777777                    7777777776888886555555555555444444444
                77777777777444444444444477777777777777777777777777777777777777777777777777768888855555555555555444444444
                 7777777777444444444447777777777777777777777777777777777777777777777777777688886445555555555555444444444
                 7777777777444444477777777777777777777777777777777777777777777777777777775888857745555555555555444444444
                  777777774444447777777777777777777777777777777777777777777777777777777758888477745566655555555544444444
                   77777744444777777777777777777777777777777777777777777777777777777777456884444456666666655555544444444
                   77777744777777777777777777777777777777777777777777777777777777777774445554555666666666665555544444444
                    7777477777777777777777777777777777777777777777777777777777777777774544554555566666666665555554444444
              7777  7774777777777777777777777777777777777777777777777777777777777777777444445564465566666655555554444444
              7777777777777777777777777777777777777777777777777777777777777777777777777777744565555566666655555554444444
          77777777777777777777777777777777777777777777777777777777777777777777777777777777444555565466666655555555444444
          7777777777777777777       777777777777777777777777777777777777777777777777777777774455565688886665555555544444
