7774477777777777777777774444444444477777777777777                                        777777    455555555555555554444
77777777777777777777777744444444444477777777777777                                       777777    455555555555555554444
77777777777777777777777744444444444477777777777777                                      7777777    455555555555555554444
777777777777777777777777444444444444477777777777777                                     7777777    455555555555555544444
7777777777777777777777774444444444444777777777777777                                     777777    455555555555555544444
77777777777777777777777444444444444447777777777777777                                    777777    455555555555555554444
 77777777777777777777777444444444444477777777777777777                                  7777777    455555555555555445444
 777777777777777777777774444444444444477777777777777777                               777777777    455555555555555444444
  77777777777777777777774444444444444477777777777777777                         777777777777777    555555555555554444444
   77777777777777777777744444444444444777777777777777777                     777777777777777777  77555555555555554444444
   77777777777777777777774444444444444777777777777777777            7777777777777777777777777777777555555555555545444444
    77777777777777777777444444444444447777777777777777777          77777777777777777777777777777774555555555555544444444
    77777777777777777777744444444444447777777                 777                777755555544777774555555555555544444444
     77777777777777777777444444444444477 7                    74457   7     77777777688888888865446566555555555444444444
      7777777777777777777444444444444477 7                   4445557  57       77774888888888888888666554555554444444444
      7777777777777777777444444444444477 7                  7855555567     777777776888888688888888888554555555444444444
       777777777777777777744444444444477 7                  785655556577444447774448888888545555568686544555554444444444
       777777777777777777744444444444477 7                   45565555665555555444448888888854444456665555555554444444444
        77777777777777777774444444444777 7                   74456555555555555554448888888884444456655555555544444444444
         7777777777777777774444444444777                      4566655544555555556658888888885444466655555555544444444444
         7777777777777777777444444444777  7                    756866554455554458888888888885444466655555555544444444444
          777777777777777777744444447777  7                       468885555554468888888888885444466655555555544444444444
           77777777777777777444444447777  7                        88866655544488888888888885744466665555555554444444444
           777777777777777777444444477777 7                        7657  77444468888888888888864765665555555554444444444
            77777777777777774444444477777 7                                      468888888888888865566555555554444444444
            77777777777777774444444477777 7                                        5888888888888888666655555554444444444
             7777777777777777444444477777                                           768888888888888886665555555444444444
              777777777777777444444477777777                                           744445888888888865555555444444444
              777777777777774444444447777777777777                                            46888888886555555444444444
               77777777777774444444447777777777777777                                    77     468888886555555444444444
                7777777777774444444444447777777777777777   77                         777777  46888888865555555544444444
                7777777777774444444444477777777777777777777777777777777777         7777777777688888886655555555444444444
                 7777777777444444444477777777777777777777777777777777777777777777777777777746888888655555555555444444444
                  777777777444444477777777777777777777777777777777777777777777777777777777588888655555555555555444444444
                  777777774444447777777777777777777777777777777777777777777777777777777775888857745556655555555544444444
                   77777774447777777777777777777777777777777777777777777777777777777777444586444456666866555555544444444
                   77777744777777777777777777777777777777777777777777777777777777777774444564555666666666665555544444444
                    7777477777777777777777777777777777777777777777777777777777777777777444455555566666666665555544444444
                 7  7777777777777777777777777777777777777777777777777777777777777777777777445564455566666655555554444444
              777777 777777777777777777777777777777777777777777777777777777777777777777777744554455566666655555554444444
             77777777777777777777   777777777777777777777777777777777777777777777777777777777555555466666655555554444444
            7777777777777777          777777777777777777    777777777777777777777777777777777455565688886655555555544444
