7774477777777777777777777444444444477777777777                                             7777    455555555555555554444
777777777777777777777777774444444447777777777777                                          77777    455555555555555544444
7777777777777777777777777444444444447777777777777                                        777777    455555555555555444444
7777777777777777777777777444444444447777777777777                                        777777    455555555555554444444
77777777777777777777777744444444444477777777777777                                      7777777    455555555555554444444
77777777777777777777777744444444444447777777777777                                     77777777    455555555555544444444
 777777777777777777777774444444444444777777777777                                   77777777777    455555555555554444444
 777777777777777777777774444444444444777777777777                      777         777777777777    555555555555544444444
  77777777777777777777774444444444444777777777777                    7777777     77777777777777    555555555555544444444
   777777777777777777777744444444444477777777777                   7777777777777777777777777777    555555555555544444444
   777777777777777777777744444444444477777777777    77            77777777777777777777777777777   7555555555555444444444
    777777777777777777777444444444444777777777777  77447         7777777777777777777777777777777777555555555554444444444
    777777777777777777777744444444444777777        77445557          777777777            777777774555555555554444444444
     77777777777777777777744444444444777            44545664        7747777777777774566655555477746566555555554444444444
      7777777777777777777444444444444777 7          455555665       7754777777777468888888888888666666554555544444444444
      7777777777777777777744444444444777 7          75655556644444547744777777756888888888888888888886554555544444444444
       777777777777777777774444444444777 7           4565455555555555444444444688888886455666666668886544555554444444444
        77777777777777777777444444447777 7           7456555445555555665447458888888884444444777756655555555554444444444
        77777777777777777777444444447777 7            755865444555554568865588888888854444444777756555555555544444444444
         7777777777777777777744444447777                7588665555544588888888888888644444444447756555555555444444444444
         7777777777777777777744444447777                  88886555444888888888888888444444444444456555555555444444444444
          777777777777777777744444447777                  46864445555888888888888884777774744444466555555555444444444444
           77777777777777777744444447777                           7 756888888888865777774774444466555555555454444444444
           77777777777777777744444447777                                688888888888864774777774466555555555554444444444
            7777777777777777744444447777                                 58888888888888647 77777766555555555554444444444
            77777777777777777444444477777                                 46888888888888864  777765555555555544444444444
             7777777777777777444444477777                                   74445688888888857 77765555555555554444444444
              77777777777777744444447777777                                        4568888886777745555555555554444444444
              777777777777777444444477777777777                                       7488886    75555555555554444444444
               777777777777774444444777777777777777                                    488884    75555555555555444444444
                777777777777744444444447777777777777777                               7888887    45555555555555544444444
                77777777777744444444444777777777777777777777777777777777            775888867    45555555555555544444444
                 7777777777744444444477777777777777777777777777777777777777777777777775888847777745555555555555444444444
                  777777777444444477777777777777777777777777777777777777777777777777775888644777745555555555555544444444
                  777777777444477777777777777777777777777777777777777777777777777777775888544777745565655555555544444444
                   77777774447777777777777777777777777777777777777777777777777777777775888444444456666666555555554444444
                   77777744777777777777777777777777777777777777777777777777777777777776888444555666666666665555544444444
                    7777477777777777777777777777777777777777777777777777777777777777774556544455566666666665555554444444
                     777777777777777777777777777777777777777777777777777777777777777774445555564565566666655555554444444
                7777 777777777777777777777777777777777777777777777777777777777777777774455444564555566666655555555444444
               7777777777777777      7777777777777777777       777777777777777777777777777744555565466666655555555544444
              777777777777                 77  7777            777777777777777777777777777777455565688886665555555554444
