77744777777777777777777774444444444777777777777                                          777777    455555555555544444444
7777777777777777777777774444444444447777777777777                                        777777    455555555555444444444
77777777777777777777777774444444444477777777777777                                       777777    455555555555544444444
77777777777777777777777744444444444477777777777777                                       777777    455555555555444444444
777777777777777777777777444444444444777777777777777                                     7777777    455555555554444444444
777777777777777777777777444444444444477777777777777                                    77777777    455555555555444444444
 777777777777777777777774444444444444777777777777777                                   77777777    455555555554444444444
 777777777777777777777774444444444444777777777777777                                 7777777777    455555555544444444444
  77777777777777777777774444444444444777777777777777                        77777   77777777777    555555555544444444444
   7777777777777777777777444444444444777777777777777 7                  77777777777777777777777   7555555555544444444444
   7777777777777777777777444444444444777777777777777               7777777777777777777777777777  77555555555544444444444
    7777777777777777777774444444444447777777777777777     77      777777777777777777777777777777777555555555544444444444
    7777777777777777777774444444444447777777             74457                      768866654777774555555555544444444444
     77777777777777777777444444444444777                  74554       77777777777774888888888886546566555555544444444444
      7777777777777777777444444444444777 7                455555      57    77777778888888888888888666554555544444444444
      7777777777777777777744444444444777 7               656555557    77777777777768888865668888888886554555444444444444
       777777777777777777744444444444777 7               865655556554444547744444588888884444444456685444455444444444444
        77777777777777777774444444444777 7               585565455555555556444444688888886444444456555555555444444444444
        77777777777777777777444444444777 7                44456655444555555664444888888888444444456555555555444444444444
         7777777777777777777444444447777                   5456665544455554558656888888888444444466655555555444444444444
         7777777777777777777744444447777                    468688666555554468888888888888444444466655555555444444444444
          777777777777777777744444447777                      7758888655544488888888888886744444466655555555444444444444
           77777777777777777744444447777  7                      4886555554588888888888888547744466655555555444444444444
           77777777777777777744444447777  7                       54     77746888888888888888647766665555555544444444444
            7777777777777777744444447777                                      758888888888888888565565555555444444444444
            77777777777777777444444477777                                       7688888888888888886656655555544444444444
             7777777777777777444444477777                                         75688666888888888866655555554444444444
              77777777777777744444447777777                                               746888888886655555554444444444
              7777777777777744444444777777777777                                              58888886655555554444444444
               7777777777777444444447777777777777777                                        4688888866555555555444444444
                777777777777444444444447777777777777777    77                       777777748888886555555555555444444444
                77777777777744444444444777777777777777777777777777777777           7777777488888655555555555555444444444
                 7777777777744444444477777777777777777777777777777777777777777777777777774888864745555555555555444444444
                  777777777444444477777777777777777777777777777777777777777777777777777748888577745555555555555544444444
                  777777777444447777777777777777777777777777777777777777777777777777777756885777745566655555555544444444
                   77777774447777777777777777777777777777777777777777777777777777777774445654444456666666655555554444444
                   77777744777777777777777777777777777777777777777777777777777777777774544554455666666666665555555444444
                    7777477777777777777777777777777777777777777777777777777777777777777744445565566666666665555555444444
                    7777777777777777777777777777777777777777777777777777777777777777777777444555465566666665555555444444
               77777 777777777777777777777777777777777777777777777777777777777777777777777744555555566666655555555444444
               7777777777777777      77777777777777777777   777777777777777777777777777777744555565466666655555555544444
              777777777777             77777777777777       777777777777777777777777777777774455566688886665555555554444
