77744777777777777777777774444444444777777777777                                           77777    455555555555555554444
777777777777777777777777444444444444777777777777                                         777777    455555555555555554444
7777777777777777777777777444444444447777777777777                                         77777    455555555555555544444
77777777777777777777777744444444444477777777777777                                        77777    455555555555555544444
77777777777777777777777744444444444477777777777777                                       777777    455555555555555544444
777777777777777777777774444444444444477777777777777                                      777777    455555555555555554444
 77777777777777777777774444444444444477777777777777                                     7777777    455555555555555445444
 7777777777777777777777744444444444447777777777777                                      7777777    555555555555555444444
  777777777777777777777744444444444447777777777777                 77777      77        7777777    555555555555554444444
   77777777777777777777774444444444447777777777777   7           7777777777777777       777777     555555555555554444444
   7777777777777777777747444444444444777777777777               7777777777777777777777777777777    555555555555545444444
    77777777777777777777444444444444477777777777454777         77777777777777777777777777777777  77555555555555544444444
    777777777777777777774444444444444477777    7445554           7777777777                 7777774555555555555444444444
     77777777777777777777444444444444477       445456657        77777777777777777777777777777777746665555555555444444444
      7777777777777777777444444444444477 7     7555556667        777775477   7777777444444444444746666554555554444444444
      7777777777777777777444444444444477 7      455555666555555477777747777777456688888888888888888886554555555444444444
       777777777777777777744444444444777 7       56555555555555555544444444568888888888888888888888886544555555444444444
        77777777777777777774444444444777 7       45665544445555555686544468888888888885566666665566665555555554444444444
        77777777777777777774444444444777 7        4666655445555445888886888888888888544444777777756655555555554444444444
         7777777777777777774444444444777            76888655554448888888888888888864444444777777756555555555554444444444
         7777777777777777777444444447777             6888666555458888888888888886444444444777777756555555555544444444444
          777777777777777777744444447777              768577774446888888888888647774444444777777756555555555554444444444
           77777777777777777444444447777                          758888888888857777777774777777766555555555554444444444
           77777777777777777744444447777                            58888888888885 7777774777777765555555555554444444444
            7777777777777777744444447777                             588888888888867  7777777777765555555555554444444444
            77777777777777774444444477777                              45668888888884    7777777765555555555554444444444
             7777777777777777444444477777                                   4688888884    77   7765555555555555444444444
              77777777777777744444447777777                                   756888884  7777  7745555555555555544444444
              777777777777777444444477777777777                                  768884  7       75555555555554544444444
               777777777777744444444777777777777777                               58885777777    75555555555555544444444
                777777777777444444444447777777777777777                           58886777777    45555555555555544444444
                777777777777444444444447777777777777777777777777777777777         58888777777    45555555555555544444444
                 7777777777744444444477777777777777777777777777777777777777777777748888577777777745555555555555544444444
                  777777777444444477777777777777777777777777777777777777777777777776888644444777745555555555555544444444
                  777777777444477777777777777777777777777777777777777777777777777774888874444777745555555555555544444444
                   77777774447777777777777777777777777777777777777777777777777777777588844444444456666666555555554444444
                   77777744777777777777777777777777777777777777777777777777777777777768864444555666666666665555544444444
                    7777477777777777777777777777777777777777777777777777777777777777745555444455566666666665555554444444
                     777777777777777777777777777777777777777777777777777777777777777774444555554565566666655555554444444
               77777 777777777777777777777777777777777777777777777777777777777777777774455544564555566666655555555444444
               7777777777777777      777777777777777777777   77777777777777777777777777447444555565466666655555555544444
              777777777777             77777777777777        77777777777777777777777777777777455565688886665555555554444
