77744777777777777777777444444444444477777777777777                                      7777777    455555555555555554444
777777777777777777777774444444444444777777777777777                                     7777777    455555555555555554444
777777777777777777777744444444444444477777777777777                                    77777777    455555555555555544444
7777777777777777777777444444444444444777777777777777                                   77777777    455555555555555544444
7777777777777777777777744444444444444777777777777777                                   77777777    455555555555555544444
7777777777777777777777744444444444444477777777777777777                                77777777    455555555555555554444
 7777777777777777777774444444444444444777777777777777777                              777777777    455555555555555445444
 7777777777777777777774444444444444444777777777777777777               777777777    77777777777    455555555555555444444
  7777777777777777777774444444444444447777777777777777777            777777777777  777777777777    555555555555554444444
   777777777777777777774444444444444447777777777777777777         77777777777777777777777777777   7555555555555554444444
   7777777777777777777744444444444444477777777777777777777 7      77777777777777777777777777777  77555555555555544444444
    77777777777777777774444444444444444777777777777777777447     7777777777777777777777777777777777555555555555444444444
    777777777777777777744444444444444447777777          74454            7777777    744447777777774555555555554444444444
     77777777777777777744444444444444447 777            4454565      777777777777774688888888655446566555555554444444444
      7777777777777777744444444444444447 7              455555657    754777777777748888888888888868666554555554444444444
      7777777777777777744444444444444447 7              455555666   7777777777777588888866888888888888554555554444444444
       777777777777777774444444444444447 7              7565555666555555444444446888888644445555568886444555554444444444
       777777777777777774444444444444477 7               456555555555555654444458888888844444444756555555555554444444444
        7777777777777777744444444444447777               756665544455555556655588888888844444444456555555555544444444444
         7777777777777777444444444444477777                5686554455554458888888888888644444444456555555555444444444444
         77777777777777777444444444447777 7                  48886555554468888888888888544444444466555555555444444444444
          7777777777777777444444444447777 7                  58886665544588888888888886774744444466555555555444444444444
           777777777777777744444444447777 7                   7664777744458888888888888654777744466555555555444444444444
           777777777777777444444444447777 7                                468888888888888657777766555555555544444444444
            77777777777777444444444447777 7                                 76888888888888888577765555555555454444444444
            77777777777777744444444447777 7                                   588888888888888885765555555555544444444444
             7777777777777444444444447777                                      74566666888888888865555555555554444444444
              777777777777744444444447777777                                           745688888885555555555555444444444
              7777777777777444444444477777777777777777      77                             76888865555555555554444444444
               777777777777444444444477777777777777777777777777                      77777768888675555555555555444444444
                77777777777444444444444477777777777777777777777                   77777777688886745555555555555544444444
                77777777777444444444444477777777777777777777777777777777777777777777777775888887 45555555555555544444444
                 7777777777444444444477777777777777777777777777777777777777777777777777778888877745555555555555444444444
                 7777777774444444447777777777777777777777777777777777777777777777777777758888777745555555555555444444444
                  777777774444447777777777777777777777777777777777777777777777777777777788884777745556655555555544444444
                   77777744444777777777777777777777777777777777777777777777777777777777488854444456666666655555544444444
                   77777444777777777777777777777777777777777777777777777777777777777774445644555666666666665555544444444
                    7777477777777777777777777777777777777777777777777777777777777777774444554555566666666665555554444444
              7777  7774777777777777777777777777777777777777777777777777777777777777774444445564465566666655555554444444
             77777777777777777777777777777777777777777777777777777777777777777777777777777444564555566666655555554444444
          77777777777777777777777777777777777777777777777777777777777777777777777777777777744555555466666655555554444444
          77777777777777777777      777777777777777777777777777777777777777777777777777777774455565688886665555555544444
