77744777777777777777777774444444444777777777777                                           77777    455555555555554444444
7777777777777777777777774444444444447777777777777                                        777777    455555555555554444444
7777777777777777777777774444444444447777777777777                                        777777    455555555555554444444
7777777777777777777777774444444444447777777777777                                        777777    455555555555554444444
77777777777777777777777744444444444447777777777777                                       777777    455555555555444444444
77777777777777777777777444444444444447777777777777                                       777777    455555555555444444444
 7777777777777777777777744444444444447777777777777                                      7777777    455555555555544444444
 7777777777777777777777744444444444447777777777777                                      7777777    455555555555444444444
  77777777777777777777774444444444444777777777777                   77777      77777     77777     555555555554444444444
   7777777777777777777777444444444444777777777777                  777777777 777777777  777777     555555555554444444444
   7777777777777777777777444444444444777777777777                777777777777777777777777777777   7555555555554444444444
    77777777777777777777444444444444447777777777774447           7777777777777777777777777777777777555555555544444444444
    7777777777777777777774444444444444777777     7744547            7777777                 7777774555555555544444444444
     77777777777777777777444444444444477          4554565          77747777777777777454444477777746555555555544444444444
      7777777777777777777444444444444777 7        455555665        77754777  7777756888888888866556666554555544444444444
      7777777777777777777744444444444777 7        7565555664444444777747777777756888888888888888888886554555544444444444
       777777777777777777774444444444777 7         456545555555555644444444445888888888566888888888886544555544444444444
        77777777777777777777444444444777 7          45665544455555556654444568888888864444444477756655555555544444444444
        77777777777777777777444444444777 7          45666654445555445688645888888888644444477777756555555555444444444444
         7777777777777777777444444447777              456866655555746888888888888888444444444777756555555555444444444444
         7777777777777777777744444447777                7888865554458888888888888884444444444444456555555555444444444444
          777777777777777777744444447777                 468655555568888888888888677777474744444466555555555444444444444
           77777777777777777744444447777                  74      774688888888888654777774744444466555555555444444444444
           77777777777777777744444447777  7                           76888888888888647774777744466555555555544444444444
            7777777777777777744444447777                               7688888888888886477 77777766555555555444444444444
            7777777777777777444444447777                                 58888888888888867   777765555555555544444444444
             7777777777777777444444477777                                  7444458888888885   77765555555555554444444444
              77777777777777744444447777777                                       45688888857777745555555555554444444444
              777777777777774444444477777777777                                       488884     75555555555554444444444
               777777777777744444444777777777777777                                   5888677    75555555555555444444444
                777777777777444444444447777777777777777                              78888677    45555555555555444444444
                77777777777744444444444777777777777777777777777777777777            748888577    45555555555555544444444
                 7777777777744444444477777777777777777777777777777777777777777777777758888477777745555555555555444444444
                  777777777444444477777777777777777777777777777777777777777777777777748888444777745555555555555544444444
                  777777777444477777777777777777777777777777777777777777777777777777748886444777445565655555555544444444
                   77777774447777777777777777777777777777777777777777777777777777777778886444444456666666655555554444444
                   77777744777777777777777777777777777777777777777777777777777777777778886444555666666666665555555444444
                    7777477777777777777777777777777777777777777777777777777777777777774555544555566666666665555555444444
                     777777777777777777777777777777777777777777777777777777777777777774445555564565566666655555555544444
                 777 777777777777777777777777777777777777777777777777777777777777777774454444554565566666655555555544444
               777777777777777        777777777777777777     77777777777777777777777777777444555565466666655555555544444
              77777777777                  777777777         77777777777777777777777777777744455566688886665555555554444
