7774477777777777777777744444444444477777777777777                                        777777    455555555555555544444
777777777777777777777774444444444444777777777777777                                     7777777    455555555555555444444
777777777777777777777774444444444444777777777777777                                    77777777    455555555555554444444
7777777777777777777777744444444444444777777777777777                                   77777777    455555555555554444444
7777777777777777777777744444444444444777777777777777                                   77777777    455555555555544444444
7777777777777777777777744444444444444477777777777777777                                77777777    455555555555544444444
 777777777777777777777444444444444444477777777777777777                               777777777    455555555555544444444
 7777777777777777777777444444444444444777777777777777777                     777777777777777777    455555555555544444444
  777777777777777777777444444444444444777777777777777777                   77777777777777777777    555555555555444444444
   777777777777777777774444444444444447777777777777777777           777777777777777777777777777    555555555555544444444
   777777777777777777774444444444444447777777777777777777         77777777777777777777777777777  77555555555554444444444
    7777777777777777777744444444444444477777777777777777777777    777777777777777777777777777777777555555555554444444444
    777777777777777777774444444444444447777777             745577            7777777744444777777774555555555544444444444
     77777777777777777774444444444444447 77                4454564    77777777777777688888888654446565555555544444444444
      7777777777777777774444444444444477 7                 45555565   54   777777775888888888888868666554555544444444444
      7777777777777777774444444444444447 7                 665555665  77777777777758888886888888888886554555544444444444
       777777777777777777444444444444477 7                 4565555666555555444444488888864455555568886444555444444444444
       777777777777777777444444444444447 7                  456555555555555644444588888886444444456555555555444444444444
        7777777777777777744444444444447777                  446665544555555556544688888888444444456555555555444444444444
         7777777777777777744444444444777777                  76586554455555456866888888888444444466555555555444444444444
         77777777777777777444444444447777 7                    758886555554458888888888888444444466555555555444444444444
          7777777777777777774444444447777 7                     78888655444468888888888886744444466655555555444444444444
           777777777777777774444444447777 7                      5864744555588888888888886777744466655555555444444444444
           777777777777777774444444447777 7                       7        746888888888888865477765555555555544444444444
            77777777777777744444444447777 7                                   468888888888888865765565555555444444444444
            77777777777777744444444447777 7                                     5888888888888888886556555555544444444444
             7777777777777744444444447777                                        468888888888888888866655555554444444444
              777777777777774444444447777777                                        744444588888888886655555554444444444
              7777777777777444444444477777777777777777                                      7458888886655555554444444444
               777777777777744444444477777777777777777777777777                      77777  7468888866655555555444444444
                77777777777444444444444477777777777777777777777                    7777777776888888656555555555444444444
                77777777777444444444444477777777777777777777777777777777777777777777777777768888865555555555555444444444
                 7777777777444444444477777777777777777777777777777777777777777777777777777688886445555555555555444444444
                 7777777777444444477777777777777777777777777777777777777777777777777777776888847745555555555555444444444
                  777777774444447777777777777777777777777777777777777777777777777777777758886477745566655555555544444444
                   77777744444777777777777777777777777777777777777777777777777777777777445664444456666866655555544444444
                   77777744777777777777777777777777777777777777777777777777777777777774444554555666666666665555544444444
                    7777477777777777777777777777777777777777777777777777777777777777774444455555566666666665555554444444
               7 7  7777777777777777777777777777777777777777777777777777777777777777777774444565465566666665555554444444
              7777777777777777777777777777777777777777777777777777777777777777777777777777444555555566666655555555444444
            777777777777777777777777777777777777777777777777777777777777777777777777777777444555565466666655555555544444
            77777777777777777        77777777777777777777777777777777777777777777777777777774455565688886665555555554444
