777447777777777777777777744444444447777777777777                                         777777    455555555555555444444
7777777777777777777777774444444444447777777777777                                        777777    455555555555555444444
77777777777777777777777774444444444477777777777777                                      7777777    455555555555554444444
77777777777777777777777744444444444477777777777777                                       777777    455555555555554444444
777777777777777777777777444444444444477777777777777                                      777777    455555555555544444444
777777777777777777777777444444444444477777777777777                                     7777777    455555555555544444444
 777777777777777777777774444444444444777777777777777                                    7777777    455555555555544444444
 7777777777777777777777744444444444447777777777777777                            7  77777777777    455555555555544444444
  777777777777777777777744444444444447777777777777777                        777777777777777777    555555555555444444444
   777777777777777777777744444444444447777777777777777                    777777777777777777777   7555555555554444444444
   777777777777777777777744444444444447777777777777777              7777777777777777777777777777 77555555555554444444444
    777777777777777777777444444444444477777777777777777     77     77777777777777777777777777777777555555555554444444444
    7777777777777777777774444444444444777777                74557             777777756555544777774555555555544444444444
     77777777777777777777444444444444477                    745455    7  77777777777688888888865446566555555544444444444
      7777777777777777777444444444444477 7                  45554554  57     7777775888888888888888666554555544444444444
      7777777777777777777744444444444777 7                 7665555567 7  77777777748888886688888888888554555544444444444
       777777777777777777774444444444477 7                  656555566544454444444468888886445555568686544555544444444444
        77777777777777777774444444444777 7                  745655555555555564444488888888544444456655555555544444444444
        77777777777777777774444444444777 7                   44565554455555556544488888888644444456655555555444444444444
         7777777777777777777444444444777                      4658655444555545685588888888844444466655555555444444444444
         7777777777777777777744444447777  7                     46886655555444888888888888844444466655555555444444444444
          777777777777777777744444447777  7                       688865544445888888888888844444466655555555444444444444
           77777777777777777744444447777  7                       486544555446888888888888677774466655555555444444444444
           77777777777777777744444447777  7                        7       774688888888888886547766665555555544444444444
            77777777777777777444444477777 7                                     5888888888888888565565555555554444444444
            77777777777777777444444477777                                        768888888888888886666655555544444444444
             7777777777777777444444477777                                          4688888888888888866655555554444444444
              77777777777777744444447777777                                          77444456888888888665555554444444444
              77777777777777744444447777777777777                                            756888888865555554444444444
               77777777777777444444447777777777777777                                         46888888665555555444444444
                7777777777774444444444447777777777777777                              7777  7688888866655555555444444444
                77777777777744444444444777777777777777777777777777777777            777777776888888655555555555444444444
                 7777777777744444444477777777777777777777777777777777777777777777777777777488888655555555555555444444444
                  777777777444444477777777777777777777777777777777777777777777777777777775888864745555555555555444444444
                  777777777444477777777777777777777777777777777777777777777777777777777746888477745566655555555544444444
                   77777774447777777777777777777777777777777777777777777777777777777774444664444456666666655555544444444
                   77777744777777777777777777777777777777777777777777777777777777777774444554555666666666665555544444444
                    7777477777777777777777777777777777777777777777777777777777777777777444455555566666666665555554444444
                 7   777777777777777777777777777777777777777777777777777777777777777777777444564465566666655555554444444
               77777 777777777777777777777777777777777777777777777777777777777777777777777774555555566666655555555444444
              777777777777777777     7777777777777777777    777777777777777777777777777777777555555466666655555555544444
              777777777777             77777777777777        77777777777777777777777777777777455565688886665555555554444
