77744777777777777777777744444444444477777777777777                                      7777777    455555555555555554444
77777777777777777777777444444444444477777777777777                                      7777777    455555555555555544444
777777777777777777777774444444444444777777777777777                                    77777777    455555555555555444444
7777777777777777777777744444444444444777777777777777                                   77777777    455555555555555544444
77777777777777777777777444444444444447777777777777777                                   7777777    455555555555554444444
7777777777777777777777744444444444444477777777777777777                                77777777    455555555555554444444
 7777777777777777777774444444444444444777777777777777777                              777777777    455555555555554444444
 7777777777777777777774444444444444444777777777777777777                         7 777777777777    455555555555555444444
  7777777777777777777774444444444444447777777777777777777                    777777777777777777    555555555555544444444
   777777777777777777774444444444444447777777777777777777            77777777777777777777777777  77555555555555544444444
   7777777777777777777744444444444444477777777777777777777        777777777777777777777777777777 77555555555555544444444
    77777777777777777777444444444444444777777777777777777777      777777777777777777777777777777777555555555555444444444
    777777777777777777774444444444444447777777              444               777777755555544777774555555555554444444444
     77777777777777777774444444444444447 77                7745557    77777777777777688888888865446566555555554444444444
      7777777777777777774444444444444447 7                 74554564   57    77777775888888888888888666554555544444444444
      7777777777777777774444444444444447 7                 555555666  77777777777748888886688888888888554555544444444444
       777777777777777774444444444444447 7                 5566555665444455474444468888885444555568686544555544444444444
       777777777777777777444444444444477 7                  456555566555555654444488888888444444456655555555544444444444
        7777777777777777744444444444447777                  445655554555555556544588888888544444456555555555444444444444
         7777777777777777444444444444477777                  76666554445555445686688888888544444466555555555444444444444
         77777777777777777444444444447777 7                    758866555555446888888888888544444466555555555444444444444
          7777777777777777774444444447777 7                      6888655454448888888888888544444466655555555444444444444
           777777777777777774444444447777 7                      5886445555458888888888888577744466655555555444444444444
           777777777777777774444444447777 7                       77       775688888888888886577765555555555544444444444
            77777777777777744444444447777 7                                    46888888888888885765565555555554444444444
            77777777777777744444444447777 7                                      688888888888888865556555555544444444444
             7777777777777474444444447777                                         46888888888888888656655555554444444444
              777777777777744444444447777777                                         77777568888888886655555555444444444
              7777777777777444444444477777777777777777                                      7456888886655555554444444444
               777777777777444444444477777777777777777777777777                     7777777 7758888886655555555444444444
                77777777777444444444444477777777777777777777777                    7777777775888888656555555555444444444
                77777777777444444444444477777777777777777777777777777777777777777777777777758888886555555555555444444444
                 7777777777444444444447777777777777777777777777777777777777777777777777777488888545555555555555444444444
                 7777777777444444447777777777777777777777777777777777777777777777777777775888864745555555555555444444444
                  777777774444447777777777777777777777777777777777777777777777777777777748888577745566655555555544444444
                   77777744444777777777777777777777777777777777777777777777777777777777446884444456666866655555544444444
                   77777744777777777777777777777777777777777777777777777777777777777774444554555666666666665555544444444
                    7777477777777777777777777777777777777777777777777777777777777777774444455555566666666665555554444444
              7777  7774777777777777777777777777777777777777777777777777777777777777777744445564465566666655555554444444
              7777777777777777777777777777777777777777777777777777777777777777777777777777444555555566666655555554444444
          77777777777777777777777777777777777777777777777777777777777777777777777777777777744555565466666655555555444444
          7777777777777777777       777777777777777777777777777777777777777777777777777777774455565688886665555555544444
