77744777777777777777777744444444444777777777777                                           77777    455555555555555444444
777777777777777777777777444444444444777777777777                                         777777    455555555555554444444
7777777777777777777777774444444444447777777777777                                        777777    455555555555554444444
77777777777777777777777744444444444477777777777777                                       777777    455555555555554444444
77777777777777777777777744444444444447777777777777                                       777777    455555555555444444444
77777777777777777777777444444444444447777777777777                                       777777    455555555555544444444
 77777777777777777777774444444444444477777777777777                                     7777777    455555555555544444444
 7777777777777777777777744444444444447777777777777                                      7777777    455555555555444444444
  77777777777777777777774444444444444777777777777                  777777      777      777777     555555555554444444444
   7777777777777777777774444444444444777777777777                 777777777777777777    777777     555555555554444444444
   7777777777777777777774444444444444477777777777                777777777777777777777777777777    555555555554444444444
    7777777777777777777744444444444444777777777774447           77777777777777777777777777777777777555555555554444444444
    7777777777777777777774444444444444777777    7444547            77777777                 7777774555555555544444444444
     77777777777777777777444444444444477        745545657         777777777777777777747777777777746555555555544444444444
      7777777777777777777444444444444477 7       455555665        77775477   7777756888888886665556666554555544444444444
      7777777777777777777444444444444477 7       75655556654445544777747777777468888888888888888888886554555544444444444
       777777777777777777774444444444777 7        4565555555555556544444444456888888888668888888888886544555544444444444
        77777777777777777774444444444777 7         456655444555555556544444688888888864444444444756655555555544444444444
        77777777777777777777444444444777 7         756666554455554458886568888888888544444477777756555555555444444444444
         7777777777777777777444444447777             7568886555547488888888888888885444444447777756555555555444444444444
         7777777777777777777744444447777               78888655544588888888888888854444444444477756555555555444444444444
          777777777777777777744444447777                7586444445588888888888886777777774744444466555555555444444444444
           77777777777777777744444447777  7               7        74688888888888547777774774444466555555555444444444444
           77777777777777777744444447777  7                           68888888888886477774777777466555555555544444444444
            7777777777777777744444447777                               6888888888888857 77 77777765555555555454444444444
            77777777777777774444444477777                               4688888888888884    7777765555555555544444444444
             7777777777777777444444477777                                    746888888885      7765555555555554444444444
              77777777777777744444447777777                                      458888885777777745555555555554444444444
              777777777777774444444477777777777                                     468885       75555555555554444444444
               777777777777744444444777777777777777                                 768884777    75555555555555444444444
                777777777777444444444447777777777777777                             488884777    45555555555555444444444
                77777777777744444444444777777777777777777777777777777777           7588885777    45555555555555544444444
                 7777777777444444444477777777777777777777777777777777777777777777777588884777777745555555555555444444444
                  777777777444444477777777777777777777777777777777777777777777777777488884444777745555555555555544444444
                  777777777444477777777777777777777777777777777777777777777777777777768884444777445565655555555544444444
                   77777774447777777777777777777777777777777777777777777777777777777758884444444456666666655555554444444
                   77777744777777777777777777777777777777777777777777777777777777777748884444555666666666665555555444444
                    7777477777777777777777777777777777777777777777777777777777777777775565444555566666666665555555444444
                     777777777777777777777777777777777777777777777777777777777777777774445555564565566666655555555544444
                 777 777777777777777777777777777777777777777777777777777777777777777774445544554565566666655555555544444
               7777777777777777       777777777777777777 7   77777777777777777777777777447444555565466666655555555544444
              77777777777               7777777777777        77777777777777777777777777777744455566688886665555555554444
