777447777777777777777777744444444447777777777777                                         777777    755555555555555554444
7777777777777777777777777444444444447777777777777                                        777777    455555555555555554444
7777777777777777777777777444444444447777777777777                                        777777    455555555555555554444
77777777777777777777777774444444444477777777777777                                       777777    455555555555555544444
777777777777777777777777444444444444477777777777777                                      777777    455555555555555544444
7777777777777777777777774444444444444777777777777777                                     777777    455555555555555554444
 777777777777777777777774444444444444777777777777777                                    7777777    455555555555555445444
 7777777777777777777777744444444444447777777777777777                                  77777777    455555555555555444444
  777777777777777777777744444444444447777777777777777                         77777777777777777    555555555555554444444
   777777777777777777777744444444444447777777777777777                      7777777777777777777  77555555555555554444444
   777777777777777777777744444444444447777777777777777               777777777777777777777777777777555555555555545444444
    77777777777777777777744444444444447777777777777777             77777777777777777777777777777774555555555555545444444
    7777777777777777777774444444444444777777                7447               77777756655544777774555555555555544444444
     77777777777777777777444444444444477                    77455     7  77777777777688888888865446566555555555544444444
      7777777777777777777744444444444777 7                 74455557   57      777775888888888888888666554555554444444444
      7777777777777777777444444444444777 7                 656555565  7  77777777748888885688888888886554555555444444444
       777777777777777777744444444444777 7                 5656555564444444477444468888886444555568686544555555444444444
       777777777777777777774444444444777 7                  556555566655555654444488888888544444456665555555554444444444
        77777777777777777774444444444777 7                  445665555555555556544488888888644444456655555555544444444444
         7777777777777777777444444447777                    746666554445555555686688888888844444466655555555554444444444
         7777777777777777777444444447777  7                   7568665545555445888888888888844444466655555555544444444444
          777777777777777777744444447777  7                      5888655555446888888888888844444466655555555544444444444
           77777777777777777744444447777  7                      5888555555448888888888888647744466655555555554444444444
           77777777777777777744444447777  7                       457    77774688888888888886547766665555555554444444444
            77777777777777777444444477777                                       5888888888888886465665555555554444444444
            77777777777777774444444477777                                        768888888888888886566555555554444444444
             7777777777777777444444477777                                          4688888888888888866655555555444444444
              77777777777777744444447777777                                           7777458888888886665555555444444444
              77777777777777744444447777777777777                                           7458888888665555555544444444
               7777777777777744444444777777777777777                                    7 7   75888888665555555444444444
                777777777777444444444447777777777777777                               7777777588888866655555555544444444
                777777777777444444444447777777777777777777777777777777777            77777776888888655555555555544444444
                 7777777777744444444477777777777777777777777777777777777777777777777777777768888865555555555555444444444
                  777777777444444477777777777777777777777777777777777777777777777777777774688885445555555555555444444444
                  777777777444477777777777777777777777777777777777777777777777777777777746888647745556555555555544444444
                   77777774447777777777777777777777777777777777777777777777777777777777745885444456666666555555544444444
                   77777744777777777777777777777777777777777777777777777777777777777774444554555666666666665555544444444
                    7777477777777777777777777777777777777777777777777777777777777777777444454555566666666665555544444444
                 7  7777777777777777777777777777777777777777777777777777777777777777777774445564455566666655555554444444
               77777 777777777777777777777777777777777777777777777777777777777777777777777744564555566666655555554444444
              777777777777777777     777777777777777777777 7777777777777777777777777777777777555555466666655555554444444
              7777777777777            777777777777777       77777777777777777777777777777777455565688886655555555544444
