77744777777777777777777774444444444777777777777                                           77777    455555555555544444444
7777777777777777777777774444444444447777777777777                                        777777    455555555555544444444
7777777777777777777777777444444444447777777777777                                        777777    455555555555544444444
7777777777777777777777777444444444447777777777777                                       7777777    455555555555444444444
77777777777777777777777744444444444477777777777777                                      7777777    455555555555444444444
777777777777777777777777444444444444477777777777777                                    77777777    455555555555444444444
 77777777777777777777777444444444444477777777777777                                  7777777777    455555555554444444444
 7777777777777777777777744444444444447777777777777                                  77777777777    455555555554444444444
  777777777777777777777774444444444447777777777777                     7777777     777777777777    555555555554444444444
   7777777777777777777777444444444444777777777777                    77777777777777777777777777    555555555554444444444
   7777777777777777777777444444444444777777777777                  7777777777777777777777777777  77555555555544444444444
    777777777777777777777444444444444777777777777     7747        777777777777777777777777777777777555555555544444444444
    7777777777777777777777444444444447777777          77454              77777      744477777777774555555555544444444444
     77777777777777777777744444444444777              7754457        777777777777774688888886654746566555555544444444444
      7777777777777777777744444444444777 7            755555557      754777777777758888888888888868666554555544444444444
      7777777777777777777744444444444777 7            556555566    77777777777774688888868888888888886554555444444444444
       777777777777777777774444444444777 7            765654456665555554444444448888888544455555568886544555444444444444
        77777777777777777774444444444777 7             74565555455555556544444468888888544444447756655555555444444444444
        77777777777777777777444444447777 7              4456655444555555565444688888888544444444756555555555444444444444
         7777777777777777777444444447777                 466666554555554568865888888888444444444456555555555444444444444
         7777777777777777777744444447777                   7568885555544588888888888886444444444466555555555444444444444
          777777777777777777744444447777                     58886655444688888888888884774744444466555555555444444444444
           77777777777777777744444447777                      5657744444888888888888885474774444466555555555444444444444
           77777777777777777744444447777                                 45888888888888886477774466555555555444444444444
            7777777777777777744444447777                                   768888888888888865777765655555555444444444444
             7777777777777777444444477777                                    5888888888888888857765555555555544444444444
             7777777777777777444444477777                                     756866668888888888565555555555544444444444
              77777777777777744444447777777                                           7456888888855555555555544444444444
              777777777777777444444477777777777                                            48888645555555555554444444444
               777777777777744444444777777777777777                                      7588886775555555555554444444444
                777777777777744444444447777777777777777                              77775888887 45555555555555444444444
                7777777777774444444444477777777777777777777777777777777            777777888884  45555555555554444444444
                 7777777777744444444777777777777777777777777777777777777777777777777777758888477745555555555555444444444
                  777777777444444477777777777777777777777777777777777777777777777777777488885777745555555555555444444444
                  777777777444477777777777777777777777777777777777777777777777777777777588854777745565655555555544444444
                   77777774447777777777777777777777777777777777777777777777777777777777568844444456666666655555554444444
                   77777744777777777777777777777777777777777777777777777777777777777774445544455666666666665555554444444
                    7777477777777777777777777777777777777777777777777777777777777777774444555555566666666665555554444444
                     777777777777777777777777777777777777777777777777777777777777777777444444564465566666655555555444444
                 777 777777777777777777777777777777777777777777777777777777777777777777777744554555566666655555555444444
               7777777777777777       7777777777777777       77777777777777777777777777777774555555466666655555555544444
              77777777777                7 77  7 77          77777777777777777777777777777774455565688866665555555554444
