777447777777777777777777744444444447777777777777                                         777777    455555555555555554444
7777777777777777777777777744444444447777777777777                                        777777    455555555555555544444
7777777777777777777777777444444444447777777777777                                        777777    455555555555555444444
77777777777777777777777774444444444477777777777777                                       777777    455555555555555444444
777777777777777777777777444444444444777777777777777                                      777777    455555555555554444444
777777777777777777777777444444444444477777777777777                                     7777777    455555555555554444444
 777777777777777777777774444444444444777777777777777                                   77777777    455555555555554444444
 777777777777777777777774444444444444777777777777777                                   77777777    455555555555555444444
  77777777777777777777774444444444444777777777777777                         7777    7777777777    555555555555544444444
   7777777777777777777777444444444444777777777777777 7                 777777777777777777777777   7555555555555544444444
   7777777777777777777777444444444444777777777777777               7777777777777777777777777777  77555555555555544444444
    77777777777777777777744444444444477777777777777777            777777777777777777777777777777777555555555555444444444
    7777777777777777777777444444444444777777             7447                77     745444477777774555555555554444444444
     77777777777777777777444444444444777                 774555       77777777777774688888888665446566555555554444444444
      7777777777777777777744444444444777 7               74554567     54    77777776888888888888888666554555554444444444
      7777777777777777777744444444444777 7               455555665    77777777777468888866888888888888554555544444444444
       777777777777777777774444444444777 7               456555566544444447444444688888854445555568886544555554444444444
        77777777777777777774444444444777 7                75655556655555564444445888888864444444456655555555554444444444
        77777777777777777777444444444777 7                74565554455555555654446888888885444444456655555555544444444444
         7777777777777777777744444447777                   7666655444555555586558888888885444444456655555555544444444444
         7777777777777777777744444447777                     45866555555544688888888888885444444466655555555544444444444
          777777777777777777744444447777                       688865545444888888888888864744444466655555555544444444444
           77777777777777777744444447777  7                    568855555445888888888888864777444466655555555544444444444
           77777777777777777744444447777  7                     74      777568888888888888854777466655555555554444444444
            7777777777777777744444447777                                     7588888888888888647766665555555554444444444
            77777777777777777444444477777                                      48888888888888886565566555555554444444444
             7777777777777777444444477777                                       7588888888888888886556555555554444444444
              77777777777777744444447777777                                         777745888888888656655555555444444444
              7777777777777774444444777777777777                                           75588888855655555554444444444
               7777777777777744444447777777777777777                                        7588888656555555555444444444
                77777777777774444444444777777777777777                                7777748888886555555555555444444444
                777777777777444444444447777777777777777777777777777777777           777777488888645555555555555544444444
                 7777777777744444444477777777777777777777777777777777777777777777777777777688886745555555555555444444444
                  777777777444444777777777777777777777777777777777777777777777777777777776888847745555555555555444444444
                  777777777444477777777777777777777777777777777777777777777777777777777758886477745566655555555544444444
                   77777774447777777777777777777777777777777777777777777777777777777777468864444456666666655555544444444
                   77777744777777777777777777777777777777777777777777777777777777777774445654555666666666665555544444444
                    7777477777777777777777777777777777777777777777777777777777777777774444554555566666666665555554444444
                     777777777777777777777777777777777777777777777777777777777777777777444445564465566666655555554444444
               77777 777777777777777777777777777777777777777777777777777777777777777777777744564555566666655555554444444
              77777777777777777       777777777777777777 7    7777777777777777777777777777777555555466666655555555444444
              777777777777                 7777777777        77777777777777777777777777777777455565688886665555555544444
