7774477777777777777777774444444444477777777777777                                        777777    455555555555555554444
77777777777777777777777744444444444477777777777777                                       777777    455555555555555554444
77777777777777777777777744444444444477777777777777                                      7777777    455555555555555544444
777777777777777777777777444444444444477777777777777                                     7777777    455555555555555544444
7777777777777777777777774444444444444777777777777777                                    7777777    455555555555555544444
7777777777777777777777744444444444444777777777777777                                    7777777    455555555555555554444
 77777777777777777777744444444444444477777777777777777                                  7777777    455555555555555445444
 7777777777777777777777444444444444444777777777777777777              7777           7 77777777    455555555555555444444
  777777777777777777777744444444444444777777777777777777            7777777       7777777777777    555555555555554444444
   777777777777777777777444444444444447777777777777777777         77777777777777777777777777777    555555555555554444444
   777777777777777777774444444444444447777777777777777777777     777777777777777777777777777777   7555555555555545444444
    77777777777777777777444444444444447777777777777777777777    77777777777777777777777777777777777555555555555544444444
    77777777777777777777444444444444447777777     7444              7777777               777777774555555555555544444444
     77777777777777777774444444444444477 77       74456664          7777777777777777566555544477746555555555555444444444
      7777777777777777774444444444444477 7        745555665          754777777777468888888888886556666554555554444444444
      7777777777777777774444444444444477 7         555556665  7777777747777777468888888888888888888886554555554444444444
       777777777777777777444444444444477 7         756555666555555647444444446888888886456668886688886544555554444444444
       777777777777777777444444444444477 7          55555555555555556544444588888888864444477777756555555555554444444444
        77777777777777777744444444444777 7          45666554445555545888866888888888644444477777756555555555544444444444
         7777777777777777774444444444777 77          7568665555555446888888888888888444444444777756555555555444444444444
         7777777777777777774444444444777  7             4888665554448888888888888864444444444444456555555555444444444444
          777777777777777777444444444777  7             4888866555558888888888888677777774744444466555555555444444444444
           77777777777777777444444444777  7               464     777468888888888865477774777444466555555555444444444444
           777777777777777774444444477777 7                            5888888888888864777777777465555555555444444444444
            77777777777777774444444477777 7                             588888888888888647 77777765555555555444444444444
            77777777777777774444444477777 7                              758888888888888867   77765555555555544444444444
             7777777777777774444444477777                                    777458888888884   7765555555555554444444444
              777777777777774444444477777777                                       7456888867 77745555555555444444444444
              77777777777777444444447777777777777777                                   68885     75555555555544444444444
               777777777777744444444477777777777777777     77                         5888847    75555555555545444444444
                7777777777774444444444447777777777777777777777                       78888877    75555555555555444444444
                7777777777774444444444477777777777777777777777777777777777      7777748888677    45555555555554444444444
                 7777777777444444444477777777777777777777777777777777777777777777777748888577777745555555555554444444444
                 7777777777444444477777777777777777777777777777777777777777777777777778888444777745555555555555444444444
                  777777774444447777777777777777777777777777777777777777777777777777776888444777745555555555555444444444
                   77777774447777777777777777777777777777777777777777777777777777777776888444444456666666555555544444444
                   77777744777777777777777777777777777777777777777777777777777777777776888444555666666666665555544444444
                    7777477777777777777777777777777777777777777777777777777777777777774445544555566666666665555544444444
                 7  7777777777777777777777777777777777777777777777777777777777777777774444555554455566666655555554444444
              777777 777777777777777777777777777777777777777777777777777777777777777774454444564555566666655555554444444
            777777777777777777777   777777777777777777777777777777777777777777777777777777744555555466666655555554444444
            7777777777777777         77777777777777777777777777777777777777777777777777777777455565688886655555555544444
