7774477777777777777777744444444444477777777777777                                       7777777    455555555555555544444
77777777777777777777777444444444444477777777777777                                      7777777    455555555555555444444
777777777777777777777774444444444444777777777777777                                     7777777    455555555555554444444
777777777777777777777774444444444444477777777777777                                    77777777    455555555555554444444
7777777777777777777777744444444444444777777777777777                                  777777777    455555555555544444444
777777777777777777777774444444444444477777777777777777                                777777777    455555555555544444444
 777777777777777777777444444444444444477777777777777777                              7777777777    455555555555544444444
 7777777777777777777777444444444444444777777777777777777               777777777    77777777777    455555555555544444444
  777777777777777777777444444444444444777777777777777777             777777777777 7777777777777    555555555555444444444
   77777777777777777777444444444444444777777777777777777           7777777777777777777777777777    555555555555444444444
   777777777777777777774444444444444447777777777777777777         77777777777777777777777777777   7555555555554444444444
    77777777777777777777444444444444444777777777777777777444     7777777777777777777777777777777777555555555554444444444
    777777777777777777774444444444444447777777          744554           77777777   774777777777774555555555544444444444
     77777777777777777774444444444444447 77             44545667     777777777777774688888886554746555555555544444444444
      7777777777777777774444444444444447 7              465555664    754777777777748888888888888868666554555544444444444
      7777777777777777774444444444444447 7              4565555667777747777777777588888868888888888886554555544444444444
       777777777777777777444444444444447 7               456555666555555544444445888888644555555568886444555444444444444
       777777777777777777444444444444477 7               446655545555555655444458888888644444444456555555555444444444444
        77777777777777777444444444444477 7               746665544455555556654488888888644444444456555555555444444444444
         7777777777777777744444444444777777                4588665455554446888888888888644444444456555555555444444444444
         77777777777777777444444444447777 7                  76888555554458888888888888544444444466555555555444444444444
          7777777777777777774444444447777 7                   6886665544488888888888886774744444466555555555444444444444
           777777777777777774444444447777 7                    657 77744588888888888886474777744466555555555444444444444
           777777777777777744444444447777 7                               4688888888888886577777466555555555444444444444
            77777777777777744444444447777 7                                 58888888888888886477765555555555444444444444
            77777777777777744444444447777 7                                  4688888888888888865765555555555544444444444
             7777777777777774444444447777                                      46888888888888888865555555555554444444444
              777777777777744444444447777777                                          7456888888885555555555554444444444
              777777777777774444444447777777777777777                                      76888865555555555554444444444
               7777777777777444444444777777777777777777 7  7777                      77777768888645555555555555444444444
                77777777777444444444444477777777777777777777777                    7777777688886745555555555555444444444
                77777777777744444444444477777777777777777777777777777777777 77777777777775888867 45555555555555444444444
                 7777777777444444444477777777777777777777777777777777777777777777777777748888677745555555555555444444444
                 7777777777444444477777777777777777777777777777777777777777777777777777758886777745555555555555444444444
                  777777774444447777777777777777777777777777777777777777777777777777777488864777745566655555555544444444
                   77777744444777777777777777777777777777777777777777777777777777777777568844444456666666655555544444444
                   77777744777777777777777777777777777777777777777777777777777777777774445644555666666666665555544444444
                    7777477777777777777777777777777777777777777777777777777777777777774444555555566666666665555554444444
               777  7777777777777777777777777777777777777777777777777777777777777777774444445565465566666655555554444444
              777777 777777777777777777777777777777777777777777777777777777777777777777777444555565566666655555555444444
            777777777777777777777777777777777777777777777777777777777777777777777777777777744555565466666655555555544444
            7777777777777777         77777777777777777777777777777777777777777777777777777774455565688886665555555554444
