7774477777777777777777777444444444477777777777                                           777777    455555555555444444444
7777777777777777777777777444444444447777777777777                                        777777    455555555555444444444
7777777777777777777777777444444444447777777777777                                       7777777    455555555555544444444
77777777777777777777777744444444444477777777777777                                      7777777    455555555555444444444
777777777777777777777777444444444444777777777777777                                     7777777    455555555554444444444
7777777777777777777777774444444444444777777777777777                                   77777777    455555555555444444444
 77777777777777777777777444444444444477777777777777                                   777777777    455555555554444444444
 777777777777777777777774444444444444777777777777777                                 7777777777    455555555544444444444
  7777777777777777777777444444444444477777777777777                         7777    77777777777    555555555544444444444
   7777777777777777777777444444444444777777777777777                  7777777777777777777777777   7555555555544444444444
   7777777777777777777777444444444444777777777777777               7777777777777777777777777777  77555555555444444444444
    777777777777777777777444444444444777777777777777              777777777777777777777777777777777555555555444444444444
    7777777777777777777774444444444447777777            74547                       468866654777774555555555444444444444
     77777777777777777777444444444444777                774454        77777777777774888888888886546566555555544444444444
      7777777777777777777444444444444777 7               455555       54    77777748888888888888888666554455544444444444
      7777777777777777777744444444444777 7              456555565     77777777777488888865668888888886554455444444444444
       777777777777777777774444444444777 7              4656555565544455547444444688888864444444456665544455444444444444
        77777777777777777774444444444777 7               565654555555555565444444888888885444444456655555555444444444444
        77777777777777777774444444444777 7                54566555445555555654445888888885444444456655555555444444444444
         7777777777777777777444444447777                  44566665544555544588668888888885444444466655555555444444444444
         7777777777777777777744444447777                    466688885555544588888888888885444444466655555555444444444444
          777777777777777777744444447777  7                    768886555444688888888888884744444466655555555444444444444
           77777777777777777744444447777  7                      5865455555888888888888885477744466655555555444444444444
           77777777777777777744444447777  7                      757        46888888888888886477766655555555444444444444
            77777777777777777444444477777 7                                   768888888888888885765565555555444444444444
            77777777777777774444444477777                                       5888888888888888886556555555544444444444
             7777777777777777444444477777                                         45666668888888888656655555554444444444
              77777777777777744444447777777                                              7456888888866655555554444444444
              7777777777777774444444777777777777                                             768888866555555554444444444
               7777777777777444444444777777777777777                                       75888888556555555555444444444
                7777777777774444444444477777777777777777   7                        777777768888865555555555555444444444
                77777777777744444444444777777777777777777777777777777777           7777777588888445555555555555544444444
                 7777777777744444444477777777777777777777777777777777777777777777777777775888857745555555555555544444444
                  777777777444444477777777777777777777777777777777777777777777777777777758888477745555555555555544444444
                  777777774444477777777777777777777777777777777777777777777777777777777768884777745565655555555554444444
                   77777774447777777777777777777777777777777777777777777777777777777774445654444456666666655555554444444
                   77777744777777777777777777777777777777777777777777777777777777777774444554555666666666665555555444444
                    7777477777777777777777777777777777777777777777777777777777777777777444445565566666666665555555444444
                    7777777777777777777777777777777777777777777777777777777777777777777777444554465566666665555555544444
               77777 777777777777777777777777777777777777777777777777777777777777777777777744555555566666665555555444444
              77777777777777777      777777777777777777  7 7777777777777777777777777777777744555565466666665555555544444
              777777777777              777777777777       7777777777777777777777777777777774455566688886665555555554444
