7774477777777777777777774444444444447777777777777                                        777777    455555555555554444444
77777777777777777777777744444444444477777777777777                                       777777    455555555555554444444
77777777777777777777777444444444444477777777777777                                      7777777    455555555555554444444
777777777777777777777777444444444444477777777777777                                     7777777    455555555555544444444
7777777777777777777777744444444444444777777777777777                                    7777777    455555555555444444444
77777777777777777777777444444444444447777777777777777                                   7777777    455555555555444444444
 77777777777777777777744444444444444477777777777777777                                  7777777    455555555555544444444
 777777777777777777777744444444444444477777777777777777                                77777777    455555555555444444444
  77777777777777777777774444444444444477777777777777777                        7777777777777777    555555555554444444444
   7777777777777777777774444444444444477777777777777777                      777777777777777777   7555555555554444444444
   7777777777777777777744444444444444477777777777777777             7 77777777777777777777777777 77555555555544444444444
    777777777777777777774444444444444477777777777777777            77777777777777777777777777777777555555555544444444444
    77777777777777777777444444444444447777777                747                    755555544777774555555555544444444444
     77777777777777777777444444444444477 7                   74557    7     77777777688888888865446566555555544444444444
      7777777777777777774444444444444477 7                   445454   57       77774888888888888888666554555544444444444
      7777777777777777777444444444444477 7                  655555564      777777776888886688888888888554555544444444444
       777777777777777777444444444444777 7                  665655556444444447444448888888444555568686444555444444444444
        77777777777777777744444444444777 7                  765655556665555555444458888888844444456655555555444444444444
        77777777777777777774444444444777 7                   44566555455555555565458888888864444456655555555444444444444
         7777777777777777774444444444777 7                   74466655444555554558668888888884444466655555555444444444444
         7777777777777777777444444444777  7                    766686654555544468888888888884444466655555555444444444444
          777777777777777777444444447777  7                       768886554544588888888888884444466655555555444444444444
           77777777777777777444444444777                           58865555544688888888888885474466655555555444444444444
           777777777777777774444444477777 7                         54     777466888888888888865465565555555544444444444
            77777777777777774444444477777 7                                      468888888888888886566555555554444444444
            77777777777777774444444477777 7                                        5888888888888888866655555544444444444
             7777777777777777444444477777                                           468888888888888888665555554444444444
              777777777777777444444477777777                                           777744688888888866555554444444444
              7777777777777744444444477777777777777                                           75688888886555554444444444
               777777777777744444444477777777777777777                                         4688888865555555444444444
                77777777777444444444444477777777777777777 7777                       77777777488888888665555555444444444
                777777777774444444444444777777777777777777777777777777777          7777777775888888866555555555444444444
                 7777777777444444444477777777777777777777777777777777777777777777777777777468888866555555555555444444444
                 7777777777444444477777777777777777777777777777777777777777777777777777775888865745555555555555444444444
                  777777774444447777777777777777777777777777777777777777777777777777777745888577745566655555555544444444
                   77777774447777777777777777777777777777777777777777777777777777777774444564444456666866655555554444444
                   77777744777777777777777777777777777777777777777777777777777777777777444454455666666666665555544444444
                    7777477777777777777777777777777777777777777777777777777777777777777774445555566666666665555554444444
                 7  7777777777777777777777777777777777777777777777777777777777777777777777744565465566666665555554444444
               77777 777777777777777777777777777777777777777777777777777777777777777777777744555555566666655555555444444
             777777777777777777777  777777777777777777777777777777777777777777777777777777744555565466666655555555544444
             77777777777777           77777777777777777777 7777777777777777777777777777777774455565688886665555555554444
