77744777777777777777777444444444444477777777777777                                     77777777    455555555555555444444
777777777777777777777774444444444444777777777777777                                     7777777    455555555555555444444
777777777777777777777774444444444444477777777777777                                    77777777    455555555555554444444
7777777777777777777777444444444444444777777777777777                                   77777777    455555555555554444444
7777777777777777777777744444444444444777777777777777                                  777777777    455555555555544444444
7777777777777777777777444444444444444477777777777777777                               777777777    455555555555544444444
 7777777777777777777774444444444444444777777777777777777                             7777777777    455555555555544444444
 7777777777777777777774444444444444444777777777777777777              7777          77777777777    455555555555444444444
  777777777777777777777444444444444444777777777777777777             7777777777    777777777777    555555555554444444444
   777777777777777777774444444444444447777777777777777777         77777777777777777777777777777    555555555554444444444
   77777777777777777777444444444444444477777777777777777777       77777777777777777777777777777  77555555555554444444444
    77777777777777777774444444444444444777777777777777777777     7777777777777777777777777777777777555555555544444444444
    777777777777777777774444444444444447777777        74454              77777      755554447777774555555555544444444444
     77777777777777777744444444444444447 77           7445557        777777777777775888888888865446555555555544444444444
      7777777777777777774444444444444447 7             45555647      754777777777768888888888888888666554555544444444444
      7777777777777777744444444444444447 7             665555667   77747777777774688888856888888888888554555444444444444
       777777777777777777444444444444477 7             65655556665555555444444448888888644444555568686444555444444444444
       777777777777777777444444444444477 7              5565555555555555554444468888888644444447756555555555444444444444
        77777777777777777444444444444477 7              4456655544555555556654588888888644444444456555555555444444444444
         7777777777777777444444444444477777              466666554555554468888888888888544444444456555555555444444444444
         77777777777777777444444444447777 7                4568886555544588888888888886444444444466555555554444444444444
          7777777777777777744444444447777 7                  48886665544688888888888884774744444466555555555444444444444
           777777777777777744444444447777 7                   4864777444568888888888886654777744466555555555444444444444
           777777777777777744444444447777 7                    7          7588888888888888647777766555555555444444444444
            77777777777777744444444447777 7                                 48888888888888886577765555555555444444444444
            77777777777777744444444447777 7                                  7688888888888888885765555555555544444444444
             7777777777777444444444447777                                      74454456888888888665555555555544444444444
              777777777777744444444447777777                                            45568888865555555555544444444444
              7777777777777444444444477777777777777777      7                              48888645555555555554444444444
               77777777777744444444447777777777777777777777777                       77777688886775555555555555444444444
                77777777777444444444444477777777777777777777777                  777777775888887 45555555555555444444444
                77777777777444444444444477777777777777777777777777777777777 7777777777777888884  45555555555554444444444
                 7777777777444444444477777777777777777777777777777777777777777777777777758888477745555555555555444444444
                 7777777774444444447777777777777777777777777777777777777777777777777777468885777745555555555555444444444
                  777777774444447777777777777777777777777777777777777777777777777777777488864777745566655555555544444444
                   77777744444777777777777777777777777777777777777777777777777777777777568844444456666666655555554444444
                   77777744777777777777777777777777777777777777777777777777777777777774445544555666666666665555554444444
                    7777477777777777777777777777777777777777777777777777777777777777774444555555566666666665555554444444
               777  7774777777777777777777777777777777777777777777777777777777777777777444444565465566666655555555444444
             77777777777777777777777777777777777777777777777777777777777777777777777777777444555565566666655555555444444
            777777777777777777777777777777777777777777777777777777777777777777777777777777444555565466666655555555544444
          7 77777777777777777        77777777777777777777777777777777777777777777777777777744455566688886665555555554444
