77744777777777777777777774444444444777777777777                                            7777    455555555555555554444
777777777777777777777777774444444444777777777777                                          77777    455555555555555544444
7777777777777777777777777444444444447777777777777                                        777777    455555555555555444444
7777777777777777777777777444444444447777777777777                                         77777    455555555555554444444
7777777777777777777777774444444444447777777777777                                       7777777    455555555555554444444
777777777777777777777777444444444444477777777777777                                     7777777    455555555555544444444
 77777777777777777777777444444444444477777777777777                                    77777777    455555555555554444444
 7777777777777777777777744444444444447777777777777                                   7777777777    455555555555544444444
  7777777777777777777777444444444444477777777777777                         777777  77777777777    555555555555444444444
   777777777777777777777744444444444477777777777777                   7777777777777777777777777   7555555555555544444444
   77777777777777777777774444444444447777777777777                  777777777777777777777777777  77555555555555444444444
    7777777777777777777774444444444447777777777777        747      77777777777777777777777777777777555555555554444444444
    7777777777777777777777444444444447777777             774554             7777777 755555447777774555555555554444444444
     77777777777777777777744444444444777                 77454567     77777777777774888888888865446566555555554444444444
      7777777777777777777744444444444777 7               755555665    54777777777748888888888888888666554555544444444444
      7777777777777777777744444444444777 7               4565555667  747777777777488888866888888888888554555544444444444
       777777777777777777774444444444777 7                45655556655555554444444688888854445555568686544555554444444444
        77777777777777777774444444444777 7                74565555555555565544445888888864444444456655555555554444444444
        77777777777777777777444444447777 7                 4556554445555555665446888888885444444456655555555544444444444
         7777777777777777777444444447777                    756665544555544588888888888885444444456655555555444444444444
         7777777777777777777744444447777                      7688865555544688888888888864444444466655555555444444444444
          777777777777777777744444447777                       688866554445888888888888854744444466655555555544444444444
           77777777777777777744444447777  7                     56477774445888888888888854777744466655555555544444444444
           77777777777777777744444447777  7                                746888888888888654777766655555555544444444444
            7777777777777777744444447777                                      588888888888888647765665555555554444444444
            77777777777777777444444477777                                      46888888888888886465565555555544444444444
             7777777777777777444444477777                                        468888888888888886556555555554444444444
              77777777777777744444447777777                                            775688888888656555555554444444444
              7777777777777774444444777777777777                                           74588888856555555554444444444
               777777777777774444444777777777777777                                         4688888556555555555444444444
                7777777777777444444444477777777777777777                             77777758888865555555555555444444444
                77777777777744444444444777777777777777777777777777777777            777777588888545555555555555444444444
                 7777777777744444444477777777777777777777777777777777777777777777777777774888885745555555555555444444444
                  777777777444444477777777777777777777777777777777777777777777777777777746888677745555555555555444444444
                  777777774444477777777777777777777777777777777777777777777777777777777768886777745566655555555544444444
                   77777774447777777777777777777777777777777777777777777777777777777777468864444456666666655555544444444
                   77777744777777777777777777777777777777777777777777777777777777777774445644555666666666665555544444444
                    7777477777777777777777777777777777777777777777777777777777777777774444555555566666666665555554444444
                     777777777777777777777777777777777777777777777777777777777777777777444445564465566666655555554444444
               77777 777777777777777777777777777777777777777777777777777777777777777777777744554555566666655555554444444
              77777777777777777      777777777777777777777   77777777777777777777777777777777555555466666655555555544444
              777777777777              777777 77777          7777777777777777777777777777777455565688886665555555554444
